>NWGAGCHVAGDN	4-NWGAGCHVAGDN,BestGuess:MAC1/Literature(Harbison)/Yeast(0.722)	5.237911	-18.022907	0	T:32.0(1.33%),B:2.4(0.10%),P:1e-7
0.256	0.200	0.270	0.274
0.383	0.137	0.228	0.253
0.232	0.177	0.413	0.178
0.646	0.042	0.135	0.177
0.186	0.147	0.541	0.126
0.237	0.443	0.163	0.156
0.283	0.356	0.098	0.263
0.250	0.214	0.351	0.185
0.610	0.067	0.140	0.183
0.223	0.155	0.421	0.202
0.349	0.186	0.211	0.254
0.270	0.214	0.210	0.306
