>ATATATAATATA	8-ATATATAATATA	9.521570	-8.707578	0	T:47.0(1.96%),B:19.7(0.78%),P:1e-3
0.924	0.001	0.055	0.020
0.001	0.074	0.018	0.907
0.909	0.055	0.018	0.018
0.075	0.018	0.018	0.889
0.683	0.037	0.092	0.188
0.114	0.018	0.018	0.850
0.568	0.111	0.093	0.228
0.730	0.001	0.001	0.268
0.227	0.038	0.055	0.680
0.864	0.001	0.001	0.134
0.129	0.037	0.055	0.779
0.907	0.001	0.073	0.019
