>HGSATCACYTGA	6-HGSATCACYTGA	8.653718	-13.740148	0	T:62.0(2.59%),B:21.1(0.84%),P:1e-5
0.264	0.397	0.001	0.338
0.289	0.012	0.591	0.108
0.059	0.421	0.519	0.001
0.977	0.011	0.011	0.001
0.001	0.001	0.192	0.806
0.001	0.613	0.001	0.385
0.802	0.002	0.194	0.002
0.011	0.885	0.001	0.103
0.001	0.529	0.001	0.469
0.192	0.001	0.001	0.806
0.095	0.001	0.903	0.001
0.901	0.096	0.002	0.001
