>NDVCCAGSMTKK	5-NDVCCAGSMTKK	5.687458	-24.591602	0	T:109.0(13.83%),B:29.6(4.19%),P:1e-10
0.345	0.201	0.212	0.242
0.319	0.158	0.279	0.244
0.302	0.302	0.256	0.141
0.164	0.497	0.164	0.175
0.196	0.583	0.072	0.149
0.609	0.017	0.012	0.362
0.376	0.014	0.593	0.017
0.008	0.503	0.488	0.001
0.391	0.486	0.014	0.109
0.209	0.124	0.092	0.575
0.241	0.026	0.426	0.307
0.158	0.175	0.386	0.281
