>GTAATCYCAGCW	2-GTAATCYCAGCW	7.062734	-44.735229	0	T:153.0(19.42%),B:31.7(4.48%),P:1e-19
0.282	0.042	0.519	0.157
0.045	0.285	0.028	0.642
0.561	0.112	0.111	0.216
0.556	0.014	0.129	0.301
0.213	0.029	0.057	0.701
0.242	0.514	0.001	0.243
0.056	0.466	0.029	0.448
0.001	0.725	0.001	0.273
0.815	0.001	0.127	0.057
0.042	0.056	0.888	0.014
0.014	0.715	0.014	0.257
0.488	0.070	0.001	0.441
