>GGGAGGYRGAGG	1-CCTCYRCCTCCC	8.382050	-48.050228	0	T:144.0(18.27%),B:24.9(3.52%),P:1e-20
0.243	0.001	0.692	0.064
0.065	0.001	0.913	0.021
0.128	0.001	0.870	0.001
0.845	0.021	0.001	0.133
0.236	0.001	0.697	0.066
0.149	0.001	0.849	0.001
0.128	0.353	0.194	0.325
0.383	0.089	0.327	0.201
0.215	0.047	0.632	0.106
0.574	0.106	0.257	0.063
0.325	0.022	0.546	0.107
0.113	0.045	0.716	0.126
