>CCTCYRCCTCCC	1-CCTCYRCCTCCC,BestGuess:GCR2/MA0305.1/Jaspar(0.685)	8.382050	-48.050228	0	T:144.0(18.27%),B:24.9(3.52%),P:1e-20
0.126	0.716	0.045	0.113
0.107	0.546	0.022	0.325
0.063	0.257	0.106	0.574
0.106	0.632	0.047	0.215
0.201	0.327	0.089	0.383
0.325	0.194	0.353	0.128
0.001	0.849	0.001	0.149
0.066	0.697	0.001	0.236
0.133	0.001	0.021	0.845
0.001	0.870	0.001	0.128
0.021	0.913	0.001	0.065
0.064	0.692	0.001	0.243
