>AAACTCCGTCTC	7-AAACTCCGTCTC	7.834514	-17.391684	0	T:26.0(2.89%),B:1.0(0.11%),P:1e-7
0.538	0.145	0.140	0.177
0.565	0.133	0.157	0.145
0.593	0.167	0.091	0.149
0.149	0.579	0.113	0.159
0.155	0.125	0.061	0.659
0.108	0.591	0.147	0.154
0.193	0.498	0.103	0.206
0.169	0.150	0.458	0.223
0.094	0.133	0.093	0.680
0.132	0.613	0.110	0.145
0.148	0.120	0.066	0.666
0.128	0.563	0.122	0.187
