>WHNCTGTAAHNN	4-WHNCTGTAAHNN	4.707527	-29.250190	0	T:52.0(5.78%),B:2.6(0.30%),P:1e-12
0.232	0.211	0.180	0.377
0.358	0.216	0.182	0.244
0.182	0.330	0.231	0.257
0.233	0.419	0.177	0.171
0.204	0.133	0.141	0.522
0.160	0.155	0.523	0.162
0.150	0.174	0.166	0.510
0.485	0.163	0.187	0.164
0.468	0.177	0.151	0.204
0.269	0.202	0.177	0.352
0.252	0.324	0.207	0.216
0.215	0.330	0.224	0.231
