>GKRAGCCAAGRT	5-AYCTTGGCTYMC	8.702577	-28.929676	0	T:55.0(6.12%),B:3.4(0.40%),P:1e-12
0.027	0.116	0.736	0.121
0.046	0.190	0.405	0.360
0.305	0.168	0.386	0.141
0.813	0.001	0.162	0.024
0.001	0.047	0.928	0.024
0.069	0.767	0.002	0.162
0.025	0.804	0.001	0.170
0.545	0.167	0.265	0.023
0.501	0.214	0.169	0.116
0.233	0.003	0.718	0.046
0.388	0.237	0.352	0.023
0.050	0.189	0.046	0.715
