>AAAGGAAAGGAA	5-AAAGGAAAGGAA	10.216064	-8.565675	0	T:31.0(1.91%),B:9.4(0.55%),P:1e-3
0.944	0.001	0.054	0.001
0.860	0.055	0.030	0.055
0.774	0.001	0.170	0.055
0.110	0.001	0.859	0.030
0.146	0.110	0.714	0.030
0.944	0.001	0.054	0.001
0.945	0.027	0.027	0.001
0.752	0.001	0.192	0.055
0.113	0.028	0.719	0.140
0.165	0.055	0.752	0.028
0.916	0.028	0.028	0.028
0.857	0.082	0.003	0.058
