>CCTCAGCCTCCY	2-CCTCAGCCTCCY,BestGuess:SeqBias: GA-repeat(0.638)	7.920838	-22.763362	0	T:150.0(9.22%),B:65.5(3.85%),P:1e-9
0.001	0.632	0.067	0.300
0.001	0.954	0.001	0.044
0.001	0.022	0.022	0.955
0.001	0.792	0.185	0.022
0.484	0.278	0.008	0.231
0.141	0.187	0.464	0.208
0.207	0.558	0.023	0.212
0.045	0.743	0.001	0.211
0.023	0.023	0.023	0.931
0.001	0.811	0.001	0.187
0.022	0.955	0.001	0.022
0.161	0.422	0.045	0.372
