>KTGYTGGG	1-KTGYTGGG	6.304988	-62.357536	0	T:217.0(29.25%),B:48.6(7.30%),P:1e-27	Tpos:35.7,Tstd:20.3,Bpos:37.0,Bstd:29.2,StrandBias:-0.4,Multiplicity:1.12
0.080	0.141	0.326	0.454
0.152	0.001	0.284	0.563
0.001	0.261	0.737	0.001
0.001	0.557	0.001	0.441
0.001	0.140	0.001	0.858
0.070	0.001	0.862	0.067
0.173	0.001	0.820	0.006
0.001	0.001	0.855	0.143
>YTGGGAKG	2-YTGGGAKG	5.823675	-57.836351	0	T:261.0(35.18%),B:78.0(11.72%),P:1e-25	Tpos:33.9,Tstd:19.5,Bpos:36.6,Bstd:28.2,StrandBias:0.1,Multiplicity:1.35
0.130	0.291	0.201	0.378
0.276	0.099	0.183	0.442
0.042	0.001	0.956	0.001
0.179	0.001	0.819	0.001
0.001	0.001	0.997	0.001
0.573	0.121	0.001	0.305
0.026	0.001	0.513	0.460
0.178	0.001	0.601	0.220
>CCATCACG	3-CCATCACG	5.405326	-39.017891	0	T:159.0(21.43%),B:40.8(6.13%),P:1e-16	Tpos:40.5,Tstd:20.0,Bpos:34.7,Bstd:24.4,StrandBias:-0.3,Multiplicity:1.08
0.188	0.607	0.053	0.152
0.018	0.794	0.161	0.027
0.858	0.027	0.044	0.071
0.099	0.305	0.018	0.578
0.027	0.919	0.027	0.027
0.766	0.037	0.107	0.090
0.037	0.732	0.027	0.204
0.018	0.136	0.756	0.090
>CTGGGCAC	4-CTGGGCAC	6.487739	-38.732105	0	T:118.0(15.90%),B:20.2(3.03%),P:1e-16	Tpos:37.1,Tstd:18.5,Bpos:43.8,Bstd:13.9,StrandBias:-0.2,Multiplicity:1.05
0.001	0.997	0.001	0.001
0.001	0.202	0.001	0.796
0.376	0.001	0.622	0.001
0.037	0.001	0.861	0.101
0.202	0.001	0.796	0.001
0.001	0.694	0.067	0.238
0.897	0.001	0.001	0.101
0.079	0.547	0.001	0.373
>GAGATCAG	5-GAGATCAG	6.127854	-33.434703	0	T:97.0(13.07%),B:15.6(2.35%),P:1e-14	Tpos:42.1,Tstd:19.7,Bpos:29.4,Bstd:15.9,StrandBias:0.6,Multiplicity:1.10
0.098	0.017	0.851	0.034
0.790	0.025	0.126	0.059
0.039	0.050	0.894	0.017
0.806	0.042	0.119	0.033
0.163	0.155	0.100	0.582
0.100	0.674	0.184	0.042
0.799	0.075	0.109	0.017
0.173	0.142	0.618	0.067
>TCATGCCT	6-TCATGCCT	6.788642	-22.502067	0	T:127.0(17.12%),B:42.1(6.32%),P:1e-9	Tpos:32.1,Tstd:17.6,Bpos:43.6,Bstd:26.8,StrandBias:-0.2,Multiplicity:1.10
0.104	0.168	0.001	0.727
0.026	0.947	0.001	0.026
0.819	0.057	0.001	0.123
0.052	0.145	0.001	0.802
0.001	0.026	0.947	0.026
0.001	0.868	0.130	0.001
0.001	0.947	0.001	0.051
0.077	0.001	0.001	0.921
>GTTCACGC	7-GTTCACGC	5.936299	-22.002132	0	T:103.0(13.88%),B:29.5(4.42%),P:1e-9	Tpos:31.0,Tstd:18.2,Bpos:37.5,Bstd:26.8,StrandBias:-0.5,Multiplicity:1.00
0.071	0.071	0.792	0.066
0.080	0.094	0.032	0.794
0.053	0.054	0.093	0.800
0.079	0.842	0.026	0.053
0.707	0.146	0.054	0.093
0.258	0.545	0.040	0.157
0.054	0.133	0.753	0.060
0.040	0.790	0.066	0.104
>GATCACGT	8-GATCACGT	6.848642	-18.600474	0	T:60.0(8.09%),B:11.8(1.78%),P:1e-8	Tpos:43.5,Tstd:17.4,Bpos:31.3,Bstd:38.1,StrandBias:0.1,Multiplicity:1.02
0.117	0.001	0.649	0.233
0.882	0.001	0.116	0.001
0.233	0.001	0.001	0.765
0.001	0.997	0.001	0.001
0.882	0.001	0.116	0.001
0.001	0.892	0.001	0.106
0.001	0.042	0.690	0.267
0.001	0.001	0.001	0.997
>GAGAAGTA	9-GAGAAGTA	6.531722	-17.830332	0	T:69.0(9.30%),B:16.9(2.54%),P:1e-7	Tpos:36.4,Tstd:18.4,Bpos:35.8,Bstd:20.6,StrandBias:-0.6,Multiplicity:1.06
0.001	0.001	0.971	0.027
0.971	0.001	0.027	0.001
0.045	0.001	0.953	0.001
0.971	0.027	0.001	0.001
0.971	0.001	0.001	0.027
0.066	0.001	0.905	0.028
0.256	0.088	0.113	0.543
0.905	0.028	0.001	0.066
>TTTAAAAT	10-TTTAAAAT	7.539941	-11.898688	0	T:63.0(8.49%),B:20.3(3.05%),P:1e-5	Tpos:36.4,Tstd:19.4,Bpos:37.1,Bstd:14.9,StrandBias:-0.2,Multiplicity:1.11
0.050	0.001	0.001	0.948
0.027	0.030	0.001	0.942
0.072	0.064	0.072	0.792
0.765	0.059	0.031	0.145
0.892	0.001	0.001	0.106
0.961	0.024	0.014	0.001
0.907	0.047	0.045	0.001
0.067	0.001	0.047	0.885
>ATAACGAA	11-ATAACGAA	7.180929	-11.270399	0	T:27.0(3.64%),B:3.0(0.45%),P:1e-4	Tpos:31.5,Tstd:17.9,Bpos:29.6,Bstd:9.5,StrandBias:0.0,Multiplicity:1.00
0.886	0.001	0.001	0.112
0.056	0.001	0.056	0.887
0.997	0.001	0.001	0.001
0.997	0.001	0.001	0.001
0.169	0.739	0.091	0.001
0.175	0.001	0.712	0.112
0.943	0.001	0.001	0.055
0.887	0.001	0.056	0.056
>AGGGACCG	12-AGGGACCG	6.382737	-10.535482	0	T:35.0(4.72%),B:7.6(1.14%),P:1e-4	Tpos:34.8,Tstd:20.2,Bpos:36.5,Bstd:16.8,StrandBias:0.4,Multiplicity:1.13
0.957	0.001	0.041	0.001
0.041	0.001	0.957	0.001
0.082	0.001	0.916	0.001
0.042	0.042	0.874	0.042
0.917	0.041	0.001	0.041
0.001	0.957	0.001	0.041
0.083	0.833	0.042	0.042
0.041	0.334	0.624	0.001
