>WTGCCCAGCC	1-WTGCCCAGCC	6.267911	-64.869713	0	T:245.0(33.02%),B:61.5(9.23%),P:1e-28	Tpos:36.8,Tstd:20.3,Bpos:34.1,Bstd:27.1,StrandBias:0.3,Multiplicity:1.12
0.411	0.113	0.037	0.439
0.251	0.126	0.210	0.412
0.215	0.050	0.476	0.260
0.099	0.827	0.037	0.037
0.001	0.912	0.001	0.086
0.024	0.974	0.001	0.001
0.997	0.001	0.001	0.001
0.001	0.001	0.911	0.087
0.001	0.663	0.324	0.012
0.286	0.604	0.001	0.109
>TCTGCCTCCC	2-TCTGCCTCCC	6.951334	-44.015700	0	T:178.0(23.99%),B:45.2(6.78%),P:1e-19	Tpos:35.2,Tstd:18.1,Bpos:38.3,Bstd:32.9,StrandBias:-0.4,Multiplicity:1.31
0.085	0.255	0.001	0.659
0.109	0.628	0.129	0.134
0.216	0.157	0.199	0.428
0.053	0.171	0.586	0.190
0.001	0.893	0.001	0.105
0.083	0.875	0.001	0.041
0.021	0.062	0.001	0.916
0.001	0.642	0.356	0.001
0.020	0.978	0.001	0.001
0.022	0.935	0.001	0.042
>YTTCAAGTGA	3-YTTCAAGTGA	7.487559	-28.184211	0	T:94.0(12.67%),B:18.5(2.77%),P:1e-12	Tpos:37.7,Tstd:17.6,Bpos:38.5,Bstd:24.2,StrandBias:0.3,Multiplicity:1.00
0.001	0.459	0.206	0.334
0.001	0.294	0.001	0.704
0.001	0.001	0.001	0.997
0.001	0.810	0.188	0.001
0.714	0.001	0.001	0.284
0.663	0.001	0.171	0.165
0.070	0.094	0.835	0.001
0.214	0.182	0.191	0.412
0.369	0.001	0.629	0.001
0.621	0.001	0.237	0.141
>GGCATGARCC	4-GGCATGARCC	6.149249	-22.766080	0	T:68.0(9.16%),B:11.9(1.78%),P:1e-9	Tpos:34.3,Tstd:17.9,Bpos:42.4,Bstd:25.4,StrandBias:0.0,Multiplicity:1.03
0.214	0.001	0.500	0.285
0.138	0.173	0.688	0.001
0.132	0.432	0.242	0.194
0.562	0.001	0.261	0.176
0.121	0.009	0.350	0.520
0.001	0.064	0.833	0.102
0.530	0.132	0.256	0.082
0.412	0.170	0.286	0.132
0.129	0.578	0.179	0.114
0.261	0.450	0.001	0.288
>TTCTWCTGYC	5-TTCTWCTGYC	8.387705	-21.295805	0	T:94.0(12.67%),B:25.1(3.77%),P:1e-9	Tpos:33.9,Tstd:16.6,Bpos:43.9,Bstd:28.7,StrandBias:-0.4,Multiplicity:1.02
0.215	0.219	0.001	0.565
0.001	0.235	0.001	0.763
0.001	0.997	0.001	0.001
0.001	0.001	0.001	0.997
0.305	0.262	0.001	0.433
0.001	0.846	0.001	0.152
0.001	0.267	0.001	0.731
0.001	0.220	0.473	0.307
0.001	0.553	0.001	0.445
0.001	0.997	0.001	0.001
>TCGAACTCCT	6-TCGAACTCCT	7.898846	-20.057630	0	T:48.0(6.47%),B:5.8(0.87%),P:1e-8	Tpos:41.5,Tstd:20.8,Bpos:34.2,Bstd:16.5,StrandBias:-0.4,Multiplicity:1.02
0.001	0.089	0.134	0.776
0.048	0.726	0.134	0.092
0.183	0.062	0.665	0.090
0.865	0.001	0.133	0.001
0.637	0.152	0.001	0.210
0.001	0.817	0.001	0.181
0.089	0.001	0.044	0.866
0.001	0.909	0.001	0.089
0.001	0.909	0.001	0.089
0.044	0.044	0.001	0.911
>TTTKTCTTTG	7-TTTKTCTTTG	7.459861	-17.505404	0	T:51.0(6.87%),B:8.0(1.20%),P:1e-7	Tpos:38.3,Tstd:21.3,Bpos:45.0,Bstd:12.9,StrandBias:-0.5,Multiplicity:1.12
0.001	0.001	0.063	0.935
0.215	0.001	0.156	0.628
0.001	0.001	0.063	0.935
0.064	0.064	0.496	0.375
0.167	0.129	0.129	0.575
0.063	0.935	0.001	0.001
0.014	0.001	0.001	0.984
0.001	0.311	0.001	0.687
0.063	0.001	0.001	0.935
0.222	0.001	0.776	0.001
>CAGTRAGCCG	8-CAGTRAGCCG	9.277792	-15.828365	0	T:35.0(4.72%),B:3.9(0.58%),P:1e-6	Tpos:45.5,Tstd:20.4,Bpos:14.8,Bstd:14.5,StrandBias:1.3,Multiplicity:1.00
0.001	0.945	0.053	0.001
0.892	0.001	0.001	0.106
0.107	0.001	0.839	0.053
0.054	0.107	0.107	0.732
0.543	0.001	0.455	0.001
0.997	0.001	0.001	0.001
0.001	0.053	0.893	0.053
0.053	0.839	0.001	0.107
0.054	0.888	0.054	0.004
0.327	0.054	0.512	0.107
>ACCCYGTCTC	9-ACCCYGTCTC	9.987628	-13.690921	0	T:34.0(4.58%),B:4.6(0.69%),P:1e-5	Tpos:43.3,Tstd:18.7,Bpos:29.1,Bstd:3.8,StrandBias:0.3,Multiplicity:1.00
0.997	0.001	0.001	0.001
0.001	0.997	0.001	0.001
0.079	0.761	0.001	0.159
0.001	0.997	0.001	0.001
0.159	0.442	0.080	0.319
0.203	0.001	0.795	0.001
0.001	0.001	0.001	0.997
0.001	0.997	0.001	0.001
0.001	0.001	0.001	0.997
0.001	0.919	0.079	0.001
>ATTTTAAATA	10-ATTTTAAATA	5.808791	-13.559328	0	T:134.0(18.06%),B:62.1(9.32%),P:1e-5	Tpos:35.8,Tstd:18.7,Bpos:38.8,Bstd:16.1,StrandBias:0.1,Multiplicity:1.22
0.831	0.038	0.075	0.056
0.112	0.047	0.084	0.757
0.168	0.084	0.057	0.691
0.066	0.028	0.009	0.897
0.264	0.065	0.075	0.596
0.820	0.066	0.019	0.095
0.708	0.113	0.047	0.132
0.706	0.084	0.030	0.180
0.113	0.010	0.019	0.858
0.520	0.056	0.151	0.273
>YGGGAGGCHGAG	1-YGGGAGGCHGAG	6.999086	-46.260950	0	T:214.0(28.84%),B:63.5(9.53%),P:1e-20	Tpos:37.5,Tstd:17.8,Bpos:44.5,Bstd:25.4,StrandBias:0.4,Multiplicity:1.28
0.060	0.306	0.223	0.411
0.209	0.001	0.690	0.100
0.058	0.001	0.940	0.001
0.239	0.041	0.700	0.020
0.799	0.001	0.001	0.199
0.079	0.001	0.899	0.021
0.166	0.040	0.690	0.104
0.020	0.630	0.141	0.209
0.341	0.249	0.082	0.328
0.166	0.020	0.753	0.061
0.618	0.001	0.362	0.019
0.080	0.001	0.900	0.019
>ATCCCAGCHCTT	2-ATCCCAGCHCTT	10.244920	-36.852521	0	T:56.0(7.55%),B:0.6(0.10%),P:1e-16	Tpos:32.7,Tstd:16.7,Bpos:14.0,Bstd:0.0,StrandBias:1.0,Multiplicity:1.00
0.835	0.001	0.163	0.001
0.001	0.001	0.001	0.997
0.001	0.997	0.001	0.001
0.163	0.835	0.001	0.001
0.001	0.919	0.001	0.079
0.997	0.001	0.001	0.001
0.302	0.001	0.696	0.001
0.001	0.846	0.152	0.001
0.389	0.305	0.001	0.305
0.152	0.683	0.164	0.001
0.001	0.152	0.001	0.846
0.164	0.001	0.245	0.590
>GCTGGGCGTGGT	3-GCTGGGCGTGGT	7.756327	-25.439631	0	T:39.0(5.26%),B:0.6(0.09%),P:1e-11	Tpos:36.2,Tstd:19.9,Bpos:52.0,Bstd:0.0,StrandBias:-0.2,Multiplicity:1.00
0.001	0.104	0.766	0.129
0.001	0.894	0.001	0.104
0.104	0.001	0.001	0.894
0.104	0.001	0.894	0.001
0.001	0.001	0.997	0.001
0.001	0.104	0.894	0.001
0.001	0.943	0.001	0.055
0.272	0.028	0.567	0.133
0.001	0.104	0.001	0.894
0.234	0.001	0.740	0.025
0.129	0.001	0.869	0.001
0.001	0.001	0.208	0.790
>GATCACTTSARS	4-GATCACTTSARS	6.369562	-23.728923	0	T:153.0(20.62%),B:56.6(8.51%),P:1e-10	Tpos:39.3,Tstd:17.9,Bpos:42.3,Bstd:24.0,StrandBias:-0.1,Multiplicity:1.19
0.318	0.093	0.497	0.092
0.714	0.238	0.025	0.023
0.001	0.116	0.001	0.882
0.001	0.658	0.072	0.269
0.754	0.001	0.152	0.093
0.001	0.766	0.001	0.232
0.115	0.023	0.001	0.861
0.092	0.069	0.293	0.546
0.047	0.401	0.458	0.095
0.861	0.001	0.115	0.023
0.374	0.001	0.486	0.138
0.185	0.369	0.376	0.071
>RYBTTGCCCWGG	5-RYBTTGCCCWGG	7.225535	-22.121221	0	T:34.0(4.58%),B:0.7(0.10%),P:1e-9	Tpos:40.8,Tstd:19.8,Bpos:7.0,Bstd:0.0,StrandBias:0.3,Multiplicity:1.00
0.418	0.085	0.268	0.229
0.169	0.284	0.155	0.393
0.154	0.264	0.308	0.274
0.199	0.288	0.075	0.438
0.065	0.010	0.259	0.666
0.050	0.069	0.826	0.055
0.025	0.646	0.304	0.025
0.049	0.886	0.020	0.045
0.268	0.449	0.010	0.273
0.394	0.149	0.203	0.254
0.194	0.035	0.483	0.288
0.045	0.219	0.557	0.179
>GGTCCCAGCTAC	6-GGTCCCAGCTAC	6.995269	-21.175375	0	T:88.0(11.86%),B:22.6(3.39%),P:1e-9	Tpos:34.3,Tstd:19.4,Bpos:31.6,Bstd:22.2,StrandBias:-0.5,Multiplicity:1.01
0.289	0.050	0.472	0.188
0.188	0.113	0.611	0.088
0.044	0.075	0.075	0.806
0.001	0.849	0.037	0.113
0.150	0.736	0.001	0.113
0.001	0.997	0.001	0.001
0.849	0.001	0.037	0.113
0.189	0.075	0.661	0.075
0.006	0.875	0.006	0.113
0.006	0.194	0.038	0.762
0.605	0.119	0.157	0.119
0.075	0.843	0.038	0.044
>TGTGCCAHGGTG	7-TGTGCCAHGGTG	6.517234	-17.505404	0	T:51.0(6.87%),B:8.0(1.20%),P:1e-7	Tpos:37.7,Tstd:19.3,Bpos:48.6,Bstd:15.0,StrandBias:0.1,Multiplicity:1.00
0.001	0.001	0.001	0.997
0.001	0.001	0.787	0.211
0.370	0.063	0.001	0.566
0.001	0.001	0.997	0.001
0.100	0.703	0.196	0.001
0.001	0.997	0.001	0.001
0.882	0.001	0.116	0.001
0.281	0.302	0.001	0.416
0.001	0.059	0.679	0.261
0.154	0.001	0.564	0.281
0.001	0.095	0.001	0.903
0.049	0.001	0.794	0.156
>KTGYTGGG	1-KTGYTGGG	6.304988	-62.357536	0	T:217.0(29.25%),B:48.6(7.30%),P:1e-27	Tpos:35.7,Tstd:20.3,Bpos:37.0,Bstd:29.2,StrandBias:-0.4,Multiplicity:1.12
0.080	0.141	0.326	0.454
0.152	0.001	0.284	0.563
0.001	0.261	0.737	0.001
0.001	0.557	0.001	0.441
0.001	0.140	0.001	0.858
0.070	0.001	0.862	0.067
0.173	0.001	0.820	0.006
0.001	0.001	0.855	0.143
>YTGGGAKG	2-YTGGGAKG	5.823675	-57.836351	0	T:261.0(35.18%),B:78.0(11.72%),P:1e-25	Tpos:33.9,Tstd:19.5,Bpos:36.6,Bstd:28.2,StrandBias:0.1,Multiplicity:1.35
0.130	0.291	0.201	0.378
0.276	0.099	0.183	0.442
0.042	0.001	0.956	0.001
0.179	0.001	0.819	0.001
0.001	0.001	0.997	0.001
0.573	0.121	0.001	0.305
0.026	0.001	0.513	0.460
0.178	0.001	0.601	0.220
>CCATCACG	3-CCATCACG	5.405326	-39.017891	0	T:159.0(21.43%),B:40.8(6.13%),P:1e-16	Tpos:40.5,Tstd:20.0,Bpos:34.7,Bstd:24.4,StrandBias:-0.3,Multiplicity:1.08
0.188	0.607	0.053	0.152
0.018	0.794	0.161	0.027
0.858	0.027	0.044	0.071
0.099	0.305	0.018	0.578
0.027	0.919	0.027	0.027
0.766	0.037	0.107	0.090
0.037	0.732	0.027	0.204
0.018	0.136	0.756	0.090
>CTGGGCAC	4-CTGGGCAC	6.487739	-38.732105	0	T:118.0(15.90%),B:20.2(3.03%),P:1e-16	Tpos:37.1,Tstd:18.5,Bpos:43.8,Bstd:13.9,StrandBias:-0.2,Multiplicity:1.05
0.001	0.997	0.001	0.001
0.001	0.202	0.001	0.796
0.376	0.001	0.622	0.001
0.037	0.001	0.861	0.101
0.202	0.001	0.796	0.001
0.001	0.694	0.067	0.238
0.897	0.001	0.001	0.101
0.079	0.547	0.001	0.373
>GAGATCAG	5-GAGATCAG	6.127854	-33.434703	0	T:97.0(13.07%),B:15.6(2.35%),P:1e-14	Tpos:42.1,Tstd:19.7,Bpos:29.4,Bstd:15.9,StrandBias:0.6,Multiplicity:1.10
0.098	0.017	0.851	0.034
0.790	0.025	0.126	0.059
0.039	0.050	0.894	0.017
0.806	0.042	0.119	0.033
0.163	0.155	0.100	0.582
0.100	0.674	0.184	0.042
0.799	0.075	0.109	0.017
0.173	0.142	0.618	0.067
>TCATGCCT	6-TCATGCCT	6.788642	-22.502067	0	T:127.0(17.12%),B:42.1(6.32%),P:1e-9	Tpos:32.1,Tstd:17.6,Bpos:43.6,Bstd:26.8,StrandBias:-0.2,Multiplicity:1.10
0.104	0.168	0.001	0.727
0.026	0.947	0.001	0.026
0.819	0.057	0.001	0.123
0.052	0.145	0.001	0.802
0.001	0.026	0.947	0.026
0.001	0.868	0.130	0.001
0.001	0.947	0.001	0.051
0.077	0.001	0.001	0.921
>GTTCACGC	7-GTTCACGC	5.936299	-22.002132	0	T:103.0(13.88%),B:29.5(4.42%),P:1e-9	Tpos:31.0,Tstd:18.2,Bpos:37.5,Bstd:26.8,StrandBias:-0.5,Multiplicity:1.00
0.071	0.071	0.792	0.066
0.080	0.094	0.032	0.794
0.053	0.054	0.093	0.800
0.079	0.842	0.026	0.053
0.707	0.146	0.054	0.093
0.258	0.545	0.040	0.157
0.054	0.133	0.753	0.060
0.040	0.790	0.066	0.104
>GATCACGT	8-GATCACGT	6.848642	-18.600474	0	T:60.0(8.09%),B:11.8(1.78%),P:1e-8	Tpos:43.5,Tstd:17.4,Bpos:31.3,Bstd:38.1,StrandBias:0.1,Multiplicity:1.02
0.117	0.001	0.649	0.233
0.882	0.001	0.116	0.001
0.233	0.001	0.001	0.765
0.001	0.997	0.001	0.001
0.882	0.001	0.116	0.001
0.001	0.892	0.001	0.106
0.001	0.042	0.690	0.267
0.001	0.001	0.001	0.997
>GAGAAGTA	9-GAGAAGTA	6.531722	-17.830332	0	T:69.0(9.30%),B:16.9(2.54%),P:1e-7	Tpos:36.4,Tstd:18.4,Bpos:35.8,Bstd:20.6,StrandBias:-0.6,Multiplicity:1.06
0.001	0.001	0.971	0.027
0.971	0.001	0.027	0.001
0.045	0.001	0.953	0.001
0.971	0.027	0.001	0.001
0.971	0.001	0.001	0.027
0.066	0.001	0.905	0.028
0.256	0.088	0.113	0.543
0.905	0.028	0.001	0.066
>TTTAAAAT	10-TTTAAAAT	7.539941	-11.898688	0	T:63.0(8.49%),B:20.3(3.05%),P:1e-5	Tpos:36.4,Tstd:19.4,Bpos:37.1,Bstd:14.9,StrandBias:-0.2,Multiplicity:1.11
0.050	0.001	0.001	0.948
0.027	0.030	0.001	0.942
0.072	0.064	0.072	0.792
0.765	0.059	0.031	0.145
0.892	0.001	0.001	0.106
0.961	0.024	0.014	0.001
0.907	0.047	0.045	0.001
0.067	0.001	0.047	0.885
>ATAACGAA	11-ATAACGAA	7.180929	-11.270399	0	T:27.0(3.64%),B:3.0(0.45%),P:1e-4	Tpos:31.5,Tstd:17.9,Bpos:29.6,Bstd:9.5,StrandBias:0.0,Multiplicity:1.00
0.886	0.001	0.001	0.112
0.056	0.001	0.056	0.887
0.997	0.001	0.001	0.001
0.997	0.001	0.001	0.001
0.169	0.739	0.091	0.001
0.175	0.001	0.712	0.112
0.943	0.001	0.001	0.055
0.887	0.001	0.056	0.056
>AGGGACCG	12-AGGGACCG	6.382737	-10.535482	0	T:35.0(4.72%),B:7.6(1.14%),P:1e-4	Tpos:34.8,Tstd:20.2,Bpos:36.5,Bstd:16.8,StrandBias:0.4,Multiplicity:1.13
0.957	0.001	0.041	0.001
0.041	0.001	0.957	0.001
0.082	0.001	0.916	0.001
0.042	0.042	0.874	0.042
0.917	0.041	0.001	0.041
0.001	0.957	0.001	0.041
0.083	0.833	0.042	0.042
0.041	0.334	0.624	0.001
