>YGGGAGGCHGAG	1-YGGGAGGCHGAG	6.999086	-46.260950	0	T:214.0(28.84%),B:63.5(9.53%),P:1e-20	Tpos:37.5,Tstd:17.8,Bpos:44.5,Bstd:25.4,StrandBias:0.4,Multiplicity:1.28
0.060	0.306	0.223	0.411
0.209	0.001	0.690	0.100
0.058	0.001	0.940	0.001
0.239	0.041	0.700	0.020
0.799	0.001	0.001	0.199
0.079	0.001	0.899	0.021
0.166	0.040	0.690	0.104
0.020	0.630	0.141	0.209
0.341	0.249	0.082	0.328
0.166	0.020	0.753	0.061
0.618	0.001	0.362	0.019
0.080	0.001	0.900	0.019
>ATCCCAGCHCTT	2-ATCCCAGCHCTT	10.244920	-36.852521	0	T:56.0(7.55%),B:0.6(0.10%),P:1e-16	Tpos:32.7,Tstd:16.7,Bpos:14.0,Bstd:0.0,StrandBias:1.0,Multiplicity:1.00
0.835	0.001	0.163	0.001
0.001	0.001	0.001	0.997
0.001	0.997	0.001	0.001
0.163	0.835	0.001	0.001
0.001	0.919	0.001	0.079
0.997	0.001	0.001	0.001
0.302	0.001	0.696	0.001
0.001	0.846	0.152	0.001
0.389	0.305	0.001	0.305
0.152	0.683	0.164	0.001
0.001	0.152	0.001	0.846
0.164	0.001	0.245	0.590
>GCTGGGCGTGGT	3-GCTGGGCGTGGT	7.756327	-25.439631	0	T:39.0(5.26%),B:0.6(0.09%),P:1e-11	Tpos:36.2,Tstd:19.9,Bpos:52.0,Bstd:0.0,StrandBias:-0.2,Multiplicity:1.00
0.001	0.104	0.766	0.129
0.001	0.894	0.001	0.104
0.104	0.001	0.001	0.894
0.104	0.001	0.894	0.001
0.001	0.001	0.997	0.001
0.001	0.104	0.894	0.001
0.001	0.943	0.001	0.055
0.272	0.028	0.567	0.133
0.001	0.104	0.001	0.894
0.234	0.001	0.740	0.025
0.129	0.001	0.869	0.001
0.001	0.001	0.208	0.790
>GATCACTTSARS	4-GATCACTTSARS	6.369562	-23.728923	0	T:153.0(20.62%),B:56.6(8.51%),P:1e-10	Tpos:39.3,Tstd:17.9,Bpos:42.3,Bstd:24.0,StrandBias:-0.1,Multiplicity:1.19
0.318	0.093	0.497	0.092
0.714	0.238	0.025	0.023
0.001	0.116	0.001	0.882
0.001	0.658	0.072	0.269
0.754	0.001	0.152	0.093
0.001	0.766	0.001	0.232
0.115	0.023	0.001	0.861
0.092	0.069	0.293	0.546
0.047	0.401	0.458	0.095
0.861	0.001	0.115	0.023
0.374	0.001	0.486	0.138
0.185	0.369	0.376	0.071
>RYBTTGCCCWGG	5-RYBTTGCCCWGG	7.225535	-22.121221	0	T:34.0(4.58%),B:0.7(0.10%),P:1e-9	Tpos:40.8,Tstd:19.8,Bpos:7.0,Bstd:0.0,StrandBias:0.3,Multiplicity:1.00
0.418	0.085	0.268	0.229
0.169	0.284	0.155	0.393
0.154	0.264	0.308	0.274
0.199	0.288	0.075	0.438
0.065	0.010	0.259	0.666
0.050	0.069	0.826	0.055
0.025	0.646	0.304	0.025
0.049	0.886	0.020	0.045
0.268	0.449	0.010	0.273
0.394	0.149	0.203	0.254
0.194	0.035	0.483	0.288
0.045	0.219	0.557	0.179
>GGTCCCAGCTAC	6-GGTCCCAGCTAC	6.995269	-21.175375	0	T:88.0(11.86%),B:22.6(3.39%),P:1e-9	Tpos:34.3,Tstd:19.4,Bpos:31.6,Bstd:22.2,StrandBias:-0.5,Multiplicity:1.01
0.289	0.050	0.472	0.188
0.188	0.113	0.611	0.088
0.044	0.075	0.075	0.806
0.001	0.849	0.037	0.113
0.150	0.736	0.001	0.113
0.001	0.997	0.001	0.001
0.849	0.001	0.037	0.113
0.189	0.075	0.661	0.075
0.006	0.875	0.006	0.113
0.006	0.194	0.038	0.762
0.605	0.119	0.157	0.119
0.075	0.843	0.038	0.044
>TGTGCCAHGGTG	7-TGTGCCAHGGTG	6.517234	-17.505404	0	T:51.0(6.87%),B:8.0(1.20%),P:1e-7	Tpos:37.7,Tstd:19.3,Bpos:48.6,Bstd:15.0,StrandBias:0.1,Multiplicity:1.00
0.001	0.001	0.001	0.997
0.001	0.001	0.787	0.211
0.370	0.063	0.001	0.566
0.001	0.001	0.997	0.001
0.100	0.703	0.196	0.001
0.001	0.997	0.001	0.001
0.882	0.001	0.116	0.001
0.281	0.302	0.001	0.416
0.001	0.059	0.679	0.261
0.154	0.001	0.564	0.281
0.001	0.095	0.001	0.903
0.049	0.001	0.794	0.156
