>WTGCCCAGCC	1-WTGCCCAGCC	6.267911	-64.869713	0	T:245.0(33.02%),B:61.5(9.23%),P:1e-28	Tpos:36.8,Tstd:20.3,Bpos:34.1,Bstd:27.1,StrandBias:0.3,Multiplicity:1.12
0.411	0.113	0.037	0.439
0.251	0.126	0.210	0.412
0.215	0.050	0.476	0.260
0.099	0.827	0.037	0.037
0.001	0.912	0.001	0.086
0.024	0.974	0.001	0.001
0.997	0.001	0.001	0.001
0.001	0.001	0.911	0.087
0.001	0.663	0.324	0.012
0.286	0.604	0.001	0.109
>TCTGCCTCCC	2-TCTGCCTCCC	6.951334	-44.015700	0	T:178.0(23.99%),B:45.2(6.78%),P:1e-19	Tpos:35.2,Tstd:18.1,Bpos:38.3,Bstd:32.9,StrandBias:-0.4,Multiplicity:1.31
0.085	0.255	0.001	0.659
0.109	0.628	0.129	0.134
0.216	0.157	0.199	0.428
0.053	0.171	0.586	0.190
0.001	0.893	0.001	0.105
0.083	0.875	0.001	0.041
0.021	0.062	0.001	0.916
0.001	0.642	0.356	0.001
0.020	0.978	0.001	0.001
0.022	0.935	0.001	0.042
>YTTCAAGTGA	3-YTTCAAGTGA	7.487559	-28.184211	0	T:94.0(12.67%),B:18.5(2.77%),P:1e-12	Tpos:37.7,Tstd:17.6,Bpos:38.5,Bstd:24.2,StrandBias:0.3,Multiplicity:1.00
0.001	0.459	0.206	0.334
0.001	0.294	0.001	0.704
0.001	0.001	0.001	0.997
0.001	0.810	0.188	0.001
0.714	0.001	0.001	0.284
0.663	0.001	0.171	0.165
0.070	0.094	0.835	0.001
0.214	0.182	0.191	0.412
0.369	0.001	0.629	0.001
0.621	0.001	0.237	0.141
>GGCATGARCC	4-GGCATGARCC	6.149249	-22.766080	0	T:68.0(9.16%),B:11.9(1.78%),P:1e-9	Tpos:34.3,Tstd:17.9,Bpos:42.4,Bstd:25.4,StrandBias:0.0,Multiplicity:1.03
0.214	0.001	0.500	0.285
0.138	0.173	0.688	0.001
0.132	0.432	0.242	0.194
0.562	0.001	0.261	0.176
0.121	0.009	0.350	0.520
0.001	0.064	0.833	0.102
0.530	0.132	0.256	0.082
0.412	0.170	0.286	0.132
0.129	0.578	0.179	0.114
0.261	0.450	0.001	0.288
>TTCTWCTGYC	5-TTCTWCTGYC	8.387705	-21.295805	0	T:94.0(12.67%),B:25.1(3.77%),P:1e-9	Tpos:33.9,Tstd:16.6,Bpos:43.9,Bstd:28.7,StrandBias:-0.4,Multiplicity:1.02
0.215	0.219	0.001	0.565
0.001	0.235	0.001	0.763
0.001	0.997	0.001	0.001
0.001	0.001	0.001	0.997
0.305	0.262	0.001	0.433
0.001	0.846	0.001	0.152
0.001	0.267	0.001	0.731
0.001	0.220	0.473	0.307
0.001	0.553	0.001	0.445
0.001	0.997	0.001	0.001
>TCGAACTCCT	6-TCGAACTCCT	7.898846	-20.057630	0	T:48.0(6.47%),B:5.8(0.87%),P:1e-8	Tpos:41.5,Tstd:20.8,Bpos:34.2,Bstd:16.5,StrandBias:-0.4,Multiplicity:1.02
0.001	0.089	0.134	0.776
0.048	0.726	0.134	0.092
0.183	0.062	0.665	0.090
0.865	0.001	0.133	0.001
0.637	0.152	0.001	0.210
0.001	0.817	0.001	0.181
0.089	0.001	0.044	0.866
0.001	0.909	0.001	0.089
0.001	0.909	0.001	0.089
0.044	0.044	0.001	0.911
>TTTKTCTTTG	7-TTTKTCTTTG	7.459861	-17.505404	0	T:51.0(6.87%),B:8.0(1.20%),P:1e-7	Tpos:38.3,Tstd:21.3,Bpos:45.0,Bstd:12.9,StrandBias:-0.5,Multiplicity:1.12
0.001	0.001	0.063	0.935
0.215	0.001	0.156	0.628
0.001	0.001	0.063	0.935
0.064	0.064	0.496	0.375
0.167	0.129	0.129	0.575
0.063	0.935	0.001	0.001
0.014	0.001	0.001	0.984
0.001	0.311	0.001	0.687
0.063	0.001	0.001	0.935
0.222	0.001	0.776	0.001
>CAGTRAGCCG	8-CAGTRAGCCG	9.277792	-15.828365	0	T:35.0(4.72%),B:3.9(0.58%),P:1e-6	Tpos:45.5,Tstd:20.4,Bpos:14.8,Bstd:14.5,StrandBias:1.3,Multiplicity:1.00
0.001	0.945	0.053	0.001
0.892	0.001	0.001	0.106
0.107	0.001	0.839	0.053
0.054	0.107	0.107	0.732
0.543	0.001	0.455	0.001
0.997	0.001	0.001	0.001
0.001	0.053	0.893	0.053
0.053	0.839	0.001	0.107
0.054	0.888	0.054	0.004
0.327	0.054	0.512	0.107
>ACCCYGTCTC	9-ACCCYGTCTC	9.987628	-13.690921	0	T:34.0(4.58%),B:4.6(0.69%),P:1e-5	Tpos:43.3,Tstd:18.7,Bpos:29.1,Bstd:3.8,StrandBias:0.3,Multiplicity:1.00
0.997	0.001	0.001	0.001
0.001	0.997	0.001	0.001
0.079	0.761	0.001	0.159
0.001	0.997	0.001	0.001
0.159	0.442	0.080	0.319
0.203	0.001	0.795	0.001
0.001	0.001	0.001	0.997
0.001	0.997	0.001	0.001
0.001	0.001	0.001	0.997
0.001	0.919	0.079	0.001
>ATTTTAAATA	10-ATTTTAAATA	5.808791	-13.559328	0	T:134.0(18.06%),B:62.1(9.32%),P:1e-5	Tpos:35.8,Tstd:18.7,Bpos:38.8,Bstd:16.1,StrandBias:0.1,Multiplicity:1.22
0.831	0.038	0.075	0.056
0.112	0.047	0.084	0.757
0.168	0.084	0.057	0.691
0.066	0.028	0.009	0.897
0.264	0.065	0.075	0.596
0.820	0.066	0.019	0.095
0.708	0.113	0.047	0.132
0.706	0.084	0.030	0.180
0.113	0.010	0.019	0.858
0.520	0.056	0.151	0.273
