>TAAWATATATWT	4-TAAWATATATWT,BestGuess:SeqBias: TA-repeat(0.768)	11.405049	-10.128341	0	T:14.0(0.96%),B:0.6(0.04%),P:1e-4
0.350	0.028	0.052	0.570
0.728	0.046	0.046	0.180
0.706	0.018	0.055	0.221
0.536	0.009	0.055	0.400
0.780	0.001	0.073	0.146
0.305	0.009	0.001	0.685
0.917	0.009	0.037	0.037
0.128	0.018	0.009	0.845
0.826	0.001	0.009	0.164
0.174	0.018	0.001	0.807
0.423	0.009	0.018	0.550
0.009	0.001	0.082	0.908
