>AGRADGRRGAGR	5-AGRADGRRGAGR	6.212762	-8.574346	0	T:227.0(15.54%),B:171.6(11.11%),P:1e-3
0.468	0.002	0.307	0.224
0.382	0.005	0.608	0.005
0.444	0.008	0.540	0.008
0.485	0.126	0.219	0.170
0.316	0.054	0.382	0.247
0.408	0.006	0.575	0.011
0.391	0.145	0.314	0.151
0.440	0.005	0.345	0.210
0.366	0.067	0.562	0.005
0.524	0.033	0.170	0.273
0.348	0.006	0.587	0.059
0.414	0.109	0.473	0.005
