>AWATATATWTTA	4-TAAWATATATWT	11.405049	-10.128341	0	T:14.0(0.96%),B:0.6(0.04%),P:1e-4
0.908	0.082	0.001	0.009
0.550	0.018	0.009	0.423
0.807	0.001	0.018	0.174
0.164	0.009	0.001	0.826
0.845	0.009	0.018	0.128
0.037	0.037	0.009	0.917
0.685	0.001	0.009	0.305
0.146	0.073	0.001	0.780
0.400	0.055	0.009	0.536
0.221	0.055	0.018	0.706
0.180	0.046	0.046	0.728
0.570	0.052	0.028	0.350
