>AGTAAACAGGMA	3-AGTAAACAGGMA	6.699378	-93.743340	0	T:458.0(15.27%),B:128.2(4.74%),P:1e-40
0.721	0.001	0.085	0.193
0.134	0.001	0.793	0.072
0.024	0.218	0.209	0.549
0.904	0.060	0.024	0.012
0.962	0.036	0.001	0.001
0.939	0.001	0.048	0.012
0.001	0.818	0.085	0.096
0.914	0.012	0.001	0.073
0.328	0.001	0.549	0.122
0.036	0.060	0.903	0.001
0.329	0.358	0.205	0.109
0.600	0.243	0.036	0.121
