>GAGAGAGAGAGA	7-GAGAGAGAGAGA,BestGuess:Trl/dmmpmm(Down)/fly(0.912)	13.699122	-7.016218	0	T:14.0(0.47%),B:1.8(0.07%),P:1e-3
0.092	0.069	0.838	0.001
0.884	0.001	0.023	0.092
0.023	0.023	0.953	0.001
0.740	0.120	0.070	0.070
0.001	0.046	0.884	0.069
0.839	0.046	0.046	0.069
0.001	0.001	0.976	0.022
0.862	0.092	0.023	0.023
0.001	0.046	0.952	0.001
0.976	0.022	0.001	0.001
0.184	0.023	0.792	0.001
0.952	0.001	0.001	0.046
