>TCTCTCTCTCTC	7-GAGAGAGAGAGA	13.699122	-7.016218	0	T:14.0(0.47%),B:1.8(0.07%),P:1e-3
0.046	0.001	0.001	0.952
0.001	0.792	0.023	0.184
0.001	0.001	0.022	0.976
0.001	0.952	0.046	0.001
0.023	0.023	0.092	0.862
0.022	0.976	0.001	0.001
0.069	0.046	0.046	0.839
0.069	0.884	0.046	0.001
0.070	0.070	0.120	0.740
0.001	0.953	0.023	0.023
0.092	0.023	0.001	0.884
0.001	0.838	0.069	0.092
