>GGGGGGGGGGGG	6-GGGGGGGGGGGG,BestGuess:SeqBias: polyC-repeat(0.841)	7.239794	-20.167765	0	T:119.0(3.97%),B:40.0(1.47%),P:1e-8
0.015	0.271	0.706	0.008
0.023	0.282	0.694	0.001
0.056	0.256	0.670	0.018
0.031	0.228	0.738	0.003
0.023	0.254	0.720	0.003
0.046	0.343	0.603	0.008
0.087	0.305	0.567	0.041
0.025	0.269	0.705	0.001
0.066	0.302	0.631	0.001
0.099	0.295	0.605	0.001
0.123	0.276	0.600	0.001
0.061	0.282	0.656	0.001
