>AGTTTCAGTTCC	3-AGTTTCAGTTCC	8.350392	-98.342124	0	T:292.0(9.73%),B:44.8(1.65%),P:1e-42
0.626	0.019	0.239	0.116
0.106	0.165	0.547	0.182
0.038	0.009	0.001	0.952
0.038	0.115	0.047	0.800
0.019	0.019	0.048	0.914
0.001	0.933	0.009	0.057
0.780	0.001	0.057	0.162
0.020	0.298	0.529	0.153
0.038	0.001	0.009	0.952
0.038	0.048	0.001	0.913
0.087	0.512	0.066	0.335
0.125	0.521	0.057	0.297
