>TAAAATAG	1-TAAAATAG	6.306171	-85.177892	0	T:242.0(28.64%),B:35.9(5.06%),P:1e-36	Tpos:37.6,Tstd:20.9,Bpos:36.4,Bstd:14.8,StrandBias:-0.1,Multiplicity:1.15
0.206	0.062	0.174	0.558
0.478	0.078	0.184	0.260
0.906	0.013	0.050	0.031
0.882	0.009	0.053	0.056
0.819	0.031	0.073	0.077
0.064	0.081	0.050	0.805
0.850	0.044	0.047	0.059
0.154	0.067	0.709	0.070
>AAGTCABT	2-AAGTCABT	5.872297	-78.572296	0	T:251.0(29.70%),B:44.1(6.22%),P:1e-34	Tpos:35.4,Tstd:21.3,Bpos:36.9,Bstd:19.5,StrandBias:0.7,Multiplicity:1.11
0.638	0.122	0.105	0.135
0.553	0.040	0.030	0.377
0.020	0.197	0.782	0.001
0.089	0.001	0.009	0.901
0.030	0.877	0.060	0.033
0.955	0.001	0.010	0.034
0.061	0.323	0.270	0.347
0.197	0.144	0.041	0.618
>MTGTGGTT	3-MTGTGGTT	5.718445	-63.611239	0	T:212.0(25.09%),B:38.8(5.48%),P:1e-27	Tpos:35.7,Tstd:20.7,Bpos:38.9,Bstd:22.4,StrandBias:0.2,Multiplicity:1.10
0.269	0.416	0.230	0.085
0.176	0.200	0.109	0.515
0.008	0.053	0.632	0.307
0.018	0.161	0.060	0.761
0.104	0.112	0.720	0.064
0.001	0.024	0.834	0.141
0.016	0.130	0.207	0.647
0.033	0.189	0.122	0.656
>TTGACTCA	4-TTGACTCA	3.842142	-61.377826	0	T:163.0(19.29%),B:19.7(2.79%),P:1e-26	Tpos:34.4,Tstd:21.1,Bpos:39.8,Bstd:25.0,StrandBias:-0.1,Multiplicity:1.09
0.176	0.007	0.011	0.806
0.001	0.001	0.001	0.997
0.001	0.001	0.816	0.182
0.997	0.001	0.001	0.001
0.001	0.821	0.177	0.001
0.001	0.001	0.001	0.997
0.127	0.871	0.001	0.001
0.997	0.001	0.001	0.001
>GAAACCGA	5-GAAACCGA	6.168783	-59.792428	0	T:173.0(20.47%),B:24.8(3.49%),P:1e-25	Tpos:39.0,Tstd:19.2,Bpos:35.0,Bstd:22.1,StrandBias:-0.5,Multiplicity:1.05
0.002	0.170	0.794	0.034
0.858	0.104	0.034	0.004
0.965	0.001	0.033	0.001
0.997	0.001	0.001	0.001
0.112	0.851	0.036	0.001
0.222	0.540	0.034	0.204
0.116	0.010	0.772	0.102
0.577	0.419	0.001	0.003
>GSTTCCCC	6-GSTTCCCC	4.743950	-53.307553	0	T:357.0(42.25%),B:133.6(18.85%),P:1e-23	Tpos:36.7,Tstd:19.4,Bpos:37.0,Bstd:37.6,StrandBias:-0.0,Multiplicity:1.27
0.164	0.212	0.393	0.230
0.068	0.415	0.432	0.085
0.006	0.223	0.118	0.653
0.044	0.104	0.043	0.809
0.025	0.566	0.018	0.391
0.006	0.956	0.013	0.025
0.099	0.489	0.173	0.239
0.031	0.649	0.112	0.208
>CCGCCCGC	7-CCGCCCGC	5.781245	-48.136559	0	T:109.0(12.90%),B:8.9(1.26%),P:1e-20	Tpos:40.0,Tstd:21.0,Bpos:36.8,Bstd:18.4,StrandBias:0.2,Multiplicity:1.36
0.035	0.820	0.083	0.062
0.152	0.655	0.070	0.123
0.107	0.128	0.658	0.107
0.053	0.828	0.118	0.001
0.026	0.744	0.186	0.044
0.018	0.814	0.167	0.001
0.188	0.101	0.676	0.035
0.001	0.805	0.193	0.001
>CGTTATTT	8-CGTTATTT	5.419724	-42.195410	0	T:286.0(33.85%),B:103.6(14.62%),P:1e-18	Tpos:37.5,Tstd:20.2,Bpos:34.5,Bstd:25.1,StrandBias:-0.3,Multiplicity:1.14
0.223	0.532	0.095	0.150
0.063	0.089	0.652	0.196
0.090	0.134	0.146	0.630
0.043	0.012	0.097	0.848
0.722	0.032	0.203	0.043
0.011	0.062	0.064	0.863
0.036	0.043	0.021	0.900
0.053	0.021	0.053	0.873
>CCGCGRCG	9-CCGCGRCG	6.068958	-36.223600	0	T:58.0(6.86%),B:1.0(0.14%),P:1e-15	Tpos:35.7,Tstd:21.3,Bpos:6.0,Bstd:0.0,StrandBias:0.0,Multiplicity:1.23
0.035	0.828	0.103	0.034
0.061	0.741	0.077	0.121
0.043	0.156	0.775	0.026
0.034	0.879	0.018	0.069
0.060	0.069	0.820	0.051
0.462	0.130	0.314	0.095
0.069	0.759	0.112	0.060
0.069	0.112	0.750	0.069
>CGTCCCCC	10-CGTCCCCC	2.993389	-32.083637	0	T:72.0(8.52%),B:5.4(0.76%),P:1e-13	Tpos:40.3,Tstd:23.1,Bpos:24.8,Bstd:15.7,StrandBias:0.2,Multiplicity:1.09
0.001	0.997	0.001	0.001
0.001	0.001	0.997	0.001
0.001	0.310	0.001	0.688
0.001	0.619	0.379	0.001
0.001	0.997	0.001	0.001
0.001	0.997	0.001	0.001
0.001	0.997	0.001	0.001
0.001	0.997	0.001	0.001
>GGCCTCGG	11-GGCCTCGG	5.430901	-31.988592	0	T:84.0(9.94%),B:9.9(1.40%),P:1e-13	Tpos:39.1,Tstd:20.1,Bpos:36.2,Bstd:14.1,StrandBias:-0.1,Multiplicity:1.07
0.049	0.069	0.822	0.060
0.059	0.060	0.782	0.099
0.117	0.680	0.138	0.065
0.029	0.862	0.050	0.059
0.079	0.129	0.147	0.645
0.118	0.712	0.070	0.100
0.048	0.088	0.690	0.174
0.039	0.098	0.824	0.039
>CGAGCCGC	12-CGAGCCGC	5.916506	-27.181996	0	T:53.0(6.27%),B:2.4(0.33%),P:1e-11	Tpos:37.0,Tstd:20.8,Bpos:26.2,Bstd:17.1,StrandBias:0.8,Multiplicity:1.07
0.157	0.671	0.091	0.081
0.148	0.112	0.677	0.063
0.724	0.162	0.062	0.052
0.088	0.025	0.850	0.037
0.062	0.778	0.049	0.111
0.162	0.608	0.086	0.144
0.038	0.057	0.846	0.059
0.026	0.869	0.080	0.025
>ACTTCCGT	13-ACTTCCGT	6.388345	-22.440651	0	T:55.0(6.51%),B:5.5(0.78%),P:1e-9	Tpos:30.6,Tstd:20.2,Bpos:24.7,Bstd:15.3,StrandBias:0.2,Multiplicity:1.02
0.997	0.001	0.001	0.001
0.001	0.787	0.081	0.131
0.131	0.131	0.001	0.737
0.001	0.001	0.130	0.868
0.174	0.824	0.001	0.001
0.131	0.748	0.001	0.120
0.029	0.001	0.914	0.056
0.001	0.001	0.130	0.868
>TGGTTACG	14-TGGTTACG	6.928379	-21.236675	0	T:43.0(5.09%),B:2.9(0.41%),P:1e-9	Tpos:41.4,Tstd:19.5,Bpos:36.9,Bstd:11.4,StrandBias:-0.5,Multiplicity:1.00
0.001	0.043	0.043	0.913
0.042	0.001	0.956	0.001
0.001	0.043	0.869	0.087
0.001	0.042	0.001	0.956
0.001	0.043	0.130	0.826
0.871	0.043	0.043	0.043
0.043	0.783	0.043	0.131
0.001	0.001	0.868	0.130
>GSCGGTTA	15-GSCGGTTA	6.143547	-20.374022	0	T:45.0(5.33%),B:3.3(0.47%),P:1e-8	Tpos:38.2,Tstd:22.4,Bpos:15.8,Bstd:9.9,StrandBias:1.0,Multiplicity:1.00
0.001	0.001	0.997	0.001
0.065	0.448	0.486	0.001
0.001	0.805	0.001	0.193
0.001	0.064	0.934	0.001
0.001	0.064	0.934	0.001
0.001	0.379	0.001	0.619
0.001	0.001	0.064	0.934
0.934	0.001	0.064	0.001
>CACGTGTT	16-CACGTGTT	6.574270	-13.735641	0	T:53.0(6.27%),B:11.6(1.63%),P:1e-5	Tpos:30.4,Tstd:21.4,Bpos:49.0,Bstd:27.4,StrandBias:0.2,Multiplicity:1.00
0.040	0.919	0.001	0.040
0.919	0.040	0.001	0.040
0.081	0.757	0.081	0.081
0.063	0.001	0.935	0.001
0.001	0.040	0.001	0.958
0.001	0.001	0.958	0.040
0.001	0.001	0.123	0.875
0.041	0.122	0.162	0.675
>TGCGTAGA	17-TGCGTAGA	6.291044	-9.458936	0	T:25.0(2.96%),B:3.1(0.44%),P:1e-4	Tpos:34.3,Tstd:19.8,Bpos:42.6,Bstd:15.6,StrandBias:-0.8,Multiplicity:1.00
0.100	0.100	0.100	0.700
0.100	0.100	0.700	0.100
0.100	0.700	0.100	0.100
0.100	0.100	0.700	0.100
0.100	0.100	0.100	0.700
0.700	0.100	0.100	0.100
0.100	0.100	0.700	0.100
0.700	0.100	0.100	0.100
