>YHAAAATAGM	1-YHAAAATAGM	5.494299	-81.130989	0	T:284.0(33.61%),B:58.9(8.31%),P:1e-35	Tpos:37.3,Tstd:19.5,Bpos:37.4,Bstd:17.8,StrandBias:-0.0,Multiplicity:1.23
0.017	0.459	0.001	0.523
0.352	0.248	0.053	0.347
0.492	0.071	0.235	0.202
0.997	0.001	0.001	0.001
0.997	0.001	0.001	0.001
0.997	0.001	0.001	0.001
0.001	0.017	0.001	0.981
0.997	0.001	0.001	0.001
0.233	0.001	0.625	0.141
0.312	0.450	0.089	0.148
>TGASTCABNW	2-TGASTCABNW	7.300937	-73.357456	0	T:146.0(17.28%),B:7.6(1.08%),P:1e-31	Tpos:34.7,Tstd:21.3,Bpos:35.0,Bstd:20.2,StrandBias:0.1,Multiplicity:1.06
0.001	0.001	0.001	0.997
0.029	0.137	0.698	0.136
0.912	0.001	0.001	0.086
0.001	0.527	0.471	0.001
0.001	0.001	0.001	0.997
0.242	0.671	0.029	0.058
0.961	0.009	0.001	0.029
0.001	0.274	0.312	0.413
0.293	0.284	0.146	0.277
0.265	0.177	0.158	0.400
>GMAACCACAD	3-GMAACCACAD	5.668635	-69.817599	0	T:294.0(34.79%),B:74.3(10.48%),P:1e-30	Tpos:36.7,Tstd:20.0,Bpos:32.6,Bstd:21.7,StrandBias:0.0,Multiplicity:1.16
0.233	0.202	0.393	0.173
0.415	0.279	0.115	0.192
0.762	0.047	0.190	0.001
0.539	0.250	0.210	0.001
0.001	0.961	0.037	0.001
0.018	0.980	0.001	0.001
0.800	0.085	0.114	0.001
0.231	0.673	0.095	0.001
0.548	0.183	0.173	0.096
0.258	0.174	0.337	0.231
>CTTTCAGTTC	4-CTTTCAGTTC	8.781390	-36.634778	0	T:64.0(7.57%),B:1.8(0.25%),P:1e-15	Tpos:37.0,Tstd:20.8,Bpos:21.1,Bstd:9.0,StrandBias:1.4,Multiplicity:1.05
0.108	0.493	0.330	0.070
0.021	0.021	0.001	0.957
0.001	0.066	0.088	0.845
0.021	0.021	0.001	0.957
0.002	0.934	0.043	0.021
0.803	0.064	0.021	0.112
0.001	0.300	0.496	0.203
0.001	0.090	0.001	0.908
0.022	0.067	0.024	0.887
0.086	0.599	0.067	0.248
>ATGTCATTTC	5-ATGTCATTTC	6.198236	-32.964669	0	T:94.0(11.12%),B:12.7(1.78%),P:1e-14	Tpos:36.4,Tstd:21.8,Bpos:28.9,Bstd:12.7,StrandBias:0.2,Multiplicity:1.05
0.889	0.055	0.001	0.055
0.221	0.001	0.001	0.777
0.001	0.055	0.889	0.055
0.055	0.001	0.001	0.943
0.001	0.997	0.001	0.001
0.997	0.001	0.001	0.001
0.001	0.001	0.001	0.997
0.001	0.001	0.001	0.997
0.056	0.056	0.056	0.832
0.056	0.832	0.056	0.056
>YTCTGTTTCW	6-YTCTGTTTCW	8.296399	-32.315688	0	T:69.0(8.17%),B:4.6(0.65%),P:1e-14	Tpos:38.6,Tstd:19.9,Bpos:25.9,Bstd:10.0,StrandBias:0.7,Multiplicity:1.05
0.197	0.329	0.119	0.355
0.116	0.019	0.136	0.729
0.116	0.649	0.061	0.174
0.115	0.001	0.001	0.883
0.001	0.057	0.941	0.001
0.019	0.038	0.001	0.942
0.001	0.001	0.001	0.997
0.001	0.001	0.001	0.997
0.001	0.884	0.077	0.038
0.397	0.222	0.001	0.380
>CTGAMAGCWG	7-CTGAMAGCWG	7.241704	-29.697330	0	T:61.0(7.22%),B:3.5(0.49%),P:1e-12	Tpos:38.2,Tstd:21.1,Bpos:29.2,Bstd:14.5,StrandBias:0.0,Multiplicity:1.05
0.001	0.997	0.001	0.001
0.058	0.302	0.001	0.639
0.001	0.363	0.590	0.046
0.616	0.382	0.001	0.001
0.412	0.356	0.231	0.001
0.754	0.093	0.001	0.152
0.400	0.001	0.598	0.001
0.001	0.702	0.146	0.151
0.396	0.147	0.139	0.318
0.001	0.001	0.997	0.001
>AGGAAGTCAG	8-AGGAAGTCAG	7.299063	-27.992912	0	T:71.0(8.40%),B:7.7(1.09%),P:1e-12	Tpos:34.8,Tstd:21.3,Bpos:35.7,Bstd:11.4,StrandBias:-0.0,Multiplicity:1.00
0.787	0.035	0.107	0.071
0.124	0.018	0.749	0.109
0.159	0.141	0.665	0.035
0.805	0.088	0.088	0.019
0.912	0.018	0.035	0.035
0.054	0.002	0.891	0.053
0.037	0.056	0.125	0.782
0.072	0.786	0.107	0.035
0.891	0.053	0.018	0.038
0.054	0.088	0.765	0.093
>HTTTCTCAGA	9-HTTTCTCAGA	8.677225	-23.823110	0	T:51.0(6.04%),B:3.1(0.44%),P:1e-10	Tpos:34.2,Tstd:18.2,Bpos:42.3,Bstd:11.3,StrandBias:-0.2,Multiplicity:1.04
0.215	0.354	0.089	0.342
0.004	0.088	0.001	0.907
0.001	0.001	0.003	0.995
0.001	0.041	0.001	0.957
0.001	0.995	0.001	0.003
0.003	0.001	0.001	0.995
0.001	0.826	0.169	0.004
0.741	0.001	0.001	0.257
0.173	0.169	0.612	0.046
0.684	0.130	0.001	0.185
>CTTCCCCACA	10-CTTCCCCACA	7.976449	-22.090788	0	T:48.0(5.68%),B:3.2(0.45%),P:1e-9	Tpos:35.1,Tstd:18.0,Bpos:32.8,Bstd:11.0,StrandBias:0.2,Multiplicity:1.05
0.080	0.804	0.001	0.115
0.106	0.080	0.001	0.813
0.080	0.187	0.058	0.675
0.001	0.809	0.133	0.057
0.056	0.942	0.001	0.001
0.052	0.946	0.001	0.001
0.001	0.997	0.001	0.001
0.693	0.083	0.080	0.144
0.137	0.779	0.001	0.083
0.556	0.148	0.133	0.163
>SCSGCCGCSG	11-SCSGCCGCSG	7.218989	-18.876848	0	T:64.0(7.57%),B:11.9(1.68%),P:1e-8	Tpos:37.2,Tstd:20.8,Bpos:16.7,Bstd:15.9,StrandBias:-0.0,Multiplicity:1.23
0.001	0.398	0.544	0.057
0.038	0.660	0.292	0.010
0.019	0.542	0.438	0.001
0.001	0.123	0.875	0.001
0.001	0.845	0.153	0.001
0.067	0.541	0.382	0.010
0.001	0.056	0.942	0.001
0.001	0.836	0.162	0.001
0.058	0.474	0.429	0.039
0.001	0.202	0.796	0.001
>GAGGTCACAG	12-GAGGTCACAG	6.940346	-16.355298	0	T:54.0(6.39%),B:9.5(1.34%),P:1e-7	Tpos:39.7,Tstd:21.0,Bpos:30.6,Bstd:12.8,StrandBias:0.1,Multiplicity:1.02
0.079	0.120	0.678	0.123
0.853	0.051	0.048	0.048
0.075	0.048	0.829	0.048
0.051	0.048	0.877	0.024
0.144	0.024	0.024	0.808
0.072	0.757	0.147	0.024
0.781	0.051	0.048	0.120
0.048	0.805	0.120	0.027
0.781	0.120	0.024	0.075
0.027	0.048	0.877	0.048
