>NDVTGASTCATH	1-NDVTGASTCATH	6.651968	-64.730150	0	T:136.0(16.09%),B:9.0(1.27%),P:1e-28	Tpos:36.0,Tstd:20.8,Bpos:41.1,Bstd:23.4,StrandBias:0.1,Multiplicity:1.05
0.294	0.166	0.278	0.262
0.315	0.011	0.305	0.369
0.361	0.280	0.247	0.112
0.021	0.001	0.001	0.977
0.001	0.055	0.856	0.088
0.997	0.001	0.001	0.001
0.001	0.503	0.495	0.001
0.001	0.001	0.001	0.997
0.099	0.899	0.001	0.001
0.966	0.001	0.001	0.032
0.123	0.237	0.215	0.425
0.294	0.292	0.121	0.293
>KCTATTTTTAAA	2-KCTATTTTTAAA	8.103930	-49.072218	0	T:139.0(16.45%),B:18.6(2.63%),P:1e-21	Tpos:36.5,Tstd:18.6,Bpos:32.7,Bstd:18.6,StrandBias:-0.0,Multiplicity:1.06
0.104	0.132	0.385	0.379
0.030	0.600	0.074	0.296
0.015	0.073	0.015	0.897
0.866	0.015	0.074	0.045
0.001	0.001	0.001	0.997
0.001	0.014	0.001	0.984
0.086	0.001	0.001	0.912
0.282	0.177	0.001	0.540
0.357	0.074	0.015	0.554
0.823	0.001	0.103	0.073
0.507	0.073	0.225	0.195
0.536	0.208	0.076	0.180
>RACCACAGAAAN	3-RACCACAGAAAN	5.248618	-34.429595	0	T:302.0(35.74%),B:127.0(17.92%),P:1e-14	Tpos:36.8,Tstd:19.1,Bpos:37.5,Bstd:21.3,StrandBias:-0.0,Multiplicity:1.27
0.395	0.118	0.361	0.127
0.435	0.253	0.254	0.058
0.227	0.482	0.097	0.195
0.253	0.727	0.001	0.019
0.922	0.029	0.001	0.048
0.106	0.709	0.184	0.001
0.882	0.001	0.001	0.116
0.009	0.019	0.971	0.001
0.863	0.020	0.049	0.068
0.717	0.078	0.195	0.010
0.831	0.069	0.080	0.020
0.254	0.294	0.189	0.263
>CGCCGCCGSCGS	4-CGCCGCCGSCGS	6.366819	-25.451879	0	T:46.0(5.44%),B:1.3(0.19%),P:1e-11	Tpos:37.0,Tstd:20.3,Bpos:62.2,Bstd:1.3,StrandBias:-0.1,Multiplicity:1.20
0.001	0.997	0.001	0.001
0.001	0.001	0.997	0.001
0.001	0.759	0.239	0.001
0.064	0.871	0.001	0.064
0.001	0.235	0.623	0.141
0.081	0.683	0.235	0.001
0.001	0.997	0.001	0.001
0.001	0.397	0.601	0.001
0.001	0.464	0.534	0.001
0.001	0.997	0.001	0.001
0.064	0.277	0.658	0.001
0.001	0.423	0.440	0.136
>CYCCCCCYCCCC	5-CYCCCCCYCCCC	8.458831	-12.715047	0	T:34.0(4.02%),B:4.5(0.63%),P:1e-5	Tpos:35.6,Tstd:21.1,Bpos:19.5,Bstd:9.4,StrandBias:-0.6,Multiplicity:1.10
0.001	0.607	0.067	0.325
0.022	0.478	0.045	0.455
0.022	0.681	0.001	0.296
0.001	0.888	0.001	0.110
0.090	0.775	0.001	0.134
0.024	0.777	0.001	0.198
0.091	0.640	0.001	0.268
0.136	0.413	0.091	0.360
0.068	0.840	0.001	0.091
0.001	0.997	0.001	0.001
0.021	0.977	0.001	0.001
0.111	0.626	0.197	0.066
