>YHAAAATAGM	1-YHAAAATAGM	5.494299	-81.130989	0	T:284.0(33.61%),B:58.9(8.31%),P:1e-35	Tpos:37.3,Tstd:19.5,Bpos:37.4,Bstd:17.8,StrandBias:-0.0,Multiplicity:1.23
0.017	0.459	0.001	0.523
0.352	0.248	0.053	0.347
0.492	0.071	0.235	0.202
0.997	0.001	0.001	0.001
0.997	0.001	0.001	0.001
0.997	0.001	0.001	0.001
0.001	0.017	0.001	0.981
0.997	0.001	0.001	0.001
0.233	0.001	0.625	0.141
0.312	0.450	0.089	0.148
>TGASTCABNW	2-TGASTCABNW	7.300937	-73.357456	0	T:146.0(17.28%),B:7.6(1.08%),P:1e-31	Tpos:34.7,Tstd:21.3,Bpos:35.0,Bstd:20.2,StrandBias:0.1,Multiplicity:1.06
0.001	0.001	0.001	0.997
0.029	0.137	0.698	0.136
0.912	0.001	0.001	0.086
0.001	0.527	0.471	0.001
0.001	0.001	0.001	0.997
0.242	0.671	0.029	0.058
0.961	0.009	0.001	0.029
0.001	0.274	0.312	0.413
0.293	0.284	0.146	0.277
0.265	0.177	0.158	0.400
>GMAACCACAD	3-GMAACCACAD	5.668635	-69.817599	0	T:294.0(34.79%),B:74.3(10.48%),P:1e-30	Tpos:36.7,Tstd:20.0,Bpos:32.6,Bstd:21.7,StrandBias:0.0,Multiplicity:1.16
0.233	0.202	0.393	0.173
0.415	0.279	0.115	0.192
0.762	0.047	0.190	0.001
0.539	0.250	0.210	0.001
0.001	0.961	0.037	0.001
0.018	0.980	0.001	0.001
0.800	0.085	0.114	0.001
0.231	0.673	0.095	0.001
0.548	0.183	0.173	0.096
0.258	0.174	0.337	0.231
>CTTTCAGTTC	4-CTTTCAGTTC	8.781390	-36.634778	0	T:64.0(7.57%),B:1.8(0.25%),P:1e-15	Tpos:37.0,Tstd:20.8,Bpos:21.1,Bstd:9.0,StrandBias:1.4,Multiplicity:1.05
0.108	0.493	0.330	0.070
0.021	0.021	0.001	0.957
0.001	0.066	0.088	0.845
0.021	0.021	0.001	0.957
0.002	0.934	0.043	0.021
0.803	0.064	0.021	0.112
0.001	0.300	0.496	0.203
0.001	0.090	0.001	0.908
0.022	0.067	0.024	0.887
0.086	0.599	0.067	0.248
>ATGTCATTTC	5-ATGTCATTTC	6.198236	-32.964669	0	T:94.0(11.12%),B:12.7(1.78%),P:1e-14	Tpos:36.4,Tstd:21.8,Bpos:28.9,Bstd:12.7,StrandBias:0.2,Multiplicity:1.05
0.889	0.055	0.001	0.055
0.221	0.001	0.001	0.777
0.001	0.055	0.889	0.055
0.055	0.001	0.001	0.943
0.001	0.997	0.001	0.001
0.997	0.001	0.001	0.001
0.001	0.001	0.001	0.997
0.001	0.001	0.001	0.997
0.056	0.056	0.056	0.832
0.056	0.832	0.056	0.056
>YTCTGTTTCW	6-YTCTGTTTCW	8.296399	-32.315688	0	T:69.0(8.17%),B:4.6(0.65%),P:1e-14	Tpos:38.6,Tstd:19.9,Bpos:25.9,Bstd:10.0,StrandBias:0.7,Multiplicity:1.05
0.197	0.329	0.119	0.355
0.116	0.019	0.136	0.729
0.116	0.649	0.061	0.174
0.115	0.001	0.001	0.883
0.001	0.057	0.941	0.001
0.019	0.038	0.001	0.942
0.001	0.001	0.001	0.997
0.001	0.001	0.001	0.997
0.001	0.884	0.077	0.038
0.397	0.222	0.001	0.380
>CTGAMAGCWG	7-CTGAMAGCWG	7.241704	-29.697330	0	T:61.0(7.22%),B:3.5(0.49%),P:1e-12	Tpos:38.2,Tstd:21.1,Bpos:29.2,Bstd:14.5,StrandBias:0.0,Multiplicity:1.05
0.001	0.997	0.001	0.001
0.058	0.302	0.001	0.639
0.001	0.363	0.590	0.046
0.616	0.382	0.001	0.001
0.412	0.356	0.231	0.001
0.754	0.093	0.001	0.152
0.400	0.001	0.598	0.001
0.001	0.702	0.146	0.151
0.396	0.147	0.139	0.318
0.001	0.001	0.997	0.001
>AGGAAGTCAG	8-AGGAAGTCAG	7.299063	-27.992912	0	T:71.0(8.40%),B:7.7(1.09%),P:1e-12	Tpos:34.8,Tstd:21.3,Bpos:35.7,Bstd:11.4,StrandBias:-0.0,Multiplicity:1.00
0.787	0.035	0.107	0.071
0.124	0.018	0.749	0.109
0.159	0.141	0.665	0.035
0.805	0.088	0.088	0.019
0.912	0.018	0.035	0.035
0.054	0.002	0.891	0.053
0.037	0.056	0.125	0.782
0.072	0.786	0.107	0.035
0.891	0.053	0.018	0.038
0.054	0.088	0.765	0.093
>HTTTCTCAGA	9-HTTTCTCAGA	8.677225	-23.823110	0	T:51.0(6.04%),B:3.1(0.44%),P:1e-10	Tpos:34.2,Tstd:18.2,Bpos:42.3,Bstd:11.3,StrandBias:-0.2,Multiplicity:1.04
0.215	0.354	0.089	0.342
0.004	0.088	0.001	0.907
0.001	0.001	0.003	0.995
0.001	0.041	0.001	0.957
0.001	0.995	0.001	0.003
0.003	0.001	0.001	0.995
0.001	0.826	0.169	0.004
0.741	0.001	0.001	0.257
0.173	0.169	0.612	0.046
0.684	0.130	0.001	0.185
>CTTCCCCACA	10-CTTCCCCACA	7.976449	-22.090788	0	T:48.0(5.68%),B:3.2(0.45%),P:1e-9	Tpos:35.1,Tstd:18.0,Bpos:32.8,Bstd:11.0,StrandBias:0.2,Multiplicity:1.05
0.080	0.804	0.001	0.115
0.106	0.080	0.001	0.813
0.080	0.187	0.058	0.675
0.001	0.809	0.133	0.057
0.056	0.942	0.001	0.001
0.052	0.946	0.001	0.001
0.001	0.997	0.001	0.001
0.693	0.083	0.080	0.144
0.137	0.779	0.001	0.083
0.556	0.148	0.133	0.163
>SCSGCCGCSG	11-SCSGCCGCSG	7.218989	-18.876848	0	T:64.0(7.57%),B:11.9(1.68%),P:1e-8	Tpos:37.2,Tstd:20.8,Bpos:16.7,Bstd:15.9,StrandBias:-0.0,Multiplicity:1.23
0.001	0.398	0.544	0.057
0.038	0.660	0.292	0.010
0.019	0.542	0.438	0.001
0.001	0.123	0.875	0.001
0.001	0.845	0.153	0.001
0.067	0.541	0.382	0.010
0.001	0.056	0.942	0.001
0.001	0.836	0.162	0.001
0.058	0.474	0.429	0.039
0.001	0.202	0.796	0.001
>GAGGTCACAG	12-GAGGTCACAG	6.940346	-16.355298	0	T:54.0(6.39%),B:9.5(1.34%),P:1e-7	Tpos:39.7,Tstd:21.0,Bpos:30.6,Bstd:12.8,StrandBias:0.1,Multiplicity:1.02
0.079	0.120	0.678	0.123
0.853	0.051	0.048	0.048
0.075	0.048	0.829	0.048
0.051	0.048	0.877	0.024
0.144	0.024	0.024	0.808
0.072	0.757	0.147	0.024
0.781	0.051	0.048	0.120
0.048	0.805	0.120	0.027
0.781	0.120	0.024	0.075
0.027	0.048	0.877	0.048
>NDVTGASTCATH	1-NDVTGASTCATH	6.651968	-64.730150	0	T:136.0(16.09%),B:9.0(1.27%),P:1e-28	Tpos:36.0,Tstd:20.8,Bpos:41.1,Bstd:23.4,StrandBias:0.1,Multiplicity:1.05
0.294	0.166	0.278	0.262
0.315	0.011	0.305	0.369
0.361	0.280	0.247	0.112
0.021	0.001	0.001	0.977
0.001	0.055	0.856	0.088
0.997	0.001	0.001	0.001
0.001	0.503	0.495	0.001
0.001	0.001	0.001	0.997
0.099	0.899	0.001	0.001
0.966	0.001	0.001	0.032
0.123	0.237	0.215	0.425
0.294	0.292	0.121	0.293
>KCTATTTTTAAA	2-KCTATTTTTAAA	8.103930	-49.072218	0	T:139.0(16.45%),B:18.6(2.63%),P:1e-21	Tpos:36.5,Tstd:18.6,Bpos:32.7,Bstd:18.6,StrandBias:-0.0,Multiplicity:1.06
0.104	0.132	0.385	0.379
0.030	0.600	0.074	0.296
0.015	0.073	0.015	0.897
0.866	0.015	0.074	0.045
0.001	0.001	0.001	0.997
0.001	0.014	0.001	0.984
0.086	0.001	0.001	0.912
0.282	0.177	0.001	0.540
0.357	0.074	0.015	0.554
0.823	0.001	0.103	0.073
0.507	0.073	0.225	0.195
0.536	0.208	0.076	0.180
>RACCACAGAAAN	3-RACCACAGAAAN	5.248618	-34.429595	0	T:302.0(35.74%),B:127.0(17.92%),P:1e-14	Tpos:36.8,Tstd:19.1,Bpos:37.5,Bstd:21.3,StrandBias:-0.0,Multiplicity:1.27
0.395	0.118	0.361	0.127
0.435	0.253	0.254	0.058
0.227	0.482	0.097	0.195
0.253	0.727	0.001	0.019
0.922	0.029	0.001	0.048
0.106	0.709	0.184	0.001
0.882	0.001	0.001	0.116
0.009	0.019	0.971	0.001
0.863	0.020	0.049	0.068
0.717	0.078	0.195	0.010
0.831	0.069	0.080	0.020
0.254	0.294	0.189	0.263
>CGCCGCCGSCGS	4-CGCCGCCGSCGS	6.366819	-25.451879	0	T:46.0(5.44%),B:1.3(0.19%),P:1e-11	Tpos:37.0,Tstd:20.3,Bpos:62.2,Bstd:1.3,StrandBias:-0.1,Multiplicity:1.20
0.001	0.997	0.001	0.001
0.001	0.001	0.997	0.001
0.001	0.759	0.239	0.001
0.064	0.871	0.001	0.064
0.001	0.235	0.623	0.141
0.081	0.683	0.235	0.001
0.001	0.997	0.001	0.001
0.001	0.397	0.601	0.001
0.001	0.464	0.534	0.001
0.001	0.997	0.001	0.001
0.064	0.277	0.658	0.001
0.001	0.423	0.440	0.136
>CYCCCCCYCCCC	5-CYCCCCCYCCCC	8.458831	-12.715047	0	T:34.0(4.02%),B:4.5(0.63%),P:1e-5	Tpos:35.6,Tstd:21.1,Bpos:19.5,Bstd:9.4,StrandBias:-0.6,Multiplicity:1.10
0.001	0.607	0.067	0.325
0.022	0.478	0.045	0.455
0.022	0.681	0.001	0.296
0.001	0.888	0.001	0.110
0.090	0.775	0.001	0.134
0.024	0.777	0.001	0.198
0.091	0.640	0.001	0.268
0.136	0.413	0.091	0.360
0.068	0.840	0.001	0.091
0.001	0.997	0.001	0.001
0.021	0.977	0.001	0.001
0.111	0.626	0.197	0.066
>TAAAATAG	1-TAAAATAG	6.306171	-85.177892	0	T:242.0(28.64%),B:35.9(5.06%),P:1e-36	Tpos:37.6,Tstd:20.9,Bpos:36.4,Bstd:14.8,StrandBias:-0.1,Multiplicity:1.15
0.206	0.062	0.174	0.558
0.478	0.078	0.184	0.260
0.906	0.013	0.050	0.031
0.882	0.009	0.053	0.056
0.819	0.031	0.073	0.077
0.064	0.081	0.050	0.805
0.850	0.044	0.047	0.059
0.154	0.067	0.709	0.070
>AAGTCABT	2-AAGTCABT	5.872297	-78.572296	0	T:251.0(29.70%),B:44.1(6.22%),P:1e-34	Tpos:35.4,Tstd:21.3,Bpos:36.9,Bstd:19.5,StrandBias:0.7,Multiplicity:1.11
0.638	0.122	0.105	0.135
0.553	0.040	0.030	0.377
0.020	0.197	0.782	0.001
0.089	0.001	0.009	0.901
0.030	0.877	0.060	0.033
0.955	0.001	0.010	0.034
0.061	0.323	0.270	0.347
0.197	0.144	0.041	0.618
>MTGTGGTT	3-MTGTGGTT	5.718445	-63.611239	0	T:212.0(25.09%),B:38.8(5.48%),P:1e-27	Tpos:35.7,Tstd:20.7,Bpos:38.9,Bstd:22.4,StrandBias:0.2,Multiplicity:1.10
0.269	0.416	0.230	0.085
0.176	0.200	0.109	0.515
0.008	0.053	0.632	0.307
0.018	0.161	0.060	0.761
0.104	0.112	0.720	0.064
0.001	0.024	0.834	0.141
0.016	0.130	0.207	0.647
0.033	0.189	0.122	0.656
>TTGACTCA	4-TTGACTCA	3.842142	-61.377826	0	T:163.0(19.29%),B:19.7(2.79%),P:1e-26	Tpos:34.4,Tstd:21.1,Bpos:39.8,Bstd:25.0,StrandBias:-0.1,Multiplicity:1.09
0.176	0.007	0.011	0.806
0.001	0.001	0.001	0.997
0.001	0.001	0.816	0.182
0.997	0.001	0.001	0.001
0.001	0.821	0.177	0.001
0.001	0.001	0.001	0.997
0.127	0.871	0.001	0.001
0.997	0.001	0.001	0.001
>GAAACCGA	5-GAAACCGA	6.168783	-59.792428	0	T:173.0(20.47%),B:24.8(3.49%),P:1e-25	Tpos:39.0,Tstd:19.2,Bpos:35.0,Bstd:22.1,StrandBias:-0.5,Multiplicity:1.05
0.002	0.170	0.794	0.034
0.858	0.104	0.034	0.004
0.965	0.001	0.033	0.001
0.997	0.001	0.001	0.001
0.112	0.851	0.036	0.001
0.222	0.540	0.034	0.204
0.116	0.010	0.772	0.102
0.577	0.419	0.001	0.003
>GSTTCCCC	6-GSTTCCCC	4.743950	-53.307553	0	T:357.0(42.25%),B:133.6(18.85%),P:1e-23	Tpos:36.7,Tstd:19.4,Bpos:37.0,Bstd:37.6,StrandBias:-0.0,Multiplicity:1.27
0.164	0.212	0.393	0.230
0.068	0.415	0.432	0.085
0.006	0.223	0.118	0.653
0.044	0.104	0.043	0.809
0.025	0.566	0.018	0.391
0.006	0.956	0.013	0.025
0.099	0.489	0.173	0.239
0.031	0.649	0.112	0.208
>CCGCCCGC	7-CCGCCCGC	5.781245	-48.136559	0	T:109.0(12.90%),B:8.9(1.26%),P:1e-20	Tpos:40.0,Tstd:21.0,Bpos:36.8,Bstd:18.4,StrandBias:0.2,Multiplicity:1.36
0.035	0.820	0.083	0.062
0.152	0.655	0.070	0.123
0.107	0.128	0.658	0.107
0.053	0.828	0.118	0.001
0.026	0.744	0.186	0.044
0.018	0.814	0.167	0.001
0.188	0.101	0.676	0.035
0.001	0.805	0.193	0.001
>CGTTATTT	8-CGTTATTT	5.419724	-42.195410	0	T:286.0(33.85%),B:103.6(14.62%),P:1e-18	Tpos:37.5,Tstd:20.2,Bpos:34.5,Bstd:25.1,StrandBias:-0.3,Multiplicity:1.14
0.223	0.532	0.095	0.150
0.063	0.089	0.652	0.196
0.090	0.134	0.146	0.630
0.043	0.012	0.097	0.848
0.722	0.032	0.203	0.043
0.011	0.062	0.064	0.863
0.036	0.043	0.021	0.900
0.053	0.021	0.053	0.873
>CCGCGRCG	9-CCGCGRCG	6.068958	-36.223600	0	T:58.0(6.86%),B:1.0(0.14%),P:1e-15	Tpos:35.7,Tstd:21.3,Bpos:6.0,Bstd:0.0,StrandBias:0.0,Multiplicity:1.23
0.035	0.828	0.103	0.034
0.061	0.741	0.077	0.121
0.043	0.156	0.775	0.026
0.034	0.879	0.018	0.069
0.060	0.069	0.820	0.051
0.462	0.130	0.314	0.095
0.069	0.759	0.112	0.060
0.069	0.112	0.750	0.069
>CGTCCCCC	10-CGTCCCCC	2.993389	-32.083637	0	T:72.0(8.52%),B:5.4(0.76%),P:1e-13	Tpos:40.3,Tstd:23.1,Bpos:24.8,Bstd:15.7,StrandBias:0.2,Multiplicity:1.09
0.001	0.997	0.001	0.001
0.001	0.001	0.997	0.001
0.001	0.310	0.001	0.688
0.001	0.619	0.379	0.001
0.001	0.997	0.001	0.001
0.001	0.997	0.001	0.001
0.001	0.997	0.001	0.001
0.001	0.997	0.001	0.001
>GGCCTCGG	11-GGCCTCGG	5.430901	-31.988592	0	T:84.0(9.94%),B:9.9(1.40%),P:1e-13	Tpos:39.1,Tstd:20.1,Bpos:36.2,Bstd:14.1,StrandBias:-0.1,Multiplicity:1.07
0.049	0.069	0.822	0.060
0.059	0.060	0.782	0.099
0.117	0.680	0.138	0.065
0.029	0.862	0.050	0.059
0.079	0.129	0.147	0.645
0.118	0.712	0.070	0.100
0.048	0.088	0.690	0.174
0.039	0.098	0.824	0.039
>CGAGCCGC	12-CGAGCCGC	5.916506	-27.181996	0	T:53.0(6.27%),B:2.4(0.33%),P:1e-11	Tpos:37.0,Tstd:20.8,Bpos:26.2,Bstd:17.1,StrandBias:0.8,Multiplicity:1.07
0.157	0.671	0.091	0.081
0.148	0.112	0.677	0.063
0.724	0.162	0.062	0.052
0.088	0.025	0.850	0.037
0.062	0.778	0.049	0.111
0.162	0.608	0.086	0.144
0.038	0.057	0.846	0.059
0.026	0.869	0.080	0.025
>ACTTCCGT	13-ACTTCCGT	6.388345	-22.440651	0	T:55.0(6.51%),B:5.5(0.78%),P:1e-9	Tpos:30.6,Tstd:20.2,Bpos:24.7,Bstd:15.3,StrandBias:0.2,Multiplicity:1.02
0.997	0.001	0.001	0.001
0.001	0.787	0.081	0.131
0.131	0.131	0.001	0.737
0.001	0.001	0.130	0.868
0.174	0.824	0.001	0.001
0.131	0.748	0.001	0.120
0.029	0.001	0.914	0.056
0.001	0.001	0.130	0.868
>TGGTTACG	14-TGGTTACG	6.928379	-21.236675	0	T:43.0(5.09%),B:2.9(0.41%),P:1e-9	Tpos:41.4,Tstd:19.5,Bpos:36.9,Bstd:11.4,StrandBias:-0.5,Multiplicity:1.00
0.001	0.043	0.043	0.913
0.042	0.001	0.956	0.001
0.001	0.043	0.869	0.087
0.001	0.042	0.001	0.956
0.001	0.043	0.130	0.826
0.871	0.043	0.043	0.043
0.043	0.783	0.043	0.131
0.001	0.001	0.868	0.130
>GSCGGTTA	15-GSCGGTTA	6.143547	-20.374022	0	T:45.0(5.33%),B:3.3(0.47%),P:1e-8	Tpos:38.2,Tstd:22.4,Bpos:15.8,Bstd:9.9,StrandBias:1.0,Multiplicity:1.00
0.001	0.001	0.997	0.001
0.065	0.448	0.486	0.001
0.001	0.805	0.001	0.193
0.001	0.064	0.934	0.001
0.001	0.064	0.934	0.001
0.001	0.379	0.001	0.619
0.001	0.001	0.064	0.934
0.934	0.001	0.064	0.001
>CACGTGTT	16-CACGTGTT	6.574270	-13.735641	0	T:53.0(6.27%),B:11.6(1.63%),P:1e-5	Tpos:30.4,Tstd:21.4,Bpos:49.0,Bstd:27.4,StrandBias:0.2,Multiplicity:1.00
0.040	0.919	0.001	0.040
0.919	0.040	0.001	0.040
0.081	0.757	0.081	0.081
0.063	0.001	0.935	0.001
0.001	0.040	0.001	0.958
0.001	0.001	0.958	0.040
0.001	0.001	0.123	0.875
0.041	0.122	0.162	0.675
>TGCGTAGA	17-TGCGTAGA	6.291044	-9.458936	0	T:25.0(2.96%),B:3.1(0.44%),P:1e-4	Tpos:34.3,Tstd:19.8,Bpos:42.6,Bstd:15.6,StrandBias:-0.8,Multiplicity:1.00
0.100	0.100	0.100	0.700
0.100	0.100	0.700	0.100
0.100	0.700	0.100	0.100
0.100	0.100	0.700	0.100
0.100	0.100	0.100	0.700
0.700	0.100	0.100	0.100
0.100	0.100	0.700	0.100
0.700	0.100	0.100	0.100
