>CCTCNGCCTCCC	1-CCTCNGCCTCCC	9.997092	-61.198999	0	T:138.0(15.97%),B:13.8(1.76%),P:1e-26	Tpos:37.3,Tstd:18.7,Bpos:37.8,Bstd:26.1,StrandBias:-0.6,Multiplicity:1.17
0.001	0.827	0.049	0.123
0.025	0.828	0.001	0.146
0.097	0.194	0.025	0.684
0.049	0.723	0.101	0.127
0.207	0.198	0.250	0.345
0.174	0.074	0.678	0.074
0.001	0.924	0.001	0.074
0.049	0.876	0.001	0.074
0.096	0.024	0.001	0.879
0.024	0.829	0.072	0.075
0.024	0.927	0.024	0.025
0.050	0.704	0.024	0.222
>GGGACTACAGGC	2-GGGACTACAGGC	6.340715	-42.021824	0	T:87.0(10.07%),B:6.9(0.88%),P:1e-18	Tpos:36.4,Tstd:18.2,Bpos:34.6,Bstd:23.5,StrandBias:-0.0,Multiplicity:1.00
0.201	0.156	0.431	0.213
0.216	0.117	0.437	0.230
0.198	0.155	0.478	0.169
0.589	0.127	0.155	0.129
0.181	0.519	0.146	0.154
0.157	0.173	0.103	0.567
0.490	0.179	0.177	0.153
0.139	0.578	0.153	0.130
0.628	0.124	0.104	0.144
0.217	0.110	0.468	0.205
0.215	0.161	0.423	0.201
0.197	0.394	0.212	0.197
>GARAATBGCTTR	3-GARAATBGCTTR	8.923303	-37.751790	0	T:57.0(6.60%),B:1.0(0.13%),P:1e-16	Tpos:39.3,Tstd:16.6,Bpos:21.8,Bstd:13.6,StrandBias:0.3,Multiplicity:1.00
0.195	0.069	0.501	0.235
0.971	0.002	0.023	0.004
0.472	0.001	0.457	0.070
0.759	0.023	0.217	0.001
0.805	0.145	0.025	0.025
0.069	0.124	0.023	0.784
0.187	0.215	0.234	0.364
0.291	0.143	0.495	0.071
0.092	0.553	0.023	0.332
0.348	0.001	0.001	0.650
0.046	0.023	0.094	0.837
0.281	0.071	0.404	0.244
>WGYACTTWGAGA	4-WGYACTTWGAGA	8.471898	-37.314864	0	T:73.0(8.45%),B:4.9(0.62%),P:1e-16	Tpos:40.9,Tstd:20.0,Bpos:43.3,Bstd:7.4,StrandBias:0.3,Multiplicity:1.03
0.415	0.001	0.060	0.524
0.132	0.067	0.599	0.202
0.001	0.487	0.061	0.450
0.663	0.001	0.065	0.271
0.005	0.851	0.071	0.073
0.001	0.404	0.001	0.594
0.001	0.121	0.070	0.808
0.564	0.001	0.001	0.434
0.060	0.001	0.879	0.060
0.653	0.065	0.281	0.001
0.288	0.061	0.508	0.143
0.724	0.001	0.270	0.005
>RWGAGCHRRGAT	5-RWGAGCHRRGAT	6.995001	-33.301120	0	T:136.0(15.74%),B:34.0(4.33%),P:1e-14	Tpos:37.6,Tstd:20.2,Bpos:37.9,Bstd:17.3,StrandBias:-0.0,Multiplicity:1.03
0.377	0.123	0.409	0.092
0.344	0.060	0.204	0.391
0.213	0.001	0.672	0.114
0.614	0.001	0.183	0.202
0.091	0.041	0.787	0.081
0.131	0.726	0.142	0.001
0.306	0.337	0.001	0.356
0.458	0.082	0.459	0.001
0.430	0.082	0.324	0.164
0.001	0.010	0.878	0.111
0.733	0.132	0.134	0.001
0.121	0.001	0.081	0.797
>GGGSGTGGTGGS	6-GGGSGTGGTGGS	8.445742	-32.753361	0	T:72.0(8.33%),B:6.6(0.83%),P:1e-14	Tpos:34.0,Tstd:18.0,Bpos:14.9,Bstd:11.0,StrandBias:0.3,Multiplicity:1.00
0.202	0.064	0.610	0.124
0.063	0.017	0.919	0.001
0.138	0.248	0.583	0.031
0.154	0.407	0.328	0.111
0.296	0.173	0.470	0.061
0.110	0.296	0.137	0.457
0.231	0.015	0.739	0.015
0.108	0.031	0.845	0.016
0.016	0.047	0.155	0.782
0.045	0.001	0.953	0.001
0.078	0.048	0.796	0.078
0.092	0.380	0.326	0.202
>AACTCCTGGGCT	7-AACTCCTGGGCT	9.581876	-19.634465	0	T:30.0(3.47%),B:0.7(0.09%),P:1e-8	Tpos:38.1,Tstd:16.2,Bpos:51.0,Bstd:0.0,StrandBias:0.6,Multiplicity:1.00
0.997	0.001	0.001	0.001
0.724	0.133	0.010	0.133
0.010	0.592	0.133	0.265
0.001	0.001	0.001	0.997
0.001	0.997	0.001	0.001
0.001	0.857	0.001	0.141
0.132	0.009	0.001	0.858
0.142	0.001	0.725	0.132
0.009	0.001	0.989	0.001
0.132	0.294	0.573	0.001
0.009	0.981	0.009	0.001
0.001	0.009	0.001	0.989
>GGGTTTYRCYAT	8-GGGTTTYRCYAT	8.607378	-18.451817	0	T:36.0(4.17%),B:2.6(0.34%),P:1e-8	Tpos:40.5,Tstd:20.3,Bpos:27.3,Bstd:14.6,StrandBias:-0.5,Multiplicity:1.00
0.075	0.001	0.923	0.001
0.173	0.001	0.651	0.175
0.086	0.001	0.827	0.086
0.001	0.001	0.172	0.826
0.001	0.109	0.086	0.804
0.001	0.086	0.001	0.912
0.001	0.402	0.086	0.511
0.413	0.098	0.403	0.087
0.001	0.912	0.086	0.001
0.001	0.445	0.001	0.553
0.891	0.001	0.107	0.001
0.001	0.174	0.001	0.824
>TTCCCAGGCTGB	9-TTCCCAGGCTGB	10.017265	-14.208465	0	T:29.0(3.36%),B:2.4(0.31%),P:1e-6	Tpos:41.1,Tstd:20.1,Bpos:37.2,Bstd:4.2,StrandBias:0.7,Multiplicity:1.00
0.242	0.234	0.073	0.451
0.040	0.208	0.206	0.546
0.072	0.757	0.074	0.097
0.024	0.880	0.024	0.072
0.083	0.880	0.001	0.036
0.686	0.024	0.024	0.266
0.024	0.001	0.867	0.108
0.012	0.315	0.625	0.048
0.062	0.828	0.097	0.013
0.183	0.036	0.012	0.769
0.060	0.060	0.624	0.256
0.147	0.303	0.284	0.265
>CTGTGTGTGTGT	10-CTGTGTGTGTGT	9.628790	-6.488449	0	T:10.0(1.16%),B:0.8(0.10%),P:1e-2	Tpos:41.6,Tstd:14.3,Bpos:30.5,Bstd:8.4,StrandBias:2.2,Multiplicity:1.00
0.061	0.850	0.088	0.001
0.220	0.001	0.001	0.778
0.001	0.281	0.437	0.281
0.001	0.001	0.001	0.997
0.001	0.220	0.778	0.001
0.001	0.001	0.001	0.997
0.001	0.001	0.997	0.001
0.001	0.001	0.061	0.937
0.001	0.001	0.997	0.001
0.001	0.001	0.001	0.997
0.061	0.075	0.644	0.220
0.001	0.001	0.001	0.997
