>CCATCACT	1-CCATCACT	5.240673	-50.671509	0	T:232.0(26.85%),B:69.0(8.78%),P:1e-22	Tpos:37.3,Tstd:19.6,Bpos:33.3,Bstd:22.6,StrandBias:-0.6,Multiplicity:1.16
0.085	0.770	0.113	0.032
0.026	0.813	0.066	0.095
0.819	0.056	0.062	0.063
0.063	0.176	0.071	0.690
0.026	0.821	0.066	0.087
0.690	0.142	0.065	0.103
0.045	0.819	0.034	0.102
0.134	0.159	0.120	0.587
>CGCCTCCC	2-CGCCTCCC	5.295016	-49.936877	0	T:323.0(37.38%),B:128.5(16.35%),P:1e-21	Tpos:37.1,Tstd:18.8,Bpos:34.6,Bstd:27.7,StrandBias:-0.6,Multiplicity:1.48
0.133	0.458	0.207	0.202
0.145	0.001	0.575	0.279
0.076	0.754	0.057	0.113
0.272	0.558	0.001	0.169
0.054	0.043	0.011	0.892
0.001	0.630	0.234	0.135
0.001	0.988	0.010	0.001
0.044	0.912	0.001	0.043
>CTGCAGCC	3-CTGCAGCC	7.001189	-38.098132	0	T:100.0(11.57%),B:13.5(1.72%),P:1e-16	Tpos:37.5,Tstd:20.9,Bpos:47.1,Bstd:15.5,StrandBias:-0.2,Multiplicity:1.03
0.051	0.897	0.013	0.039
0.001	0.051	0.013	0.935
0.038	0.001	0.960	0.001
0.038	0.960	0.001	0.001
0.949	0.025	0.025	0.001
0.259	0.001	0.739	0.001
0.012	0.910	0.001	0.077
0.103	0.858	0.038	0.001
>TTAAATRC	4-TTAAATRC	6.976226	-36.838396	0	T:112.0(12.96%),B:19.1(2.43%),P:1e-15	Tpos:36.6,Tstd:19.4,Bpos:35.1,Bstd:20.4,StrandBias:0.3,Multiplicity:1.08
0.001	0.094	0.001	0.904
0.094	0.001	0.001	0.904
0.997	0.001	0.001	0.001
0.569	0.335	0.095	0.001
0.997	0.001	0.001	0.001
0.001	0.001	0.235	0.763
0.572	0.001	0.426	0.001
0.001	0.779	0.219	0.001
>GGTTCAAG	5-GGTTCAAG	6.046589	-32.953701	0	T:86.0(9.95%),B:11.5(1.46%),P:1e-14	Tpos:34.1,Tstd:17.4,Bpos:50.9,Bstd:21.5,StrandBias:-0.5,Multiplicity:1.00
0.001	0.018	0.980	0.001
0.001	0.001	0.921	0.077
0.001	0.202	0.019	0.778
0.019	0.039	0.001	0.941
0.001	0.967	0.001	0.031
0.960	0.038	0.001	0.001
0.997	0.001	0.001	0.001
0.018	0.001	0.980	0.001
>CCAGCTAC	6-CCAGCTAC	6.894894	-26.938847	0	T:89.0(10.30%),B:17.7(2.25%),P:1e-11	Tpos:34.2,Tstd:20.3,Bpos:31.4,Bstd:39.5,StrandBias:0.1,Multiplicity:1.09
0.296	0.461	0.193	0.050
0.133	0.865	0.001	0.001
0.861	0.037	0.001	0.101
0.036	0.001	0.962	0.001
0.037	0.606	0.001	0.356
0.001	0.248	0.037	0.714
0.625	0.373	0.001	0.001
0.251	0.675	0.001	0.073
>CGGTTCCC	7-CGGTTCCC	6.499117	-25.304989	0	T:47.0(5.44%),B:2.6(0.33%),P:1e-10	Tpos:39.7,Tstd:20.2,Bpos:31.9,Bstd:18.6,StrandBias:0.3,Multiplicity:1.04
0.001	0.777	0.159	0.063
0.001	0.001	0.955	0.043
0.209	0.001	0.685	0.105
0.001	0.001	0.104	0.894
0.001	0.105	0.105	0.789
0.001	0.894	0.001	0.104
0.001	0.894	0.001	0.104
0.001	0.997	0.001	0.001
>CCYGGCGT	8-CCYGGCGT	6.949030	-20.388235	0	T:56.0(6.48%),B:8.5(1.08%),P:1e-8	Tpos:33.7,Tstd:19.1,Bpos:26.3,Bstd:23.1,StrandBias:0.6,Multiplicity:1.02
0.250	0.748	0.001	0.001
0.001	0.856	0.142	0.001
0.181	0.389	0.181	0.250
0.316	0.001	0.503	0.180
0.001	0.001	0.997	0.001
0.001	0.997	0.001	0.001
0.001	0.275	0.544	0.180
0.001	0.195	0.001	0.803
>CGAGAACA	9-CGAGAACA	6.819413	-19.722996	0	T:64.0(7.41%),B:12.6(1.60%),P:1e-8	Tpos:40.1,Tstd:19.2,Bpos:35.8,Bstd:29.9,StrandBias:1.5,Multiplicity:1.02
0.001	0.721	0.155	0.123
0.111	0.052	0.750	0.087
0.955	0.001	0.022	0.022
0.021	0.001	0.977	0.001
0.997	0.001	0.001	0.001
0.661	0.162	0.044	0.133
0.001	0.955	0.043	0.001
0.977	0.001	0.001	0.021
>YTTGAAAT	10-YTTGAAAT	6.561031	-18.404850	0	T:126.0(14.58%),B:48.4(6.15%),P:1e-7	Tpos:38.1,Tstd:19.4,Bpos:43.6,Bstd:21.3,StrandBias:-0.2,Multiplicity:1.08
0.001	0.479	0.008	0.512
0.001	0.001	0.001	0.997
0.149	0.001	0.008	0.842
0.119	0.297	0.583	0.001
0.992	0.001	0.001	0.006
0.879	0.001	0.119	0.001
0.700	0.001	0.210	0.089
0.223	0.001	0.255	0.521
>CCCACGTG	11-CCCACGTG	4.655555	-17.599026	0	T:72.0(8.33%),B:18.5(2.35%),P:1e-7	Tpos:36.6,Tstd:20.5,Bpos:42.1,Bstd:20.9,StrandBias:0.6,Multiplicity:1.02
0.126	0.599	0.142	0.133
0.066	0.763	0.067	0.104
0.157	0.677	0.070	0.096
0.652	0.134	0.081	0.133
0.137	0.599	0.147	0.117
0.160	0.159	0.533	0.148
0.122	0.142	0.151	0.585
0.130	0.165	0.596	0.109
>ACATGTAG	12-ACATGTAG	5.181231	-16.914473	0	T:167.0(19.33%),B:78.6(10.00%),P:1e-7	Tpos:37.1,Tstd:19.4,Bpos:40.2,Bstd:16.9,StrandBias:0.0,Multiplicity:1.13
0.898	0.023	0.034	0.045
0.277	0.603	0.023	0.097
0.895	0.004	0.045	0.056
0.023	0.079	0.113	0.785
0.097	0.045	0.811	0.047
0.205	0.097	0.045	0.653
0.737	0.023	0.110	0.130
0.127	0.126	0.637	0.110
>GATACTTT	13-GATACTTT	6.573988	-14.522637	0	T:67.0(7.75%),B:19.6(2.49%),P:1e-6	Tpos:38.9,Tstd:20.0,Bpos:36.5,Bstd:12.9,StrandBias:0.2,Multiplicity:1.03
0.090	0.001	0.665	0.244
0.864	0.054	0.001	0.081
0.044	0.001	0.162	0.793
0.891	0.027	0.081	0.001
0.135	0.810	0.054	0.001
0.001	0.001	0.001	0.997
0.001	0.001	0.001	0.997
0.001	0.001	0.026	0.972
>GTTGCCCA	14-GTTGCCCA	7.469060	-14.395183	0	T:40.0(4.63%),B:7.0(0.89%),P:1e-6	Tpos:34.8,Tstd:18.5,Bpos:37.0,Bstd:12.2,StrandBias:0.7,Multiplicity:1.00
0.001	0.116	0.882	0.001
0.001	0.121	0.001	0.877
0.001	0.001	0.001	0.997
0.001	0.001	0.960	0.038
0.001	0.997	0.001	0.001
0.077	0.921	0.001	0.001
0.001	0.997	0.001	0.001
0.997	0.001	0.001	0.001
