>TCCGCCTCCC	1-TCCGCCTCCC	7.353800	-56.357441	0	T:171.0(19.79%),B:30.6(3.89%),P:1e-24	Tpos:37.0,Tstd:18.8,Bpos:34.8,Bstd:28.4,StrandBias:-0.8,Multiplicity:1.20
0.044	0.088	0.117	0.751
0.015	0.868	0.102	0.015
0.157	0.470	0.107	0.266
0.133	0.073	0.706	0.088
0.014	0.927	0.001	0.058
0.029	0.897	0.001	0.073
0.058	0.029	0.015	0.898
0.058	0.737	0.088	0.117
0.015	0.926	0.015	0.044
0.015	0.839	0.015	0.131
>GGAAGCCAAG	2-GGAAGCCAAG	6.822216	-42.163702	0	T:112.0(12.96%),B:15.6(1.99%),P:1e-18	Tpos:39.5,Tstd:20.4,Bpos:33.7,Bstd:27.6,StrandBias:0.6,Multiplicity:1.04
0.064	0.022	0.850	0.064
0.064	0.001	0.892	0.043
0.695	0.176	0.107	0.022
0.774	0.001	0.182	0.043
0.067	0.086	0.825	0.022
0.064	0.805	0.067	0.064
0.113	0.822	0.001	0.064
0.785	0.043	0.150	0.022
0.695	0.043	0.172	0.090
0.066	0.045	0.888	0.001
>AAAGTGYTGG	3-AAAGTGYTGG	9.109736	-30.941678	0	T:69.0(7.99%),B:6.8(0.86%),P:1e-13	Tpos:36.5,Tstd:18.8,Bpos:46.3,Bstd:11.7,StrandBias:-0.7,Multiplicity:1.00
0.793	0.205	0.001	0.001
0.997	0.001	0.001	0.001
0.997	0.001	0.001	0.001
0.205	0.001	0.793	0.001
0.274	0.001	0.001	0.724
0.069	0.206	0.724	0.001
0.206	0.377	0.001	0.416
0.001	0.001	0.001	0.997
0.282	0.001	0.716	0.001
0.001	0.001	0.930	0.068
>GCTGCAGTGA	4-GCTGCAGTGA	7.023358	-29.029813	0	T:74.0(8.56%),B:10.0(1.27%),P:1e-12	Tpos:38.2,Tstd:21.9,Bpos:41.5,Bstd:24.4,StrandBias:0.4,Multiplicity:1.07
0.035	0.052	0.850	0.063
0.054	0.805	0.083	0.058
0.078	0.129	0.001	0.792
0.104	0.104	0.735	0.057
0.078	0.816	0.052	0.054
0.765	0.078	0.078	0.079
0.056	0.082	0.757	0.105
0.035	0.130	0.132	0.703
0.031	0.056	0.887	0.026
0.838	0.053	0.056	0.053
>GGGCGTGGTG	5-GGGCGTGGTG	8.313984	-28.128784	0	T:55.0(6.37%),B:3.7(0.47%),P:1e-12	Tpos:29.2,Tstd:17.7,Bpos:8.3,Bstd:2.6,StrandBias:0.7,Multiplicity:1.00
0.072	0.045	0.815	0.068
0.045	0.045	0.865	0.045
0.068	0.112	0.798	0.022
0.136	0.475	0.202	0.188
0.094	0.046	0.747	0.113
0.046	0.118	0.067	0.769
0.068	0.001	0.886	0.045
0.090	0.001	0.887	0.022
0.067	0.001	0.090	0.842
0.044	0.001	0.954	0.001
>AGCCCAGCCT	6-AGCCCAGCCT	8.418524	-27.094400	0	T:68.0(7.87%),B:8.9(1.13%),P:1e-11	Tpos:39.9,Tstd:18.7,Bpos:44.9,Bstd:10.0,StrandBias:0.5,Multiplicity:1.02
0.611	0.188	0.031	0.170
0.123	0.062	0.616	0.199
0.254	0.684	0.061	0.001
0.001	0.968	0.001	0.030
0.061	0.908	0.030	0.001
0.903	0.001	0.001	0.095
0.030	0.001	0.816	0.153
0.001	0.737	0.193	0.069
0.003	0.995	0.001	0.001
0.035	0.127	0.031	0.807
>AGAATCGCTT	7-AGAATCGCTT	9.418391	-26.963282	0	T:41.0(4.75%),B:0.0(0.00%),P:1e-11	Tpos:34.3,Tstd:17.7,Bpos:0.0,Bstd:0.0,StrandBias:0.5,Multiplicity:1.00
0.973	0.001	0.025	0.001
0.025	0.001	0.973	0.001
0.973	0.001	0.025	0.001
0.973	0.025	0.001	0.001
0.001	0.001	0.001	0.997
0.026	0.947	0.026	0.001
0.369	0.026	0.604	0.001
0.026	0.947	0.001	0.026
0.001	0.001	0.001	0.997
0.026	0.001	0.026	0.947
>RANYNCAGGV	8-RANYNCAGGV	6.135236	-26.528355	0	T:118.0(13.66%),B:32.7(4.16%),P:1e-11	Tpos:36.7,Tstd:18.5,Bpos:27.9,Bstd:20.9,StrandBias:-0.2,Multiplicity:1.03
0.356	0.173	0.368	0.104
0.670	0.051	0.278	0.001
0.221	0.287	0.300	0.192
0.145	0.292	0.125	0.438
0.249	0.271	0.284	0.196
0.001	0.953	0.045	0.001
0.711	0.001	0.001	0.287
0.166	0.001	0.817	0.016
0.003	0.349	0.531	0.117
0.336	0.303	0.288	0.074
>CCAGCTACTT	9-CCAGCTACTT	6.306874	-24.383060	0	T:84.0(9.72%),B:17.2(2.19%),P:1e-10	Tpos:32.6,Tstd:19.4,Bpos:36.1,Bstd:39.2,StrandBias:0.0,Multiplicity:1.05
0.183	0.550	0.148	0.119
0.160	0.644	0.051	0.145
0.944	0.053	0.001	0.002
0.114	0.145	0.462	0.278
0.132	0.528	0.187	0.153
0.150	0.211	0.003	0.636
0.522	0.189	0.162	0.127
0.208	0.511	0.066	0.215
0.217	0.148	0.102	0.533
0.148	0.257	0.115	0.481
>GATGGGGTTT	10-GATGGGGTTT	7.421641	-20.701237	0	T:59.0(6.83%),B:9.7(1.23%),P:1e-8	Tpos:34.4,Tstd:19.6,Bpos:37.8,Bstd:18.5,StrandBias:1.6,Multiplicity:1.00
0.089	0.045	0.778	0.088
0.736	0.066	0.088	0.110
0.045	0.098	0.022	0.835
0.021	0.001	0.977	0.001
0.022	0.066	0.802	0.110
0.067	0.001	0.821	0.111
0.045	0.110	0.757	0.088
0.198	0.044	0.044	0.714
0.001	0.158	0.044	0.797
0.022	0.089	0.066	0.823
>TTTATTTAAA	11-TTTATTTAAA	7.620143	-20.414038	0	T:80.0(9.26%),B:19.2(2.45%),P:1e-8	Tpos:36.1,Tstd:19.7,Bpos:39.3,Bstd:14.6,StrandBias:0.4,Multiplicity:1.09
0.130	0.012	0.071	0.787
0.095	0.108	0.095	0.702
0.095	0.072	0.012	0.821
0.844	0.035	0.050	0.071
0.012	0.048	0.035	0.905
0.012	0.035	0.059	0.894
0.024	0.048	0.061	0.867
0.653	0.106	0.083	0.158
0.726	0.108	0.083	0.083
0.823	0.095	0.047	0.035
>GTTTCTTCTC	12-GTTTCTTCTC	7.470579	-20.135715	0	T:67.0(7.75%),B:13.4(1.71%),P:1e-8	Tpos:35.6,Tstd:18.8,Bpos:36.5,Bstd:17.3,StrandBias:-0.3,Multiplicity:1.03
0.208	0.223	0.453	0.115
0.001	0.210	0.001	0.788
0.309	0.001	0.101	0.589
0.104	0.001	0.001	0.894
0.001	0.796	0.202	0.001
0.067	0.001	0.001	0.931
0.001	0.071	0.001	0.927
0.001	0.965	0.001	0.033
0.001	0.033	0.001	0.965
0.101	0.698	0.001	0.200
>AAATTTCTAT	13-AAATTTCTAT	7.258718	-17.581770	0	T:70.0(8.10%),B:17.7(2.25%),P:1e-7	Tpos:40.8,Tstd:20.2,Bpos:34.9,Bstd:19.4,StrandBias:0.3,Multiplicity:1.12
0.874	0.060	0.036	0.030
0.935	0.061	0.003	0.001
0.788	0.030	0.060	0.122
0.001	0.001	0.001	0.997
0.370	0.001	0.064	0.565
0.275	0.089	0.001	0.635
0.030	0.669	0.212	0.089
0.059	0.092	0.001	0.848
0.814	0.001	0.030	0.155
0.039	0.001	0.344	0.616
>GGTTCAAGCA	14-GGTTCAAGCA	7.423961	-17.168026	0	T:37.0(4.28%),B:3.3(0.42%),P:1e-7	Tpos:34.8,Tstd:17.4,Bpos:65.0,Bstd:1.9,StrandBias:-1.1,Multiplicity:1.00
0.157	0.088	0.601	0.154
0.045	0.233	0.445	0.277
0.001	0.244	0.089	0.666
0.121	0.001	0.001	0.877
0.088	0.645	0.266	0.001
0.677	0.300	0.022	0.001
0.844	0.077	0.001	0.078
0.122	0.099	0.668	0.111
0.264	0.458	0.188	0.090
0.547	0.220	0.045	0.188
>NAGGAGTTCN	15-NAGGAGTTCN	5.378119	-15.781130	0	T:45.0(5.21%),B:7.2(0.91%),P:1e-6	Tpos:38.7,Tstd:19.4,Bpos:19.6,Bstd:12.1,StrandBias:1.1,Multiplicity:1.00
0.248	0.334	0.209	0.209
0.577	0.099	0.139	0.185
0.158	0.092	0.585	0.165
0.159	0.148	0.547	0.146
0.587	0.095	0.156	0.162
0.163	0.169	0.511	0.157
0.164	0.131	0.151	0.554
0.134	0.157	0.139	0.570
0.182	0.479	0.165	0.174
0.263	0.228	0.254	0.254
>ATCTCCCCAC	16-ATCTCCCCAC	7.451123	-11.953499	0	T:33.0(3.82%),B:5.2(0.66%),P:1e-5	Tpos:40.4,Tstd:18.0,Bpos:48.7,Bstd:18.7,StrandBias:-0.9,Multiplicity:1.03
0.709	0.124	0.064	0.103
0.062	0.082	0.062	0.794
0.105	0.728	0.105	0.062
0.144	0.021	0.041	0.794
0.062	0.820	0.033	0.085
0.103	0.876	0.020	0.001
0.082	0.835	0.021	0.062
0.041	0.815	0.103	0.041
0.874	0.041	0.023	0.062
0.041	0.790	0.064	0.105
>GGCAGGAGGG	17-GGCAGGAGGG	8.742189	-8.800454	0	T:29.0(3.36%),B:6.8(0.87%),P:1e-3	Tpos:40.8,Tstd:19.2,Bpos:67.0,Bstd:0.0,StrandBias:0.7,Multiplicity:1.00
0.157	0.001	0.768	0.074
0.001	0.001	0.925	0.073
0.075	0.767	0.157	0.001
0.756	0.001	0.242	0.001
0.001	0.001	0.997	0.001
0.315	0.010	0.674	0.001
0.620	0.010	0.148	0.222
0.158	0.001	0.840	0.001
0.268	0.001	0.730	0.001
0.123	0.010	0.866	0.001
>AAGCAGGAAG	18-AAGCAGGAAG	7.778770	-6.950834	0	T:27.0(3.12%),B:7.2(0.91%),P:1e-3	Tpos:36.5,Tstd:21.1,Bpos:54.4,Bstd:15.6,StrandBias:0.2,Multiplicity:1.08
0.767	0.112	0.093	0.028
0.863	0.022	0.045	0.070
0.093	0.118	0.744	0.045
0.070	0.638	0.180	0.112
0.841	0.022	0.067	0.070
0.112	0.045	0.776	0.067
0.045	0.112	0.818	0.025
0.818	0.093	0.067	0.022
0.865	0.001	0.067	0.067
0.045	0.022	0.911	0.022
