>GGCTGGGA	1-GGCTGGGA	4.976763	-59.113299	0	T:550.0(37.75%),B:292.6(20.07%),P:1e-25	Tpos:37.8,Tstd:19.9,Bpos:36.0,Bstd:23.5,StrandBias:-0.2,Multiplicity:1.39
0.132	0.074	0.661	0.133
0.121	0.166	0.650	0.063
0.096	0.694	0.130	0.080
0.059	0.044	0.038	0.859
0.035	0.014	0.905	0.046
0.152	0.008	0.777	0.063
0.055	0.089	0.773	0.083
0.686	0.101	0.132	0.081
>ATTATTTG	2-ATTATTTG	5.527115	-43.945083	0	T:404.0(27.73%),B:206.2(14.15%),P:1e-19	Tpos:38.6,Tstd:19.3,Bpos:35.9,Bstd:18.7,StrandBias:0.0,Multiplicity:1.12
0.741	0.054	0.059	0.146
0.116	0.113	0.069	0.702
0.071	0.189	0.054	0.686
0.763	0.046	0.095	0.096
0.044	0.215	0.067	0.674
0.027	0.044	0.060	0.869
0.038	0.008	0.058	0.896
0.064	0.120	0.676	0.140
>TCGTGTCT	3-TCGTGTCT	5.464787	-36.521859	0	T:247.0(16.95%),B:105.0(7.20%),P:1e-15	Tpos:37.5,Tstd:19.4,Bpos:41.0,Bstd:23.8,StrandBias:-0.4,Multiplicity:1.03
0.063	0.110	0.059	0.768
0.040	0.740	0.106	0.114
0.128	0.242	0.510	0.120
0.051	0.025	0.070	0.854
0.052	0.132	0.790	0.026
0.100	0.131	0.135	0.634
0.022	0.859	0.081	0.038
0.045	0.059	0.041	0.855
>TCTAGGCT	4-TCTAGGCT	6.812442	-31.904058	0	T:95.0(6.52%),B:18.7(1.28%),P:1e-13	Tpos:41.2,Tstd:18.9,Bpos:34.9,Bstd:20.8,StrandBias:0.0,Multiplicity:1.01
0.015	0.093	0.001	0.891
0.001	0.984	0.001	0.014
0.001	0.093	0.093	0.813
0.934	0.059	0.001	0.006
0.046	0.001	0.952	0.001
0.015	0.001	0.938	0.046
0.093	0.533	0.001	0.373
0.001	0.092	0.001	0.906
>CDGCARCC	5-CDGCARCC	4.524116	-29.321404	0	T:543.0(37.27%),B:361.3(24.79%),P:1e-12	Tpos:35.8,Tstd:20.5,Bpos:36.0,Bstd:25.9,StrandBias:-0.2,Multiplicity:1.42
0.083	0.879	0.001	0.037
0.270	0.136	0.241	0.353
0.001	0.118	0.598	0.283
0.001	0.731	0.267	0.001
0.563	0.326	0.005	0.106
0.373	0.114	0.364	0.149
0.012	0.665	0.222	0.101
0.144	0.850	0.001	0.005
>TATTTATA	6-TATTTATA	6.663033	-26.132702	0	T:221.0(15.17%),B:105.6(7.24%),P:1e-11	Tpos:37.4,Tstd:19.6,Bpos:35.2,Bstd:22.5,StrandBias:-0.1,Multiplicity:1.24
0.001	0.056	0.038	0.905
0.964	0.034	0.001	0.001
0.042	0.001	0.001	0.956
0.219	0.001	0.001	0.779
0.001	0.001	0.001	0.997
0.819	0.069	0.021	0.091
0.044	0.071	0.028	0.857
0.745	0.046	0.001	0.208
>TCCCGAGT	7-TCCCGAGT	6.203102	-24.309421	0	T:115.0(7.89%),B:37.1(2.55%),P:1e-10	Tpos:34.3,Tstd:19.8,Bpos:39.2,Bstd:21.2,StrandBias:0.9,Multiplicity:1.01
0.001	0.027	0.001	0.971
0.001	0.971	0.027	0.001
0.001	0.971	0.001	0.027
0.001	0.997	0.001	0.001
0.313	0.001	0.685	0.001
0.971	0.001	0.027	0.001
0.027	0.001	0.971	0.001
0.028	0.028	0.028	0.916
>AAATGTAA	8-AAATGTAA	7.018136	-23.125122	0	T:109.0(7.48%),B:36.0(2.47%),P:1e-10	Tpos:34.5,Tstd:19.9,Bpos:34.7,Bstd:15.9,StrandBias:0.0,Multiplicity:1.02
0.997	0.001	0.001	0.001
0.825	0.173	0.001	0.001
0.899	0.099	0.001	0.001
0.001	0.001	0.001	0.997
0.104	0.001	0.894	0.001
0.001	0.001	0.001	0.997
0.863	0.001	0.001	0.135
0.916	0.001	0.082	0.001
>GAAAGCAA	9-GAAAGCAA	6.850611	-21.029339	0	T:128.0(8.79%),B:50.7(3.48%),P:1e-9	Tpos:40.0,Tstd:17.9,Bpos:36.8,Bstd:16.8,StrandBias:-0.6,Multiplicity:1.13
0.001	0.120	0.834	0.045
0.997	0.001	0.001	0.001
0.997	0.001	0.001	0.001
0.979	0.001	0.001	0.019
0.034	0.063	0.883	0.020
0.250	0.600	0.149	0.001
0.956	0.001	0.001	0.042
0.798	0.080	0.082	0.040
>TCATCKTG	10-TCATCKTG	6.366033	-20.696044	0	T:90.0(6.18%),B:27.4(1.88%),P:1e-8	Tpos:41.2,Tstd:19.7,Bpos:28.6,Bstd:18.5,StrandBias:-0.0,Multiplicity:1.01
0.001	0.030	0.030	0.939
0.001	0.909	0.089	0.001
0.969	0.029	0.001	0.001
0.001	0.089	0.001	0.909
0.001	0.808	0.119	0.072
0.095	0.001	0.520	0.384
0.029	0.001	0.001	0.969
0.001	0.029	0.969	0.001
>TCTGTCTC	11-TCTGTCTC	7.204674	-17.886051	0	T:68.0(4.67%),B:18.9(1.30%),P:1e-7	Tpos:37.3,Tstd:19.5,Bpos:29.7,Bstd:17.2,StrandBias:0.3,Multiplicity:1.02
0.166	0.001	0.034	0.799
0.001	0.889	0.001	0.109
0.001	0.001	0.001	0.997
0.001	0.001	0.997	0.001
0.001	0.001	0.001	0.997
0.033	0.965	0.001	0.001
0.082	0.001	0.001	0.916
0.033	0.965	0.001	0.001
>TCTCACTC	12-TCTCACTC	8.809068	-16.970698	0	T:37.0(2.54%),B:4.9(0.34%),P:1e-7	Tpos:34.7,Tstd:21.4,Bpos:34.0,Bstd:20.7,StrandBias:0.6,Multiplicity:1.00
0.001	0.202	0.001	0.796
0.033	0.965	0.001	0.001
0.001	0.001	0.001	0.997
0.001	0.997	0.001	0.001
0.997	0.001	0.001	0.001
0.001	0.997	0.001	0.001
0.135	0.001	0.001	0.863
0.001	0.997	0.001	0.001
>GTAGAAGT	13-GTAGAAGT	7.526605	-16.854090	0	T:44.0(3.02%),B:7.8(0.54%),P:1e-7	Tpos:29.7,Tstd:16.6,Bpos:28.1,Bstd:16.7,StrandBias:1.8,Multiplicity:1.00
0.071	0.001	0.808	0.120
0.001	0.001	0.325	0.673
0.943	0.055	0.001	0.001
0.179	0.183	0.637	0.001
0.987	0.011	0.001	0.001
0.827	0.001	0.001	0.171
0.011	0.174	0.814	0.001
0.001	0.001	0.119	0.879
>SGAKKGCA	14-SGAKKGCA	8.778142	-16.767025	0	T:62.0(4.26%),B:16.4(1.13%),P:1e-7	Tpos:38.5,Tstd:17.2,Bpos:40.7,Bstd:20.6,StrandBias:0.2,Multiplicity:1.00
0.001	0.424	0.525	0.050
0.001	0.001	0.997	0.001
0.997	0.001	0.001	0.001
0.001	0.001	0.544	0.454
0.001	0.001	0.574	0.424
0.017	0.001	0.981	0.001
0.048	0.922	0.001	0.029
0.997	0.001	0.001	0.001
>CCCCGACG	15-CCCCGACG	6.446044	-13.763483	0	T:34.0(2.33%),B:5.7(0.39%),P:1e-5	Tpos:32.8,Tstd:19.9,Bpos:35.4,Bstd:13.2,StrandBias:-0.6,Multiplicity:1.03
0.027	0.839	0.001	0.133
0.013	0.867	0.027	0.093
0.134	0.772	0.013	0.081
0.041	0.905	0.027	0.027
0.237	0.188	0.508	0.067
0.760	0.093	0.080	0.067
0.183	0.692	0.071	0.054
0.188	0.081	0.675	0.056
