>GCTGGGANWD	1-GCTGGGANWD	6.407059	-66.986292	0	T:360.0(24.71%),B:134.1(9.20%),P:1e-29	Tpos:37.5,Tstd:20.0,Bpos:37.0,Bstd:20.8,StrandBias:-0.3,Multiplicity:1.08
0.158	0.283	0.558	0.001
0.285	0.643	0.055	0.017
0.001	0.001	0.001	0.997
0.001	0.001	0.997	0.001
0.249	0.001	0.706	0.044
0.027	0.001	0.971	0.001
0.625	0.056	0.173	0.146
0.313	0.184	0.245	0.258
0.273	0.066	0.247	0.413
0.335	0.133	0.288	0.244
>CTCWDYCTCC	2-CTCWDYCTCC	6.791503	-51.120935	0	T:219.0(15.03%),B:65.9(4.52%),P:1e-22	Tpos:36.2,Tstd:18.6,Bpos:38.0,Bstd:22.9,StrandBias:-0.0,Multiplicity:1.23
0.169	0.632	0.029	0.170
0.116	0.160	0.034	0.690
0.145	0.645	0.034	0.176
0.245	0.208	0.164	0.382
0.326	0.010	0.354	0.311
0.220	0.378	0.049	0.353
0.092	0.623	0.053	0.232
0.005	0.033	0.001	0.961
0.005	0.712	0.063	0.220
0.155	0.680	0.010	0.155
>TTCAAGCGAT	3-TTCAAGCGAT	7.406189	-32.472838	0	T:136.0(9.33%),B:39.4(2.71%),P:1e-14	Tpos:37.4,Tstd:18.1,Bpos:32.7,Bstd:23.7,StrandBias:0.4,Multiplicity:1.01
0.050	0.174	0.016	0.760
0.016	0.017	0.016	0.951
0.049	0.835	0.083	0.033
0.885	0.082	0.001	0.032
0.918	0.016	0.001	0.065
0.083	0.017	0.884	0.016
0.066	0.505	0.180	0.249
0.249	0.132	0.504	0.115
0.935	0.032	0.001	0.032
0.049	0.066	0.033	0.852
>TGAGCCRAGA	4-TGAGCCRAGA	6.160419	-30.825217	0	T:59.0(4.05%),B:4.8(0.33%),P:1e-13	Tpos:43.6,Tstd:17.7,Bpos:16.6,Bstd:7.1,StrandBias:0.9,Multiplicity:1.00
0.001	0.001	0.001	0.997
0.001	0.025	0.973	0.001
0.997	0.001	0.001	0.001
0.001	0.025	0.973	0.001
0.026	0.947	0.001	0.026
0.001	0.997	0.001	0.001
0.417	0.001	0.556	0.026
0.895	0.026	0.001	0.078
0.001	0.001	0.997	0.001
0.997	0.001	0.001	0.001
>TTCTTGCTTT	5-TTCTTGCTTT	7.855179	-30.205148	0	T:96.0(6.59%),B:20.7(1.42%),P:1e-13	Tpos:37.0,Tstd:17.7,Bpos:43.5,Bstd:15.7,StrandBias:0.5,Multiplicity:1.01
0.131	0.056	0.156	0.657
0.001	0.055	0.001	0.943
0.149	0.832	0.018	0.001
0.037	0.056	0.001	0.906
0.175	0.019	0.019	0.787
0.001	0.064	0.725	0.210
0.168	0.693	0.083	0.056
0.001	0.038	0.001	0.960
0.058	0.194	0.093	0.655
0.001	0.111	0.001	0.887
>TACAAAGBAD	6-TACAAAGBAD	8.593408	-28.451111	0	T:78.0(5.35%),B:13.0(0.89%),P:1e-12	Tpos:35.8,Tstd:20.9,Bpos:35.4,Bstd:13.7,StrandBias:-0.7,Multiplicity:1.04
0.247	0.290	0.001	0.462
0.997	0.001	0.001	0.001
0.001	0.763	0.235	0.001
0.997	0.001	0.001	0.001
0.997	0.001	0.001	0.001
0.997	0.001	0.001	0.001
0.001	0.001	0.603	0.395
0.136	0.278	0.257	0.329
0.997	0.001	0.001	0.001
0.299	0.001	0.338	0.362
>CAGSCTGSWV	7-CAGSCTGSWV	7.230188	-27.060154	0	T:107.0(7.34%),B:29.1(1.99%),P:1e-11	Tpos:39.1,Tstd:18.3,Bpos:32.5,Bstd:22.2,StrandBias:0.1,Multiplicity:1.00
0.250	0.656	0.081	0.013
0.878	0.013	0.096	0.013
0.218	0.110	0.561	0.111
0.150	0.373	0.463	0.013
0.068	0.768	0.163	0.001
0.013	0.013	0.001	0.973
0.123	0.013	0.851	0.013
0.177	0.342	0.440	0.042
0.370	0.109	0.219	0.302
0.247	0.342	0.357	0.054
>CACCTCCCAG	8-CACCTCCCAG	8.202290	-26.960205	0	T:53.0(3.64%),B:4.4(0.30%),P:1e-11	Tpos:35.6,Tstd:21.0,Bpos:45.0,Bstd:0.0,StrandBias:0.0,Multiplicity:1.04
0.001	0.923	0.038	0.038
0.917	0.081	0.001	0.001
0.126	0.571	0.076	0.227
0.075	0.842	0.001	0.082
0.075	0.001	0.001	0.923
0.076	0.758	0.126	0.040
0.038	0.848	0.001	0.113
0.151	0.810	0.001	0.038
0.836	0.114	0.044	0.006
0.154	0.241	0.604	0.001
>CCCAACTACT	9-CCCAACTACT	6.398431	-23.453323	0	T:69.0(4.74%),B:13.7(0.94%),P:1e-10	Tpos:32.4,Tstd:24.6,Bpos:51.3,Bstd:13.9,StrandBias:0.2,Multiplicity:1.04
0.165	0.570	0.105	0.160
0.166	0.593	0.072	0.169
0.165	0.637	0.059	0.139
0.646	0.142	0.063	0.149
0.595	0.135	0.134	0.136
0.185	0.531	0.139	0.145
0.157	0.134	0.079	0.630
0.574	0.135	0.139	0.152
0.163	0.589	0.101	0.147
0.159	0.145	0.061	0.635
>CAGGCDTGAT	10-CAGGCDTGAT	7.586813	-22.830991	0	T:74.0(5.08%),B:16.8(1.15%),P:1e-9	Tpos:39.1,Tstd:17.8,Bpos:39.3,Bstd:28.6,StrandBias:-0.8,Multiplicity:1.03
0.001	0.930	0.001	0.068
0.997	0.001	0.001	0.001
0.068	0.001	0.930	0.001
0.001	0.001	0.712	0.286
0.138	0.648	0.001	0.213
0.426	0.001	0.286	0.287
0.001	0.001	0.001	0.997
0.068	0.001	0.930	0.001
0.860	0.001	0.138	0.001
0.080	0.139	0.202	0.579
>ATTTCTAGTA	11-ATTTCTAGTA	8.672189	-22.369330	0	T:67.0(4.60%),B:13.9(0.95%),P:1e-9	Tpos:35.4,Tstd:18.7,Bpos:37.1,Bstd:16.1,StrandBias:0.8,Multiplicity:1.02
0.875	0.001	0.001	0.123
0.001	0.001	0.001	0.997
0.001	0.001	0.001	0.997
0.061	0.001	0.001	0.937
0.005	0.857	0.067	0.071
0.371	0.001	0.001	0.627
0.997	0.001	0.001	0.001
0.253	0.001	0.745	0.001
0.124	0.062	0.001	0.813
0.772	0.062	0.062	0.104
>YCCCCACCCC	12-YCCCCACCCC	7.843197	-21.458570	0	T:52.0(3.57%),B:7.4(0.51%),P:1e-9	Tpos:33.5,Tstd:17.0,Bpos:39.8,Bstd:20.8,StrandBias:0.1,Multiplicity:1.26
0.204	0.358	0.175	0.263
0.001	0.540	0.087	0.372
0.001	0.997	0.001	0.001
0.001	0.997	0.001	0.001
0.001	0.997	0.001	0.001
0.563	0.080	0.001	0.356
0.001	0.838	0.160	0.001
0.001	0.997	0.001	0.001
0.001	0.997	0.001	0.001
0.001	0.997	0.001	0.001
>KTGGGAAGAC	13-KTGGGAAGAC	8.120811	-20.241974	0	T:29.0(1.99%),B:0.5(0.03%),P:1e-8	Tpos:33.4,Tstd:15.8,Bpos:60.0,Bstd:0.0,StrandBias:-0.1,Multiplicity:1.00
0.225	0.001	0.367	0.407
0.037	0.001	0.379	0.583
0.332	0.001	0.628	0.039
0.356	0.001	0.631	0.012
0.012	0.012	0.964	0.012
0.773	0.166	0.025	0.036
0.727	0.001	0.237	0.035
0.249	0.012	0.738	0.001
0.475	0.172	0.172	0.182
0.041	0.576	0.014	0.369
>AAGTAAAGAA	14-AAGTAAAGAA	8.988908	-19.275008	0	T:38.0(2.61%),B:3.6(0.24%),P:1e-8	Tpos:34.7,Tstd:18.3,Bpos:49.6,Bstd:7.7,StrandBias:0.2,Multiplicity:1.00
0.923	0.038	0.001	0.038
0.961	0.001	0.001	0.037
0.038	0.001	0.923	0.038
0.154	0.038	0.154	0.654
0.961	0.037	0.001	0.001
0.961	0.001	0.037	0.001
0.961	0.037	0.001	0.001
0.001	0.038	0.923	0.038
0.884	0.077	0.001	0.038
0.961	0.037	0.001	0.001
>CACTGCGCCC	15-CACTGCGCCC	8.403506	-18.835417	0	T:31.0(2.13%),B:1.3(0.09%),P:1e-8	Tpos:31.5,Tstd:15.4,Bpos:21.0,Bstd:0.0,StrandBias:-0.9,Multiplicity:1.00
0.035	0.860	0.070	0.035
0.893	0.001	0.105	0.001
0.001	0.964	0.001	0.034
0.176	0.052	0.001	0.771
0.004	0.035	0.926	0.035
0.180	0.573	0.106	0.141
0.079	0.285	0.601	0.035
0.001	0.859	0.035	0.105
0.070	0.785	0.001	0.144
0.001	0.820	0.070	0.109
>ACTGGGCATG	16-ACTGGGCATG	8.060371	-16.970698	0	T:37.0(2.54%),B:4.8(0.33%),P:1e-7	Tpos:40.0,Tstd:17.9,Bpos:42.6,Bstd:22.4,StrandBias:0.0,Multiplicity:1.00
0.771	0.044	0.141	0.044
0.088	0.818	0.069	0.025
0.177	0.110	0.022	0.691
0.066	0.025	0.843	0.066
0.091	0.044	0.843	0.022
0.044	0.022	0.846	0.088
0.001	0.779	0.069	0.151
0.799	0.135	0.022	0.044
0.025	0.022	0.066	0.887
0.154	0.069	0.755	0.022
>CAGAATGAGA	17-CAGAATGAGA	7.748713	-16.067187	0	T:51.0(3.50%),B:11.8(0.81%),P:1e-6	Tpos:34.7,Tstd:18.1,Bpos:34.5,Bstd:13.3,StrandBias:-0.1,Multiplicity:1.00
0.091	0.764	0.036	0.109
0.820	0.036	0.036	0.108
0.111	0.019	0.833	0.037
0.729	0.054	0.126	0.091
0.805	0.055	0.122	0.018
0.108	0.019	0.108	0.765
0.018	0.018	0.910	0.054
0.802	0.018	0.108	0.072
0.054	0.054	0.783	0.109
0.820	0.036	0.054	0.090
>ATATATATAT	18-ATATATATAT	2.943506	-15.742139	0	T:254.0(17.43%),B:157.4(10.80%),P:1e-6	Tpos:37.0,Tstd:19.0,Bpos:37.0,Bstd:21.4,StrandBias:-0.1,Multiplicity:1.26
0.997	0.001	0.001	0.001
0.001	0.001	0.001	0.997
0.699	0.001	0.001	0.299
0.001	0.001	0.001	0.997
0.997	0.001	0.001	0.001
0.014	0.001	0.001	0.984
0.593	0.001	0.001	0.405
0.001	0.001	0.001	0.997
0.824	0.001	0.001	0.174
0.378	0.001	0.001	0.620
>TATTGCAGCA	19-TATTGCAGCA	8.151686	-14.821835	0	T:25.0(1.72%),B:1.9(0.13%),P:1e-6	Tpos:38.5,Tstd:18.0,Bpos:36.0,Bstd:0.0,StrandBias:0.2,Multiplicity:1.09
0.081	0.099	0.079	0.741
0.815	0.081	0.062	0.042
0.002	0.099	0.099	0.800
0.081	0.001	0.119	0.799
0.059	0.079	0.703	0.159
0.059	0.760	0.020	0.161
0.877	0.001	0.039	0.083
0.121	0.001	0.836	0.042
0.020	0.840	0.059	0.081
0.862	0.059	0.059	0.020
>ATGACAGAGA	20-ATGACAGAGA	8.894097	-14.628668	0	T:21.0(1.44%),B:0.0(0.00%),P:1e-6	Tpos:43.3,Tstd:20.9,Bpos:0.0,Bstd:0.0,StrandBias:0.7,Multiplicity:1.00
0.997	0.001	0.001	0.001
0.001	0.001	0.080	0.918
0.001	0.001	0.997	0.001
0.918	0.001	0.080	0.001
0.138	0.702	0.080	0.080
0.838	0.001	0.001	0.160
0.160	0.001	0.838	0.001
0.918	0.001	0.001	0.080
0.080	0.001	0.918	0.001
0.918	0.001	0.001	0.080
>TTATTATTCT	21-TTATTATTCT	10.019114	-11.615029	0	T:23.0(1.58%),B:2.7(0.18%),P:1e-5	Tpos:35.4,Tstd:18.8,Bpos:31.1,Bstd:11.9,StrandBias:0.0,Multiplicity:1.00
0.001	0.034	0.001	0.964
0.035	0.035	0.035	0.895
0.964	0.034	0.001	0.001
0.001	0.001	0.001	0.997
0.001	0.001	0.034	0.964
0.826	0.104	0.001	0.069
0.001	0.001	0.001	0.997
0.034	0.001	0.001	0.964
0.312	0.485	0.035	0.168
0.001	0.034	0.001	0.964
>TACATGCATA	22-TACATGCATA	7.016687	-10.447777	0	T:36.0(2.47%),B:9.2(0.63%),P:1e-4	Tpos:39.3,Tstd:22.1,Bpos:36.2,Bstd:18.1,StrandBias:0.9,Multiplicity:1.03
0.111	0.106	0.071	0.712
0.674	0.098	0.090	0.138
0.108	0.691	0.095	0.106
0.754	0.106	0.042	0.098
0.124	0.029	0.084	0.763
0.119	0.069	0.693	0.119
0.090	0.632	0.103	0.175
0.704	0.114	0.045	0.137
0.106	0.119	0.108	0.667
0.712	0.056	0.124	0.108
