>CCTCNGCCTCCC	1-CCTCNGCCTCCC	8.573147	-48.969092	0	T:194.0(13.32%),B:53.3(3.66%),P:1e-21	Tpos:35.9,Tstd:18.2,Bpos:40.3,Bstd:25.6,StrandBias:0.0,Multiplicity:1.23
0.001	0.740	0.072	0.187
0.048	0.829	0.001	0.122
0.072	0.187	0.023	0.718
0.024	0.742	0.093	0.141
0.285	0.217	0.278	0.219
0.169	0.144	0.637	0.050
0.001	0.788	0.023	0.188
0.093	0.812	0.001	0.094
0.023	0.001	0.001	0.975
0.001	0.859	0.024	0.116
0.024	0.905	0.001	0.070
0.023	0.713	0.001	0.263
>TCCCAGCWACTT	2-TCCCAGCWACTT	6.852284	-47.726119	0	T:222.0(15.24%),B:71.1(4.88%),P:1e-20	Tpos:35.1,Tstd:21.3,Bpos:39.5,Bstd:21.1,StrandBias:0.0,Multiplicity:1.05
0.099	0.066	0.090	0.745
0.042	0.686	0.082	0.190
0.050	0.851	0.001	0.098
0.041	0.868	0.001	0.090
0.960	0.008	0.016	0.016
0.075	0.066	0.735	0.124
0.133	0.578	0.149	0.140
0.362	0.157	0.050	0.431
0.573	0.156	0.074	0.197
0.215	0.432	0.091	0.263
0.190	0.049	0.066	0.695
0.140	0.140	0.116	0.604
>NCCCAGGCTGGR	3-NCCCAGGCTGGR	6.654659	-44.318300	0	T:218.0(14.96%),B:74.0(5.08%),P:1e-19	Tpos:40.3,Tstd:18.5,Bpos:33.9,Bstd:23.7,StrandBias:0.1,Multiplicity:1.02
0.231	0.213	0.332	0.224
0.217	0.464	0.121	0.198
0.324	0.505	0.040	0.131
0.252	0.590	0.105	0.053
0.802	0.001	0.145	0.052
0.118	0.001	0.815	0.066
0.104	0.298	0.597	0.001
0.164	0.834	0.001	0.001
0.212	0.013	0.001	0.774
0.001	0.001	0.881	0.117
0.106	0.119	0.774	0.001
0.357	0.001	0.450	0.192
>GCTGGGAHTACA	4-GCTGGGAHTACA	8.687199	-44.199686	0	T:138.0(9.47%),B:28.5(1.96%),P:1e-19	Tpos:39.6,Tstd:18.9,Bpos:43.3,Bstd:23.7,StrandBias:-0.1,Multiplicity:1.00
0.258	0.176	0.441	0.126
0.001	0.912	0.086	0.001
0.001	0.001	0.001	0.997
0.086	0.001	0.912	0.001
0.088	0.001	0.784	0.127
0.084	0.001	0.790	0.125
0.535	0.001	0.209	0.255
0.304	0.338	0.084	0.273
0.310	0.082	0.001	0.607
0.649	0.001	0.221	0.129
0.255	0.484	0.001	0.261
0.953	0.045	0.001	0.001
>AGTGAGCCAAGA	5-AGTGAGCCAAGA	10.409522	-25.864376	0	T:45.0(3.09%),B:3.0(0.21%),P:1e-11	Tpos:43.0,Tstd:18.6,Bpos:20.5,Bstd:8.6,StrandBias:0.9,Multiplicity:1.00
0.700	0.100	0.100	0.100
0.100	0.100	0.700	0.100
0.100	0.100	0.100	0.700
0.100	0.100	0.700	0.100
0.700	0.100	0.100	0.100
0.100	0.100	0.700	0.100
0.100	0.700	0.100	0.100
0.100	0.700	0.100	0.100
0.700	0.100	0.100	0.100
0.700	0.100	0.100	0.100
0.100	0.100	0.700	0.100
0.700	0.100	0.100	0.100
>AAGTGATCCTCC	6-AAGTGATCCTCC	9.568277	-25.571538	0	T:75.0(5.15%),B:14.9(1.02%),P:1e-11	Tpos:37.8,Tstd:17.4,Bpos:23.7,Bstd:17.2,StrandBias:-0.1,Multiplicity:1.00
0.860	0.001	0.138	0.001
0.918	0.001	0.080	0.001
0.068	0.001	0.930	0.001
0.011	0.335	0.069	0.585
0.184	0.138	0.677	0.001
0.792	0.069	0.138	0.001
0.001	0.001	0.207	0.791
0.138	0.578	0.001	0.283
0.001	0.845	0.001	0.153
0.070	0.001	0.074	0.855
0.081	0.769	0.001	0.149
0.068	0.930	0.001	0.001
>WCAAARTRAGAC	7-WCAAARTRAGAC	8.748265	-23.537615	0	T:53.0(3.64%),B:6.9(0.47%),P:1e-10	Tpos:32.3,Tstd:19.3,Bpos:37.0,Bstd:11.2,StrandBias:-0.7,Multiplicity:1.04
0.509	0.025	0.001	0.465
0.357	0.570	0.001	0.072
0.851	0.074	0.026	0.049
0.517	0.221	0.183	0.079
0.799	0.002	0.172	0.027
0.504	0.072	0.423	0.001
0.027	0.224	0.075	0.674
0.549	0.001	0.402	0.048
0.602	0.001	0.048	0.349
0.172	0.029	0.747	0.052
0.878	0.001	0.096	0.025
0.050	0.556	0.024	0.370
>TTCTTYCTTTCY	8-TTCTTYCTTTCY	8.164715	-21.948044	0	T:108.0(7.41%),B:36.4(2.50%),P:1e-9	Tpos:36.6,Tstd:18.9,Bpos:40.1,Bstd:13.4,StrandBias:0.6,Multiplicity:1.09
0.032	0.001	0.010	0.957
0.108	0.118	0.148	0.626
0.079	0.707	0.040	0.174
0.139	0.031	0.001	0.829
0.050	0.039	0.108	0.803
0.001	0.430	0.010	0.559
0.389	0.577	0.001	0.033
0.039	0.157	0.001	0.803
0.019	0.108	0.001	0.872
0.011	0.177	0.020	0.792
0.020	0.768	0.050	0.162
0.108	0.452	0.001	0.439
>ANAAATAHAWAW	9-ANAAATAHAWAW	8.533935	-21.064396	0	T:162.0(11.12%),B:73.9(5.07%),P:1e-9	Tpos:36.6,Tstd:18.2,Bpos:42.8,Bstd:18.8,StrandBias:-0.0,Multiplicity:1.14
0.723	0.001	0.001	0.275
0.296	0.208	0.233	0.263
0.997	0.001	0.001	0.001
0.599	0.001	0.001	0.399
0.784	0.001	0.001	0.214
0.001	0.001	0.231	0.767
0.706	0.001	0.292	0.001
0.355	0.259	0.001	0.384
0.997	0.001	0.001	0.001
0.484	0.001	0.001	0.514
0.602	0.001	0.001	0.396
0.426	0.051	0.001	0.522
>CCCAGGVTKGAG	10-CCCAGGVTKGAG	8.586270	-16.393673	0	T:77.0(5.28%),B:25.9(1.78%),P:1e-7	Tpos:42.4,Tstd:18.6,Bpos:23.5,Bstd:22.7,StrandBias:-0.1,Multiplicity:1.00
0.001	0.784	0.123	0.092
0.001	0.906	0.001	0.092
0.001	0.845	0.001	0.153
0.814	0.062	0.062	0.062
0.154	0.061	0.784	0.001
0.001	0.001	0.892	0.106
0.276	0.308	0.415	0.001
0.169	0.154	0.154	0.523
0.246	0.001	0.430	0.323
0.001	0.368	0.630	0.001
0.830	0.001	0.001	0.168
0.001	0.001	0.937	0.061
>AATATTATTTTT	11-AATATTATTTTT	9.844513	-15.876330	0	T:40.0(2.75%),B:6.9(0.48%),P:1e-6	Tpos:38.8,Tstd:21.9,Bpos:27.0,Bstd:10.1,StrandBias:0.1,Multiplicity:1.06
0.684	0.001	0.314	0.001
0.744	0.001	0.001	0.254
0.001	0.001	0.001	0.997
0.865	0.133	0.001	0.001
0.225	0.001	0.001	0.773
0.001	0.001	0.001	0.997
0.483	0.184	0.001	0.332
0.189	0.001	0.001	0.809
0.095	0.178	0.001	0.726
0.310	0.001	0.001	0.688
0.001	0.001	0.272	0.726
0.001	0.133	0.001	0.865
>HRHKTGACCCAC	12-HRHKTGACCCAC	7.486466	-15.410806	0	T:68.0(4.67%),B:21.2(1.45%),P:1e-6	Tpos:37.5,Tstd:17.3,Bpos:38.1,Bstd:19.7,StrandBias:-0.6,Multiplicity:1.01
0.318	0.338	0.049	0.295
0.357	0.124	0.479	0.040
0.232	0.324	0.085	0.359
0.160	0.041	0.458	0.341
0.083	0.001	0.086	0.830
0.001	0.186	0.812	0.001
0.851	0.082	0.001	0.066
0.043	0.567	0.221	0.169
0.041	0.915	0.001	0.043
0.001	0.997	0.001	0.001
0.699	0.187	0.093	0.021
0.001	0.744	0.254	0.001
>AAGMCARRGCAA	13-AAGMCARRGCAA	8.787278	-7.643562	0	T:11.0(0.75%),B:0.6(0.04%),P:1e-3	Tpos:37.4,Tstd:18.5,Bpos:42.0,Bstd:0.0,StrandBias:1.0,Multiplicity:1.00
0.411	0.223	0.220	0.147
0.827	0.101	0.029	0.043
0.147	0.280	0.529	0.044
0.458	0.483	0.045	0.014
0.030	0.750	0.191	0.029
0.591	0.219	0.015	0.175
0.400	0.058	0.513	0.029
0.454	0.015	0.474	0.058
0.016	0.396	0.573	0.015
0.030	0.837	0.104	0.029
0.619	0.014	0.029	0.338
0.526	0.107	0.322	0.045
