>GCTGGGANWD	1-GCTGGGANWD	6.407059	-66.986292	0	T:360.0(24.71%),B:134.1(9.20%),P:1e-29	Tpos:37.5,Tstd:20.0,Bpos:37.0,Bstd:20.8,StrandBias:-0.3,Multiplicity:1.08
0.158	0.283	0.558	0.001
0.285	0.643	0.055	0.017
0.001	0.001	0.001	0.997
0.001	0.001	0.997	0.001
0.249	0.001	0.706	0.044
0.027	0.001	0.971	0.001
0.625	0.056	0.173	0.146
0.313	0.184	0.245	0.258
0.273	0.066	0.247	0.413
0.335	0.133	0.288	0.244
>CTCWDYCTCC	2-CTCWDYCTCC	6.791503	-51.120935	0	T:219.0(15.03%),B:65.9(4.52%),P:1e-22	Tpos:36.2,Tstd:18.6,Bpos:38.0,Bstd:22.9,StrandBias:-0.0,Multiplicity:1.23
0.169	0.632	0.029	0.170
0.116	0.160	0.034	0.690
0.145	0.645	0.034	0.176
0.245	0.208	0.164	0.382
0.326	0.010	0.354	0.311
0.220	0.378	0.049	0.353
0.092	0.623	0.053	0.232
0.005	0.033	0.001	0.961
0.005	0.712	0.063	0.220
0.155	0.680	0.010	0.155
>TTCAAGCGAT	3-TTCAAGCGAT	7.406189	-32.472838	0	T:136.0(9.33%),B:39.4(2.71%),P:1e-14	Tpos:37.4,Tstd:18.1,Bpos:32.7,Bstd:23.7,StrandBias:0.4,Multiplicity:1.01
0.050	0.174	0.016	0.760
0.016	0.017	0.016	0.951
0.049	0.835	0.083	0.033
0.885	0.082	0.001	0.032
0.918	0.016	0.001	0.065
0.083	0.017	0.884	0.016
0.066	0.505	0.180	0.249
0.249	0.132	0.504	0.115
0.935	0.032	0.001	0.032
0.049	0.066	0.033	0.852
>TGAGCCRAGA	4-TGAGCCRAGA	6.160419	-30.825217	0	T:59.0(4.05%),B:4.8(0.33%),P:1e-13	Tpos:43.6,Tstd:17.7,Bpos:16.6,Bstd:7.1,StrandBias:0.9,Multiplicity:1.00
0.001	0.001	0.001	0.997
0.001	0.025	0.973	0.001
0.997	0.001	0.001	0.001
0.001	0.025	0.973	0.001
0.026	0.947	0.001	0.026
0.001	0.997	0.001	0.001
0.417	0.001	0.556	0.026
0.895	0.026	0.001	0.078
0.001	0.001	0.997	0.001
0.997	0.001	0.001	0.001
>TTCTTGCTTT	5-TTCTTGCTTT	7.855179	-30.205148	0	T:96.0(6.59%),B:20.7(1.42%),P:1e-13	Tpos:37.0,Tstd:17.7,Bpos:43.5,Bstd:15.7,StrandBias:0.5,Multiplicity:1.01
0.131	0.056	0.156	0.657
0.001	0.055	0.001	0.943
0.149	0.832	0.018	0.001
0.037	0.056	0.001	0.906
0.175	0.019	0.019	0.787
0.001	0.064	0.725	0.210
0.168	0.693	0.083	0.056
0.001	0.038	0.001	0.960
0.058	0.194	0.093	0.655
0.001	0.111	0.001	0.887
>TACAAAGBAD	6-TACAAAGBAD	8.593408	-28.451111	0	T:78.0(5.35%),B:13.0(0.89%),P:1e-12	Tpos:35.8,Tstd:20.9,Bpos:35.4,Bstd:13.7,StrandBias:-0.7,Multiplicity:1.04
0.247	0.290	0.001	0.462
0.997	0.001	0.001	0.001
0.001	0.763	0.235	0.001
0.997	0.001	0.001	0.001
0.997	0.001	0.001	0.001
0.997	0.001	0.001	0.001
0.001	0.001	0.603	0.395
0.136	0.278	0.257	0.329
0.997	0.001	0.001	0.001
0.299	0.001	0.338	0.362
>CAGSCTGSWV	7-CAGSCTGSWV	7.230188	-27.060154	0	T:107.0(7.34%),B:29.1(1.99%),P:1e-11	Tpos:39.1,Tstd:18.3,Bpos:32.5,Bstd:22.2,StrandBias:0.1,Multiplicity:1.00
0.250	0.656	0.081	0.013
0.878	0.013	0.096	0.013
0.218	0.110	0.561	0.111
0.150	0.373	0.463	0.013
0.068	0.768	0.163	0.001
0.013	0.013	0.001	0.973
0.123	0.013	0.851	0.013
0.177	0.342	0.440	0.042
0.370	0.109	0.219	0.302
0.247	0.342	0.357	0.054
>CACCTCCCAG	8-CACCTCCCAG	8.202290	-26.960205	0	T:53.0(3.64%),B:4.4(0.30%),P:1e-11	Tpos:35.6,Tstd:21.0,Bpos:45.0,Bstd:0.0,StrandBias:0.0,Multiplicity:1.04
0.001	0.923	0.038	0.038
0.917	0.081	0.001	0.001
0.126	0.571	0.076	0.227
0.075	0.842	0.001	0.082
0.075	0.001	0.001	0.923
0.076	0.758	0.126	0.040
0.038	0.848	0.001	0.113
0.151	0.810	0.001	0.038
0.836	0.114	0.044	0.006
0.154	0.241	0.604	0.001
>CCCAACTACT	9-CCCAACTACT	6.398431	-23.453323	0	T:69.0(4.74%),B:13.7(0.94%),P:1e-10	Tpos:32.4,Tstd:24.6,Bpos:51.3,Bstd:13.9,StrandBias:0.2,Multiplicity:1.04
0.165	0.570	0.105	0.160
0.166	0.593	0.072	0.169
0.165	0.637	0.059	0.139
0.646	0.142	0.063	0.149
0.595	0.135	0.134	0.136
0.185	0.531	0.139	0.145
0.157	0.134	0.079	0.630
0.574	0.135	0.139	0.152
0.163	0.589	0.101	0.147
0.159	0.145	0.061	0.635
>CAGGCDTGAT	10-CAGGCDTGAT	7.586813	-22.830991	0	T:74.0(5.08%),B:16.8(1.15%),P:1e-9	Tpos:39.1,Tstd:17.8,Bpos:39.3,Bstd:28.6,StrandBias:-0.8,Multiplicity:1.03
0.001	0.930	0.001	0.068
0.997	0.001	0.001	0.001
0.068	0.001	0.930	0.001
0.001	0.001	0.712	0.286
0.138	0.648	0.001	0.213
0.426	0.001	0.286	0.287
0.001	0.001	0.001	0.997
0.068	0.001	0.930	0.001
0.860	0.001	0.138	0.001
0.080	0.139	0.202	0.579
>ATTTCTAGTA	11-ATTTCTAGTA	8.672189	-22.369330	0	T:67.0(4.60%),B:13.9(0.95%),P:1e-9	Tpos:35.4,Tstd:18.7,Bpos:37.1,Bstd:16.1,StrandBias:0.8,Multiplicity:1.02
0.875	0.001	0.001	0.123
0.001	0.001	0.001	0.997
0.001	0.001	0.001	0.997
0.061	0.001	0.001	0.937
0.005	0.857	0.067	0.071
0.371	0.001	0.001	0.627
0.997	0.001	0.001	0.001
0.253	0.001	0.745	0.001
0.124	0.062	0.001	0.813
0.772	0.062	0.062	0.104
>YCCCCACCCC	12-YCCCCACCCC	7.843197	-21.458570	0	T:52.0(3.57%),B:7.4(0.51%),P:1e-9	Tpos:33.5,Tstd:17.0,Bpos:39.8,Bstd:20.8,StrandBias:0.1,Multiplicity:1.26
0.204	0.358	0.175	0.263
0.001	0.540	0.087	0.372
0.001	0.997	0.001	0.001
0.001	0.997	0.001	0.001
0.001	0.997	0.001	0.001
0.563	0.080	0.001	0.356
0.001	0.838	0.160	0.001
0.001	0.997	0.001	0.001
0.001	0.997	0.001	0.001
0.001	0.997	0.001	0.001
>KTGGGAAGAC	13-KTGGGAAGAC	8.120811	-20.241974	0	T:29.0(1.99%),B:0.5(0.03%),P:1e-8	Tpos:33.4,Tstd:15.8,Bpos:60.0,Bstd:0.0,StrandBias:-0.1,Multiplicity:1.00
0.225	0.001	0.367	0.407
0.037	0.001	0.379	0.583
0.332	0.001	0.628	0.039
0.356	0.001	0.631	0.012
0.012	0.012	0.964	0.012
0.773	0.166	0.025	0.036
0.727	0.001	0.237	0.035
0.249	0.012	0.738	0.001
0.475	0.172	0.172	0.182
0.041	0.576	0.014	0.369
>AAGTAAAGAA	14-AAGTAAAGAA	8.988908	-19.275008	0	T:38.0(2.61%),B:3.6(0.24%),P:1e-8	Tpos:34.7,Tstd:18.3,Bpos:49.6,Bstd:7.7,StrandBias:0.2,Multiplicity:1.00
0.923	0.038	0.001	0.038
0.961	0.001	0.001	0.037
0.038	0.001	0.923	0.038
0.154	0.038	0.154	0.654
0.961	0.037	0.001	0.001
0.961	0.001	0.037	0.001
0.961	0.037	0.001	0.001
0.001	0.038	0.923	0.038
0.884	0.077	0.001	0.038
0.961	0.037	0.001	0.001
>CACTGCGCCC	15-CACTGCGCCC	8.403506	-18.835417	0	T:31.0(2.13%),B:1.3(0.09%),P:1e-8	Tpos:31.5,Tstd:15.4,Bpos:21.0,Bstd:0.0,StrandBias:-0.9,Multiplicity:1.00
0.035	0.860	0.070	0.035
0.893	0.001	0.105	0.001
0.001	0.964	0.001	0.034
0.176	0.052	0.001	0.771
0.004	0.035	0.926	0.035
0.180	0.573	0.106	0.141
0.079	0.285	0.601	0.035
0.001	0.859	0.035	0.105
0.070	0.785	0.001	0.144
0.001	0.820	0.070	0.109
>ACTGGGCATG	16-ACTGGGCATG	8.060371	-16.970698	0	T:37.0(2.54%),B:4.8(0.33%),P:1e-7	Tpos:40.0,Tstd:17.9,Bpos:42.6,Bstd:22.4,StrandBias:0.0,Multiplicity:1.00
0.771	0.044	0.141	0.044
0.088	0.818	0.069	0.025
0.177	0.110	0.022	0.691
0.066	0.025	0.843	0.066
0.091	0.044	0.843	0.022
0.044	0.022	0.846	0.088
0.001	0.779	0.069	0.151
0.799	0.135	0.022	0.044
0.025	0.022	0.066	0.887
0.154	0.069	0.755	0.022
>CAGAATGAGA	17-CAGAATGAGA	7.748713	-16.067187	0	T:51.0(3.50%),B:11.8(0.81%),P:1e-6	Tpos:34.7,Tstd:18.1,Bpos:34.5,Bstd:13.3,StrandBias:-0.1,Multiplicity:1.00
0.091	0.764	0.036	0.109
0.820	0.036	0.036	0.108
0.111	0.019	0.833	0.037
0.729	0.054	0.126	0.091
0.805	0.055	0.122	0.018
0.108	0.019	0.108	0.765
0.018	0.018	0.910	0.054
0.802	0.018	0.108	0.072
0.054	0.054	0.783	0.109
0.820	0.036	0.054	0.090
>ATATATATAT	18-ATATATATAT	2.943506	-15.742139	0	T:254.0(17.43%),B:157.4(10.80%),P:1e-6	Tpos:37.0,Tstd:19.0,Bpos:37.0,Bstd:21.4,StrandBias:-0.1,Multiplicity:1.26
0.997	0.001	0.001	0.001
0.001	0.001	0.001	0.997
0.699	0.001	0.001	0.299
0.001	0.001	0.001	0.997
0.997	0.001	0.001	0.001
0.014	0.001	0.001	0.984
0.593	0.001	0.001	0.405
0.001	0.001	0.001	0.997
0.824	0.001	0.001	0.174
0.378	0.001	0.001	0.620
>TATTGCAGCA	19-TATTGCAGCA	8.151686	-14.821835	0	T:25.0(1.72%),B:1.9(0.13%),P:1e-6	Tpos:38.5,Tstd:18.0,Bpos:36.0,Bstd:0.0,StrandBias:0.2,Multiplicity:1.09
0.081	0.099	0.079	0.741
0.815	0.081	0.062	0.042
0.002	0.099	0.099	0.800
0.081	0.001	0.119	0.799
0.059	0.079	0.703	0.159
0.059	0.760	0.020	0.161
0.877	0.001	0.039	0.083
0.121	0.001	0.836	0.042
0.020	0.840	0.059	0.081
0.862	0.059	0.059	0.020
>ATGACAGAGA	20-ATGACAGAGA	8.894097	-14.628668	0	T:21.0(1.44%),B:0.0(0.00%),P:1e-6	Tpos:43.3,Tstd:20.9,Bpos:0.0,Bstd:0.0,StrandBias:0.7,Multiplicity:1.00
0.997	0.001	0.001	0.001
0.001	0.001	0.080	0.918
0.001	0.001	0.997	0.001
0.918	0.001	0.080	0.001
0.138	0.702	0.080	0.080
0.838	0.001	0.001	0.160
0.160	0.001	0.838	0.001
0.918	0.001	0.001	0.080
0.080	0.001	0.918	0.001
0.918	0.001	0.001	0.080
>TTATTATTCT	21-TTATTATTCT	10.019114	-11.615029	0	T:23.0(1.58%),B:2.7(0.18%),P:1e-5	Tpos:35.4,Tstd:18.8,Bpos:31.1,Bstd:11.9,StrandBias:0.0,Multiplicity:1.00
0.001	0.034	0.001	0.964
0.035	0.035	0.035	0.895
0.964	0.034	0.001	0.001
0.001	0.001	0.001	0.997
0.001	0.001	0.034	0.964
0.826	0.104	0.001	0.069
0.001	0.001	0.001	0.997
0.034	0.001	0.001	0.964
0.312	0.485	0.035	0.168
0.001	0.034	0.001	0.964
>TACATGCATA	22-TACATGCATA	7.016687	-10.447777	0	T:36.0(2.47%),B:9.2(0.63%),P:1e-4	Tpos:39.3,Tstd:22.1,Bpos:36.2,Bstd:18.1,StrandBias:0.9,Multiplicity:1.03
0.111	0.106	0.071	0.712
0.674	0.098	0.090	0.138
0.108	0.691	0.095	0.106
0.754	0.106	0.042	0.098
0.124	0.029	0.084	0.763
0.119	0.069	0.693	0.119
0.090	0.632	0.103	0.175
0.704	0.114	0.045	0.137
0.106	0.119	0.108	0.667
0.712	0.056	0.124	0.108
>CCTCNGCCTCCC	1-CCTCNGCCTCCC	8.573147	-48.969092	0	T:194.0(13.32%),B:53.3(3.66%),P:1e-21	Tpos:35.9,Tstd:18.2,Bpos:40.3,Bstd:25.6,StrandBias:0.0,Multiplicity:1.23
0.001	0.740	0.072	0.187
0.048	0.829	0.001	0.122
0.072	0.187	0.023	0.718
0.024	0.742	0.093	0.141
0.285	0.217	0.278	0.219
0.169	0.144	0.637	0.050
0.001	0.788	0.023	0.188
0.093	0.812	0.001	0.094
0.023	0.001	0.001	0.975
0.001	0.859	0.024	0.116
0.024	0.905	0.001	0.070
0.023	0.713	0.001	0.263
>TCCCAGCWACTT	2-TCCCAGCWACTT	6.852284	-47.726119	0	T:222.0(15.24%),B:71.1(4.88%),P:1e-20	Tpos:35.1,Tstd:21.3,Bpos:39.5,Bstd:21.1,StrandBias:0.0,Multiplicity:1.05
0.099	0.066	0.090	0.745
0.042	0.686	0.082	0.190
0.050	0.851	0.001	0.098
0.041	0.868	0.001	0.090
0.960	0.008	0.016	0.016
0.075	0.066	0.735	0.124
0.133	0.578	0.149	0.140
0.362	0.157	0.050	0.431
0.573	0.156	0.074	0.197
0.215	0.432	0.091	0.263
0.190	0.049	0.066	0.695
0.140	0.140	0.116	0.604
>NCCCAGGCTGGR	3-NCCCAGGCTGGR	6.654659	-44.318300	0	T:218.0(14.96%),B:74.0(5.08%),P:1e-19	Tpos:40.3,Tstd:18.5,Bpos:33.9,Bstd:23.7,StrandBias:0.1,Multiplicity:1.02
0.231	0.213	0.332	0.224
0.217	0.464	0.121	0.198
0.324	0.505	0.040	0.131
0.252	0.590	0.105	0.053
0.802	0.001	0.145	0.052
0.118	0.001	0.815	0.066
0.104	0.298	0.597	0.001
0.164	0.834	0.001	0.001
0.212	0.013	0.001	0.774
0.001	0.001	0.881	0.117
0.106	0.119	0.774	0.001
0.357	0.001	0.450	0.192
>GCTGGGAHTACA	4-GCTGGGAHTACA	8.687199	-44.199686	0	T:138.0(9.47%),B:28.5(1.96%),P:1e-19	Tpos:39.6,Tstd:18.9,Bpos:43.3,Bstd:23.7,StrandBias:-0.1,Multiplicity:1.00
0.258	0.176	0.441	0.126
0.001	0.912	0.086	0.001
0.001	0.001	0.001	0.997
0.086	0.001	0.912	0.001
0.088	0.001	0.784	0.127
0.084	0.001	0.790	0.125
0.535	0.001	0.209	0.255
0.304	0.338	0.084	0.273
0.310	0.082	0.001	0.607
0.649	0.001	0.221	0.129
0.255	0.484	0.001	0.261
0.953	0.045	0.001	0.001
>AGTGAGCCAAGA	5-AGTGAGCCAAGA	10.409522	-25.864376	0	T:45.0(3.09%),B:3.0(0.21%),P:1e-11	Tpos:43.0,Tstd:18.6,Bpos:20.5,Bstd:8.6,StrandBias:0.9,Multiplicity:1.00
0.700	0.100	0.100	0.100
0.100	0.100	0.700	0.100
0.100	0.100	0.100	0.700
0.100	0.100	0.700	0.100
0.700	0.100	0.100	0.100
0.100	0.100	0.700	0.100
0.100	0.700	0.100	0.100
0.100	0.700	0.100	0.100
0.700	0.100	0.100	0.100
0.700	0.100	0.100	0.100
0.100	0.100	0.700	0.100
0.700	0.100	0.100	0.100
>AAGTGATCCTCC	6-AAGTGATCCTCC	9.568277	-25.571538	0	T:75.0(5.15%),B:14.9(1.02%),P:1e-11	Tpos:37.8,Tstd:17.4,Bpos:23.7,Bstd:17.2,StrandBias:-0.1,Multiplicity:1.00
0.860	0.001	0.138	0.001
0.918	0.001	0.080	0.001
0.068	0.001	0.930	0.001
0.011	0.335	0.069	0.585
0.184	0.138	0.677	0.001
0.792	0.069	0.138	0.001
0.001	0.001	0.207	0.791
0.138	0.578	0.001	0.283
0.001	0.845	0.001	0.153
0.070	0.001	0.074	0.855
0.081	0.769	0.001	0.149
0.068	0.930	0.001	0.001
>WCAAARTRAGAC	7-WCAAARTRAGAC	8.748265	-23.537615	0	T:53.0(3.64%),B:6.9(0.47%),P:1e-10	Tpos:32.3,Tstd:19.3,Bpos:37.0,Bstd:11.2,StrandBias:-0.7,Multiplicity:1.04
0.509	0.025	0.001	0.465
0.357	0.570	0.001	0.072
0.851	0.074	0.026	0.049
0.517	0.221	0.183	0.079
0.799	0.002	0.172	0.027
0.504	0.072	0.423	0.001
0.027	0.224	0.075	0.674
0.549	0.001	0.402	0.048
0.602	0.001	0.048	0.349
0.172	0.029	0.747	0.052
0.878	0.001	0.096	0.025
0.050	0.556	0.024	0.370
>TTCTTYCTTTCY	8-TTCTTYCTTTCY	8.164715	-21.948044	0	T:108.0(7.41%),B:36.4(2.50%),P:1e-9	Tpos:36.6,Tstd:18.9,Bpos:40.1,Bstd:13.4,StrandBias:0.6,Multiplicity:1.09
0.032	0.001	0.010	0.957
0.108	0.118	0.148	0.626
0.079	0.707	0.040	0.174
0.139	0.031	0.001	0.829
0.050	0.039	0.108	0.803
0.001	0.430	0.010	0.559
0.389	0.577	0.001	0.033
0.039	0.157	0.001	0.803
0.019	0.108	0.001	0.872
0.011	0.177	0.020	0.792
0.020	0.768	0.050	0.162
0.108	0.452	0.001	0.439
>ANAAATAHAWAW	9-ANAAATAHAWAW	8.533935	-21.064396	0	T:162.0(11.12%),B:73.9(5.07%),P:1e-9	Tpos:36.6,Tstd:18.2,Bpos:42.8,Bstd:18.8,StrandBias:-0.0,Multiplicity:1.14
0.723	0.001	0.001	0.275
0.296	0.208	0.233	0.263
0.997	0.001	0.001	0.001
0.599	0.001	0.001	0.399
0.784	0.001	0.001	0.214
0.001	0.001	0.231	0.767
0.706	0.001	0.292	0.001
0.355	0.259	0.001	0.384
0.997	0.001	0.001	0.001
0.484	0.001	0.001	0.514
0.602	0.001	0.001	0.396
0.426	0.051	0.001	0.522
>CCCAGGVTKGAG	10-CCCAGGVTKGAG	8.586270	-16.393673	0	T:77.0(5.28%),B:25.9(1.78%),P:1e-7	Tpos:42.4,Tstd:18.6,Bpos:23.5,Bstd:22.7,StrandBias:-0.1,Multiplicity:1.00
0.001	0.784	0.123	0.092
0.001	0.906	0.001	0.092
0.001	0.845	0.001	0.153
0.814	0.062	0.062	0.062
0.154	0.061	0.784	0.001
0.001	0.001	0.892	0.106
0.276	0.308	0.415	0.001
0.169	0.154	0.154	0.523
0.246	0.001	0.430	0.323
0.001	0.368	0.630	0.001
0.830	0.001	0.001	0.168
0.001	0.001	0.937	0.061
>AATATTATTTTT	11-AATATTATTTTT	9.844513	-15.876330	0	T:40.0(2.75%),B:6.9(0.48%),P:1e-6	Tpos:38.8,Tstd:21.9,Bpos:27.0,Bstd:10.1,StrandBias:0.1,Multiplicity:1.06
0.684	0.001	0.314	0.001
0.744	0.001	0.001	0.254
0.001	0.001	0.001	0.997
0.865	0.133	0.001	0.001
0.225	0.001	0.001	0.773
0.001	0.001	0.001	0.997
0.483	0.184	0.001	0.332
0.189	0.001	0.001	0.809
0.095	0.178	0.001	0.726
0.310	0.001	0.001	0.688
0.001	0.001	0.272	0.726
0.001	0.133	0.001	0.865
>HRHKTGACCCAC	12-HRHKTGACCCAC	7.486466	-15.410806	0	T:68.0(4.67%),B:21.2(1.45%),P:1e-6	Tpos:37.5,Tstd:17.3,Bpos:38.1,Bstd:19.7,StrandBias:-0.6,Multiplicity:1.01
0.318	0.338	0.049	0.295
0.357	0.124	0.479	0.040
0.232	0.324	0.085	0.359
0.160	0.041	0.458	0.341
0.083	0.001	0.086	0.830
0.001	0.186	0.812	0.001
0.851	0.082	0.001	0.066
0.043	0.567	0.221	0.169
0.041	0.915	0.001	0.043
0.001	0.997	0.001	0.001
0.699	0.187	0.093	0.021
0.001	0.744	0.254	0.001
>AAGMCARRGCAA	13-AAGMCARRGCAA	8.787278	-7.643562	0	T:11.0(0.75%),B:0.6(0.04%),P:1e-3	Tpos:37.4,Tstd:18.5,Bpos:42.0,Bstd:0.0,StrandBias:1.0,Multiplicity:1.00
0.411	0.223	0.220	0.147
0.827	0.101	0.029	0.043
0.147	0.280	0.529	0.044
0.458	0.483	0.045	0.014
0.030	0.750	0.191	0.029
0.591	0.219	0.015	0.175
0.400	0.058	0.513	0.029
0.454	0.015	0.474	0.058
0.016	0.396	0.573	0.015
0.030	0.837	0.104	0.029
0.619	0.014	0.029	0.338
0.526	0.107	0.322	0.045
>GGCTGGGA	1-GGCTGGGA	4.976763	-59.113299	0	T:550.0(37.75%),B:292.6(20.07%),P:1e-25	Tpos:37.8,Tstd:19.9,Bpos:36.0,Bstd:23.5,StrandBias:-0.2,Multiplicity:1.39
0.132	0.074	0.661	0.133
0.121	0.166	0.650	0.063
0.096	0.694	0.130	0.080
0.059	0.044	0.038	0.859
0.035	0.014	0.905	0.046
0.152	0.008	0.777	0.063
0.055	0.089	0.773	0.083
0.686	0.101	0.132	0.081
>ATTATTTG	2-ATTATTTG	5.527115	-43.945083	0	T:404.0(27.73%),B:206.2(14.15%),P:1e-19	Tpos:38.6,Tstd:19.3,Bpos:35.9,Bstd:18.7,StrandBias:0.0,Multiplicity:1.12
0.741	0.054	0.059	0.146
0.116	0.113	0.069	0.702
0.071	0.189	0.054	0.686
0.763	0.046	0.095	0.096
0.044	0.215	0.067	0.674
0.027	0.044	0.060	0.869
0.038	0.008	0.058	0.896
0.064	0.120	0.676	0.140
>TCGTGTCT	3-TCGTGTCT	5.464787	-36.521859	0	T:247.0(16.95%),B:105.0(7.20%),P:1e-15	Tpos:37.5,Tstd:19.4,Bpos:41.0,Bstd:23.8,StrandBias:-0.4,Multiplicity:1.03
0.063	0.110	0.059	0.768
0.040	0.740	0.106	0.114
0.128	0.242	0.510	0.120
0.051	0.025	0.070	0.854
0.052	0.132	0.790	0.026
0.100	0.131	0.135	0.634
0.022	0.859	0.081	0.038
0.045	0.059	0.041	0.855
>TCTAGGCT	4-TCTAGGCT	6.812442	-31.904058	0	T:95.0(6.52%),B:18.7(1.28%),P:1e-13	Tpos:41.2,Tstd:18.9,Bpos:34.9,Bstd:20.8,StrandBias:0.0,Multiplicity:1.01
0.015	0.093	0.001	0.891
0.001	0.984	0.001	0.014
0.001	0.093	0.093	0.813
0.934	0.059	0.001	0.006
0.046	0.001	0.952	0.001
0.015	0.001	0.938	0.046
0.093	0.533	0.001	0.373
0.001	0.092	0.001	0.906
>CDGCARCC	5-CDGCARCC	4.524116	-29.321404	0	T:543.0(37.27%),B:361.3(24.79%),P:1e-12	Tpos:35.8,Tstd:20.5,Bpos:36.0,Bstd:25.9,StrandBias:-0.2,Multiplicity:1.42
0.083	0.879	0.001	0.037
0.270	0.136	0.241	0.353
0.001	0.118	0.598	0.283
0.001	0.731	0.267	0.001
0.563	0.326	0.005	0.106
0.373	0.114	0.364	0.149
0.012	0.665	0.222	0.101
0.144	0.850	0.001	0.005
>TATTTATA	6-TATTTATA	6.663033	-26.132702	0	T:221.0(15.17%),B:105.6(7.24%),P:1e-11	Tpos:37.4,Tstd:19.6,Bpos:35.2,Bstd:22.5,StrandBias:-0.1,Multiplicity:1.24
0.001	0.056	0.038	0.905
0.964	0.034	0.001	0.001
0.042	0.001	0.001	0.956
0.219	0.001	0.001	0.779
0.001	0.001	0.001	0.997
0.819	0.069	0.021	0.091
0.044	0.071	0.028	0.857
0.745	0.046	0.001	0.208
>TCCCGAGT	7-TCCCGAGT	6.203102	-24.309421	0	T:115.0(7.89%),B:37.1(2.55%),P:1e-10	Tpos:34.3,Tstd:19.8,Bpos:39.2,Bstd:21.2,StrandBias:0.9,Multiplicity:1.01
0.001	0.027	0.001	0.971
0.001	0.971	0.027	0.001
0.001	0.971	0.001	0.027
0.001	0.997	0.001	0.001
0.313	0.001	0.685	0.001
0.971	0.001	0.027	0.001
0.027	0.001	0.971	0.001
0.028	0.028	0.028	0.916
>AAATGTAA	8-AAATGTAA	7.018136	-23.125122	0	T:109.0(7.48%),B:36.0(2.47%),P:1e-10	Tpos:34.5,Tstd:19.9,Bpos:34.7,Bstd:15.9,StrandBias:0.0,Multiplicity:1.02
0.997	0.001	0.001	0.001
0.825	0.173	0.001	0.001
0.899	0.099	0.001	0.001
0.001	0.001	0.001	0.997
0.104	0.001	0.894	0.001
0.001	0.001	0.001	0.997
0.863	0.001	0.001	0.135
0.916	0.001	0.082	0.001
>GAAAGCAA	9-GAAAGCAA	6.850611	-21.029339	0	T:128.0(8.79%),B:50.7(3.48%),P:1e-9	Tpos:40.0,Tstd:17.9,Bpos:36.8,Bstd:16.8,StrandBias:-0.6,Multiplicity:1.13
0.001	0.120	0.834	0.045
0.997	0.001	0.001	0.001
0.997	0.001	0.001	0.001
0.979	0.001	0.001	0.019
0.034	0.063	0.883	0.020
0.250	0.600	0.149	0.001
0.956	0.001	0.001	0.042
0.798	0.080	0.082	0.040
>TCATCKTG	10-TCATCKTG	6.366033	-20.696044	0	T:90.0(6.18%),B:27.4(1.88%),P:1e-8	Tpos:41.2,Tstd:19.7,Bpos:28.6,Bstd:18.5,StrandBias:-0.0,Multiplicity:1.01
0.001	0.030	0.030	0.939
0.001	0.909	0.089	0.001
0.969	0.029	0.001	0.001
0.001	0.089	0.001	0.909
0.001	0.808	0.119	0.072
0.095	0.001	0.520	0.384
0.029	0.001	0.001	0.969
0.001	0.029	0.969	0.001
>TCTGTCTC	11-TCTGTCTC	7.204674	-17.886051	0	T:68.0(4.67%),B:18.9(1.30%),P:1e-7	Tpos:37.3,Tstd:19.5,Bpos:29.7,Bstd:17.2,StrandBias:0.3,Multiplicity:1.02
0.166	0.001	0.034	0.799
0.001	0.889	0.001	0.109
0.001	0.001	0.001	0.997
0.001	0.001	0.997	0.001
0.001	0.001	0.001	0.997
0.033	0.965	0.001	0.001
0.082	0.001	0.001	0.916
0.033	0.965	0.001	0.001
>TCTCACTC	12-TCTCACTC	8.809068	-16.970698	0	T:37.0(2.54%),B:4.9(0.34%),P:1e-7	Tpos:34.7,Tstd:21.4,Bpos:34.0,Bstd:20.7,StrandBias:0.6,Multiplicity:1.00
0.001	0.202	0.001	0.796
0.033	0.965	0.001	0.001
0.001	0.001	0.001	0.997
0.001	0.997	0.001	0.001
0.997	0.001	0.001	0.001
0.001	0.997	0.001	0.001
0.135	0.001	0.001	0.863
0.001	0.997	0.001	0.001
>GTAGAAGT	13-GTAGAAGT	7.526605	-16.854090	0	T:44.0(3.02%),B:7.8(0.54%),P:1e-7	Tpos:29.7,Tstd:16.6,Bpos:28.1,Bstd:16.7,StrandBias:1.8,Multiplicity:1.00
0.071	0.001	0.808	0.120
0.001	0.001	0.325	0.673
0.943	0.055	0.001	0.001
0.179	0.183	0.637	0.001
0.987	0.011	0.001	0.001
0.827	0.001	0.001	0.171
0.011	0.174	0.814	0.001
0.001	0.001	0.119	0.879
>SGAKKGCA	14-SGAKKGCA	8.778142	-16.767025	0	T:62.0(4.26%),B:16.4(1.13%),P:1e-7	Tpos:38.5,Tstd:17.2,Bpos:40.7,Bstd:20.6,StrandBias:0.2,Multiplicity:1.00
0.001	0.424	0.525	0.050
0.001	0.001	0.997	0.001
0.997	0.001	0.001	0.001
0.001	0.001	0.544	0.454
0.001	0.001	0.574	0.424
0.017	0.001	0.981	0.001
0.048	0.922	0.001	0.029
0.997	0.001	0.001	0.001
>CCCCGACG	15-CCCCGACG	6.446044	-13.763483	0	T:34.0(2.33%),B:5.7(0.39%),P:1e-5	Tpos:32.8,Tstd:19.9,Bpos:35.4,Bstd:13.2,StrandBias:-0.6,Multiplicity:1.03
0.027	0.839	0.001	0.133
0.013	0.867	0.027	0.093
0.134	0.772	0.013	0.081
0.041	0.905	0.027	0.027
0.237	0.188	0.508	0.067
0.760	0.093	0.080	0.067
0.183	0.692	0.071	0.054
0.188	0.081	0.675	0.056
