>GGCTGGGA	1-GGCTGGGA	6.054412	-65.156508	0	T:379.0(23.27%),B:151.4(9.14%),P:1e-28	Tpos:36.9,Tstd:20.6,Bpos:43.0,Bstd:24.9,StrandBias:-0.2,Multiplicity:1.11
0.109	0.012	0.751	0.128
0.111	0.227	0.619	0.043
0.126	0.770	0.039	0.065
0.021	0.086	0.096	0.797
0.028	0.022	0.935	0.015
0.149	0.031	0.775	0.045
0.023	0.092	0.805	0.080
0.554	0.160	0.159	0.127
>CTCCCGAG	2-CTCCCGAG	6.709506	-52.815821	0	T:266.0(16.33%),B:93.4(5.64%),P:1e-22	Tpos:34.2,Tstd:20.2,Bpos:36.7,Bstd:24.8,StrandBias:-0.5,Multiplicity:1.10
0.271	0.490	0.088	0.151
0.001	0.001	0.001	0.997
0.001	0.997	0.001	0.001
0.001	0.997	0.001	0.001
0.001	0.858	0.001	0.140
0.172	0.254	0.573	0.001
0.537	0.001	0.249	0.213
0.410	0.001	0.588	0.001
>CTGTCTCN	3-CTGTCTCN	5.636914	-43.551662	0	T:244.0(14.98%),B:92.3(5.57%),P:1e-18	Tpos:38.9,Tstd:19.6,Bpos:39.4,Bstd:22.3,StrandBias:0.5,Multiplicity:1.06
0.227	0.629	0.099	0.045
0.168	0.136	0.030	0.666
0.087	0.027	0.637	0.249
0.117	0.229	0.031	0.623
0.059	0.782	0.122	0.037
0.131	0.304	0.033	0.532
0.085	0.568	0.037	0.310
0.302	0.241	0.208	0.249
>ATTTATTT	4-ATTTATTT	5.834441	-40.978791	0	T:481.0(29.53%),B:277.9(16.78%),P:1e-17	Tpos:37.2,Tstd:19.2,Bpos:35.9,Bstd:19.1,StrandBias:0.1,Multiplicity:1.43
0.457	0.201	0.163	0.178
0.001	0.101	0.100	0.798
0.112	0.094	0.096	0.698
0.001	0.001	0.001	0.997
0.608	0.286	0.105	0.001
0.001	0.234	0.001	0.764
0.001	0.138	0.001	0.860
0.062	0.063	0.063	0.812
>YGCGGTGR	5-YGCGGTGR	6.964492	-40.947361	0	T:238.0(14.61%),B:92.6(5.59%),P:1e-17	Tpos:38.4,Tstd:20.5,Bpos:39.4,Bstd:24.1,StrandBias:0.8,Multiplicity:1.16
0.206	0.311	0.086	0.397
0.001	0.001	0.997	0.001
0.001	0.753	0.001	0.245
0.315	0.001	0.584	0.100
0.001	0.001	0.997	0.001
0.001	0.001	0.005	0.993
0.001	0.001	0.997	0.001
0.484	0.001	0.421	0.094
>GCYGAGGY	6-GCYGAGGY	2.827149	-35.222449	0	T:260.0(15.96%),B:117.2(7.07%),P:1e-15	Tpos:38.7,Tstd:20.4,Bpos:37.8,Bstd:26.4,StrandBias:0.6,Multiplicity:1.29
0.001	0.001	0.997	0.001
0.001	0.997	0.001	0.001
0.001	0.568	0.001	0.430
0.058	0.001	0.940	0.001
0.997	0.001	0.001	0.001
0.001	0.001	0.997	0.001
0.401	0.001	0.597	0.001
0.001	0.533	0.001	0.465
>TCAAGTDA	7-TCAAGTDA	8.229384	-34.558963	0	T:130.0(7.98%),B:34.3(2.07%),P:1e-15	Tpos:35.6,Tstd:17.5,Bpos:38.4,Bstd:27.2,StrandBias:-0.4,Multiplicity:1.00
0.001	0.001	0.001	0.997
0.001	0.997	0.001	0.001
0.997	0.001	0.001	0.001
0.997	0.001	0.001	0.001
0.001	0.001	0.997	0.001
0.001	0.219	0.199	0.581
0.272	0.151	0.266	0.311
0.997	0.001	0.001	0.001
>TGCCBGTA	8-TGCCBGTA	5.271299	-29.689525	0	T:90.0(5.52%),B:18.5(1.12%),P:1e-12	Tpos:34.1,Tstd:18.4,Bpos:41.4,Bstd:22.2,StrandBias:-0.1,Multiplicity:1.00
0.001	0.263	0.001	0.735
0.011	0.001	0.987	0.001
0.102	0.896	0.001	0.001
0.001	0.997	0.001	0.001
0.001	0.292	0.292	0.415
0.001	0.001	0.997	0.001
0.001	0.001	0.001	0.997
0.997	0.001	0.001	0.001
>GTGACCCA	9-GTGACCCA	5.385145	-28.279005	0	T:188.0(11.54%),B:79.4(4.79%),P:1e-12	Tpos:40.5,Tstd:20.2,Bpos:40.2,Bstd:18.7,StrandBias:0.1,Multiplicity:1.10
0.098	0.078	0.737	0.087
0.092	0.025	0.156	0.727
0.048	0.173	0.694	0.085
0.804	0.049	0.089	0.058
0.058	0.761	0.025	0.156
0.071	0.805	0.042	0.082
0.048	0.769	0.048	0.135
0.713	0.139	0.092	0.056
>CAAAGATG	10-CAAAGATG	7.074456	-21.513562	0	T:117.0(7.18%),B:43.8(2.64%),P:1e-9	Tpos:35.7,Tstd:19.1,Bpos:39.0,Bstd:19.3,StrandBias:0.5,Multiplicity:1.03
0.001	0.933	0.065	0.001
0.846	0.093	0.001	0.060
0.997	0.001	0.001	0.001
0.950	0.018	0.001	0.031
0.072	0.072	0.801	0.055
0.901	0.091	0.007	0.001
0.190	0.037	0.019	0.754
0.065	0.031	0.903	0.001
>AGGTATAT	11-AGGTATAT	6.718044	-18.679233	0	T:67.0(4.11%),B:17.5(1.06%),P:1e-8	Tpos:39.8,Tstd:17.7,Bpos:37.8,Bstd:21.8,StrandBias:-0.2,Multiplicity:1.00
0.948	0.001	0.041	0.010
0.001	0.047	0.951	0.001
0.001	0.001	0.686	0.312
0.001	0.001	0.001	0.997
0.856	0.142	0.001	0.001
0.001	0.001	0.237	0.761
0.997	0.001	0.001	0.001
0.001	0.190	0.001	0.808
>CGGCGGCT	12-CGGCGGCT	6.854813	-16.471276	0	T:45.0(2.76%),B:8.1(0.49%),P:1e-7	Tpos:36.1,Tstd:19.8,Bpos:31.2,Bstd:43.0,StrandBias:-0.6,Multiplicity:1.13
0.001	0.818	0.138	0.043
0.129	0.043	0.827	0.001
0.001	0.001	0.997	0.001
0.001	0.741	0.086	0.172
0.043	0.043	0.828	0.086
0.001	0.042	0.956	0.001
0.001	0.956	0.042	0.001
0.043	0.043	0.043	0.871
