>VATCCCAGCW	1-VATCCCAGCW	5.873676	-67.102496	0	T:360.0(22.10%),B:135.7(8.19%),P:1e-29	Tpos:37.1,Tstd:20.6,Bpos:41.3,Bstd:20.9,StrandBias:-0.2,Multiplicity:1.09
0.386	0.278	0.250	0.086
0.405	0.237	0.104	0.254
0.007	0.012	0.204	0.777
0.001	0.764	0.096	0.139
0.089	0.568	0.004	0.339
0.001	0.733	0.001	0.265
0.752	0.004	0.237	0.007
0.079	0.132	0.495	0.294
0.064	0.434	0.230	0.271
0.254	0.248	0.096	0.401
>GGAGGCYGAG	2-GGAGGCYGAG	7.863235	-57.368229	0	T:190.0(11.66%),B:43.7(2.64%),P:1e-24	Tpos:36.6,Tstd:18.9,Bpos:38.1,Bstd:20.8,StrandBias:0.6,Multiplicity:1.11
0.001	0.001	0.997	0.001
0.010	0.001	0.988	0.001
0.997	0.001	0.001	0.001
0.011	0.001	0.977	0.011
0.010	0.001	0.988	0.001
0.001	0.988	0.001	0.010
0.244	0.449	0.001	0.306
0.140	0.054	0.805	0.001
0.977	0.011	0.011	0.001
0.011	0.001	0.977	0.011
>TCCCAAGGTA	3-TCCCAAGGTA	7.261219	-41.653857	0	T:124.0(7.61%),B:24.5(1.48%),P:1e-18	Tpos:39.3,Tstd:20.0,Bpos:29.8,Bstd:14.8,StrandBias:-0.2,Multiplicity:1.04
0.063	0.047	0.066	0.824
0.063	0.777	0.081	0.079
0.032	0.934	0.016	0.018
0.079	0.873	0.016	0.032
0.779	0.079	0.016	0.126
0.873	0.001	0.047	0.079
0.160	0.016	0.714	0.110
0.129	0.079	0.729	0.063
0.081	0.050	0.066	0.803
0.716	0.079	0.142	0.063
>DNAAATAAWW	4-DNAAATAAWW	5.793028	-37.571182	0	T:575.0(35.30%),B:367.0(22.15%),P:1e-16	Tpos:37.2,Tstd:18.9,Bpos:36.5,Bstd:19.2,StrandBias:-0.0,Multiplicity:1.40
0.275	0.084	0.266	0.375
0.285	0.272	0.168	0.276
0.886	0.014	0.045	0.055
0.962	0.001	0.036	0.001
0.833	0.020	0.146	0.001
0.001	0.138	0.233	0.628
0.701	0.001	0.297	0.001
0.433	0.170	0.174	0.223
0.462	0.093	0.099	0.347
0.390	0.066	0.165	0.378
>GCTGTCTCCC	5-GCTGTCTCCC	8.219252	-37.326763	0	T:97.0(5.95%),B:15.2(0.91%),P:1e-16	Tpos:36.7,Tstd:19.3,Bpos:37.4,Bstd:17.9,StrandBias:-0.1,Multiplicity:1.02
0.117	0.081	0.576	0.226
0.001	0.926	0.072	0.001
0.001	0.036	0.001	0.962
0.001	0.001	0.758	0.240
0.001	0.389	0.001	0.609
0.072	0.926	0.001	0.001
0.112	0.221	0.001	0.666
0.001	0.887	0.111	0.001
0.380	0.583	0.001	0.036
0.114	0.737	0.001	0.148
>TCATGCCTGT	6-TCATGCCTGT	6.882350	-34.695903	0	T:121.0(7.43%),B:29.9(1.80%),P:1e-15	Tpos:38.8,Tstd:16.3,Bpos:38.0,Bstd:22.6,StrandBias:-0.0,Multiplicity:1.00
0.064	0.001	0.018	0.917
0.001	0.997	0.001	0.001
0.844	0.054	0.001	0.101
0.001	0.026	0.001	0.972
0.151	0.101	0.747	0.001
0.050	0.848	0.001	0.101
0.003	0.995	0.001	0.001
0.352	0.001	0.001	0.646
0.101	0.353	0.525	0.021
0.001	0.001	0.001	0.997
>AATCACTTGA	7-AATCACTTGA	7.787472	-33.659608	0	T:119.0(7.31%),B:29.9(1.81%),P:1e-14	Tpos:34.1,Tstd:15.6,Bpos:36.6,Bstd:29.9,StrandBias:0.3,Multiplicity:1.00
0.715	0.001	0.241	0.043
0.882	0.020	0.039	0.059
0.222	0.001	0.020	0.757
0.041	0.499	0.324	0.135
0.539	0.022	0.376	0.063
0.022	0.757	0.083	0.138
0.067	0.120	0.020	0.793
0.123	0.001	0.164	0.712
0.079	0.059	0.801	0.061
0.822	0.001	0.176	0.001
>ATRTTTCTTC	8-ATRTTTCTTC	6.920511	-31.475746	0	T:184.0(11.30%),B:71.0(4.29%),P:1e-13	Tpos:35.9,Tstd:19.4,Bpos:37.5,Bstd:15.6,StrandBias:0.2,Multiplicity:1.04
0.753	0.215	0.001	0.031
0.001	0.001	0.032	0.966
0.310	0.031	0.411	0.248
0.091	0.001	0.060	0.848
0.212	0.276	0.001	0.511
0.126	0.126	0.124	0.624
0.151	0.818	0.030	0.001
0.001	0.001	0.001	0.997
0.001	0.092	0.001	0.906
0.093	0.719	0.001	0.187
>GCGTGGTGGC	9-GCGTGGTGGC	7.068036	-31.138491	0	T:137.0(8.41%),B:42.8(2.58%),P:1e-13	Tpos:36.4,Tstd:18.6,Bpos:35.3,Bstd:26.6,StrandBias:-0.0,Multiplicity:1.01
0.117	0.147	0.678	0.058
0.001	0.609	0.058	0.332
0.324	0.030	0.608	0.038
0.058	0.254	0.001	0.687
0.088	0.029	0.854	0.029
0.058	0.001	0.883	0.058
0.001	0.038	0.236	0.725
0.001	0.001	0.970	0.028
0.116	0.087	0.768	0.029
0.058	0.785	0.098	0.059
>CCCAGCCTGG	10-CCCAGCCTGG	9.437113	-27.011626	0	T:89.0(5.46%),B:20.7(1.25%),P:1e-11	Tpos:39.7,Tstd:18.3,Bpos:45.2,Bstd:27.5,StrandBias:0.3,Multiplicity:1.00
0.018	0.675	0.001	0.306
0.100	0.838	0.001	0.061
0.122	0.816	0.001	0.061
0.997	0.001	0.001	0.001
0.061	0.001	0.756	0.182
0.001	0.856	0.142	0.001
0.001	0.997	0.001	0.001
0.122	0.001	0.122	0.755
0.001	0.121	0.877	0.001
0.001	0.001	0.973	0.025
>AGTCTCACTG	11-AGTCTCACTG	8.469391	-26.760754	0	T:98.0(6.02%),B:25.6(1.54%),P:1e-11	Tpos:41.9,Tstd:20.7,Bpos:46.3,Bstd:19.6,StrandBias:-0.1,Multiplicity:1.08
0.582	0.193	0.061	0.164
0.001	0.001	0.816	0.182
0.001	0.122	0.169	0.708
0.061	0.817	0.061	0.061
0.004	0.182	0.001	0.813
0.001	0.938	0.001	0.060
0.910	0.001	0.088	0.001
0.001	0.938	0.001	0.060
0.001	0.001	0.001	0.997
0.001	0.337	0.661	0.001
>GWAGAGAAGV	12-GWAGAGAAGV	6.361769	-21.593645	0	T:54.0(3.31%),B:8.8(0.53%),P:1e-9	Tpos:42.8,Tstd:19.0,Bpos:28.3,Bstd:14.3,StrandBias:1.2,Multiplicity:1.00
0.144	0.118	0.603	0.135
0.240	0.164	0.222	0.374
0.538	0.032	0.286	0.144
0.213	0.130	0.587	0.070
0.620	0.004	0.248	0.128
0.159	0.011	0.826	0.004
0.565	0.184	0.202	0.049
0.596	0.002	0.115	0.287
0.184	0.117	0.634	0.065
0.238	0.367	0.272	0.123
>GCAGGMGGAT	13-GCAGGMGGAT	8.183299	-20.606545	0	T:65.0(3.99%),B:14.2(0.86%),P:1e-8	Tpos:38.1,Tstd:20.1,Bpos:47.0,Bstd:25.3,StrandBias:-0.2,Multiplicity:1.04
0.035	0.001	0.785	0.179
0.035	0.859	0.001	0.105
0.851	0.035	0.079	0.035
0.001	0.001	0.964	0.034
0.001	0.001	0.997	0.001
0.395	0.458	0.070	0.077
0.262	0.035	0.662	0.041
0.001	0.146	0.818	0.035
0.551	0.360	0.080	0.009
0.182	0.070	0.001	0.747
>TACTTCCTGG	14-TACTTCCTGG	7.820682	-19.447589	0	T:48.0(2.95%),B:7.5(0.45%),P:1e-8	Tpos:36.0,Tstd:20.6,Bpos:22.7,Bstd:11.3,StrandBias:-1.0,Multiplicity:1.00
0.070	0.199	0.072	0.659
0.622	0.129	0.161	0.088
0.001	0.500	0.233	0.266
0.001	0.370	0.001	0.628
0.055	0.036	0.108	0.801
0.175	0.650	0.018	0.157
0.158	0.648	0.001	0.193
0.001	0.001	0.001	0.997
0.139	0.001	0.859	0.001
0.161	0.228	0.464	0.147
>TGCAGTGACT	15-TGCAGTGACT	10.110688	-17.628548	0	T:25.0(1.53%),B:0.0(0.00%),P:1e-7	Tpos:34.2,Tstd:17.8,Bpos:0.0,Bstd:0.0,StrandBias:0.1,Multiplicity:1.00
0.001	0.001	0.061	0.937
0.001	0.001	0.937	0.061
0.001	0.997	0.001	0.001
0.937	0.001	0.001	0.061
0.001	0.061	0.937	0.001
0.001	0.001	0.061	0.937
0.001	0.062	0.875	0.062
0.937	0.061	0.001	0.001
0.001	0.750	0.187	0.062
0.062	0.062	0.062	0.814
>ATATACCCAA	16-ATATACCCAA	7.537813	-17.005956	0	T:34.0(2.09%),B:3.3(0.20%),P:1e-7	Tpos:39.8,Tstd:14.0,Bpos:11.1,Bstd:4.4,StrandBias:0.4,Multiplicity:1.24
0.956	0.001	0.042	0.001
0.001	0.001	0.001	0.997
0.997	0.001	0.001	0.001
0.001	0.001	0.042	0.956
0.956	0.001	0.001	0.042
0.001	0.997	0.001	0.001
0.087	0.869	0.001	0.043
0.001	0.782	0.001	0.216
0.997	0.001	0.001	0.001
0.694	0.001	0.304	0.001
>TTCCCACCCA	17-TTCCCACCCA	6.474604	-16.260913	0	T:30.0(1.84%),B:3.0(0.18%),P:1e-7	Tpos:38.9,Tstd:20.1,Bpos:39.0,Bstd:0.0,StrandBias:0.3,Multiplicity:1.00
0.120	0.176	0.114	0.590
0.139	0.170	0.124	0.567
0.121	0.603	0.122	0.154
0.156	0.628	0.057	0.159
0.135	0.626	0.066	0.173
0.563	0.164	0.079	0.194
0.135	0.563	0.154	0.148
0.150	0.639	0.089	0.122
0.155	0.617	0.074	0.154
0.604	0.157	0.082	0.157
>CCCCTCCCCW	18-CCCCTCCCCW	9.752583	-14.325670	0	T:27.0(1.66%),B:2.7(0.16%),P:1e-6	Tpos:39.4,Tstd:18.7,Bpos:22.9,Bstd:2.4,StrandBias:-0.8,Multiplicity:1.30
0.001	0.776	0.001	0.222
0.063	0.803	0.045	0.089
0.001	0.936	0.001	0.062
0.044	0.911	0.001	0.044
0.178	0.001	0.044	0.777
0.001	0.865	0.001	0.133
0.001	0.997	0.001	0.001
0.001	0.997	0.001	0.001
0.044	0.954	0.001	0.001
0.315	0.058	0.177	0.449
>ATGCAGTATT	19-ATGCAGTATT	7.672794	-12.693059	0	T:40.0(2.46%),B:9.5(0.57%),P:1e-5	Tpos:33.9,Tstd:19.5,Bpos:37.1,Bstd:13.1,StrandBias:0.6,Multiplicity:1.00
0.786	0.106	0.035	0.073
0.035	0.017	0.089	0.859
0.089	0.035	0.787	0.089
0.122	0.824	0.035	0.019
0.773	0.035	0.070	0.122
0.087	0.001	0.858	0.054
0.052	0.071	0.052	0.825
0.650	0.071	0.157	0.122
0.089	0.070	0.035	0.806
0.019	0.017	0.106	0.858
>TCTTCATCCA	20-TCTTCATCCA	10.171621	-11.676260	0	T:20.0(1.23%),B:1.2(0.07%),P:1e-5	Tpos:43.1,Tstd:17.4,Bpos:0.0,Bstd:0.0,StrandBias:1.7,Multiplicity:1.00
0.066	0.001	0.266	0.667
0.001	0.932	0.001	0.066
0.001	0.066	0.001	0.932
0.001	0.001	0.066	0.932
0.001	0.932	0.001	0.066
0.932	0.066	0.001	0.001
0.001	0.001	0.001	0.997
0.001	0.932	0.001	0.066
0.001	0.867	0.066	0.066
0.932	0.066	0.001	0.001
>TATGCAAATA	21-TATGCAAATA	7.790631	-9.980085	0	T:56.0(3.44%),B:22.5(1.36%),P:1e-4	Tpos:39.2,Tstd:17.9,Bpos:30.8,Bstd:17.5,StrandBias:0.4,Multiplicity:1.02
0.152	0.089	0.026	0.733
0.732	0.102	0.064	0.102
0.051	0.001	0.075	0.873
0.102	0.063	0.746	0.089
0.102	0.745	0.102	0.051
0.912	0.050	0.001	0.037
0.772	0.114	0.050	0.064
0.862	0.025	0.063	0.050
0.039	0.039	0.076	0.846
0.795	0.040	0.126	0.039
>CCGCCAGGCC	22-CCGCCAGGCC	8.875240	-9.910461	0	T:20.0(1.23%),B:2.1(0.13%),P:1e-4	Tpos:38.8,Tstd:21.1,Bpos:46.5,Bstd:6.9,StrandBias:-0.7,Multiplicity:1.05
0.085	0.827	0.032	0.056
0.060	0.625	0.117	0.198
0.141	0.088	0.513	0.258
0.117	0.766	0.113	0.004
0.027	0.971	0.001	0.001
0.879	0.032	0.001	0.088
0.001	0.001	0.971	0.027
0.001	0.088	0.798	0.113
0.056	0.803	0.056	0.085
0.056	0.888	0.028	0.028
>GCCTTCCTTC	23-GCCTTCCTTC	6.363034	-9.596445	0	T:32.0(1.96%),B:8.6(0.52%),P:1e-4	Tpos:38.9,Tstd:21.7,Bpos:37.5,Bstd:23.7,StrandBias:0.8,Multiplicity:1.04
0.151	0.155	0.504	0.190
0.146	0.553	0.135	0.166
0.146	0.625	0.066	0.163
0.144	0.146	0.073	0.637
0.108	0.143	0.151	0.598
0.108	0.597	0.131	0.164
0.136	0.635	0.071	0.158
0.130	0.161	0.062	0.647
0.103	0.144	0.142	0.611
0.116	0.593	0.150	0.141
>CTCCTSCCTGYA	1-CTCCTSCCTGYA	8.068212	-56.070547	0	T:168.0(10.31%),B:33.5(2.02%),P:1e-24	Tpos:38.1,Tstd:18.5,Bpos:40.2,Bstd:17.6,StrandBias:-0.5,Multiplicity:1.09
0.099	0.787	0.001	0.113
0.173	0.071	0.301	0.455
0.028	0.570	0.359	0.043
0.274	0.639	0.086	0.001
0.180	0.117	0.014	0.689
0.043	0.429	0.442	0.086
0.285	0.658	0.029	0.028
0.001	0.997	0.001	0.001
0.057	0.001	0.056	0.886
0.043	0.014	0.915	0.028
0.072	0.358	0.209	0.361
0.719	0.001	0.223	0.057
>GGAGGCCRAGGC	2-GGAGGCCRAGGC	7.531377	-53.492656	0	T:181.0(11.11%),B:42.7(2.58%),P:1e-23	Tpos:36.2,Tstd:18.0,Bpos:36.2,Bstd:21.0,StrandBias:0.4,Multiplicity:1.11
0.001	0.001	0.997	0.001
0.001	0.001	0.997	0.001
0.997	0.001	0.001	0.001
0.001	0.001	0.997	0.001
0.103	0.001	0.895	0.001
0.104	0.843	0.001	0.052
0.185	0.523	0.001	0.291
0.303	0.259	0.436	0.001
0.997	0.001	0.001	0.001
0.001	0.001	0.997	0.001
0.051	0.001	0.947	0.001
0.001	0.920	0.052	0.027
>GARCCCRGGARG	3-GARCCCRGGARG	7.345410	-40.533506	0	T:228.0(14.00%),B:86.3(5.21%),P:1e-17	Tpos:37.8,Tstd:19.1,Bpos:35.7,Bstd:26.7,StrandBias:0.2,Multiplicity:1.02
0.261	0.285	0.453	0.001
0.962	0.012	0.025	0.001
0.388	0.173	0.365	0.074
0.187	0.486	0.277	0.050
0.223	0.638	0.001	0.138
0.274	0.464	0.013	0.249
0.466	0.001	0.459	0.074
0.186	0.001	0.812	0.001
0.036	0.001	0.962	0.001
0.974	0.024	0.001	0.001
0.424	0.001	0.427	0.149
0.161	0.049	0.564	0.226
>AGGAGRATCACT	4-AGGAGRATCACT	9.664514	-32.689608	0	T:89.0(5.46%),B:15.0(0.91%),P:1e-14	Tpos:34.6,Tstd:15.3,Bpos:37.1,Bstd:16.3,StrandBias:0.6,Multiplicity:1.00
0.721	0.001	0.277	0.001
0.085	0.120	0.794	0.001
0.162	0.001	0.795	0.042
0.833	0.042	0.002	0.123
0.078	0.002	0.919	0.001
0.514	0.039	0.405	0.042
0.912	0.002	0.084	0.002
0.041	0.001	0.041	0.917
0.081	0.511	0.322	0.086
0.624	0.081	0.137	0.158
0.086	0.786	0.003	0.125
0.048	0.039	0.001	0.912
>AAARTGMTAGGA	5-AAARTGMTAGGA	9.631554	-31.945949	0	T:92.0(5.65%),B:17.9(1.08%),P:1e-13	Tpos:38.4,Tstd:17.9,Bpos:42.4,Bstd:15.6,StrandBias:-0.4,Multiplicity:1.00
0.777	0.001	0.221	0.001
0.997	0.001	0.001	0.001
0.890	0.001	0.001	0.108
0.390	0.054	0.437	0.119
0.001	0.001	0.001	0.997
0.285	0.001	0.713	0.001
0.513	0.485	0.001	0.001
0.350	0.001	0.001	0.648
0.570	0.001	0.306	0.123
0.054	0.001	0.718	0.227
0.307	0.001	0.691	0.001
0.702	0.001	0.001	0.296
>WWDWAAATAWAW	6-WWDWAAATAWAW	5.850046	-31.580084	0	T:659.0(40.45%),B:462.9(27.94%),P:1e-13	Tpos:37.0,Tstd:18.3,Bpos:37.1,Bstd:17.8,StrandBias:-0.1,Multiplicity:1.54
0.409	0.106	0.137	0.348
0.411	0.069	0.184	0.336
0.296	0.102	0.248	0.355
0.361	0.166	0.200	0.274
0.997	0.001	0.001	0.001
0.997	0.001	0.001	0.001
0.997	0.001	0.001	0.001
0.001	0.140	0.251	0.608
0.567	0.013	0.238	0.182
0.392	0.149	0.152	0.306
0.451	0.130	0.130	0.288
0.368	0.086	0.186	0.360
>CCCAGTSATTKS	7-CCCAGTSATTKS	6.924082	-28.205002	0	T:179.0(10.99%),B:73.5(4.44%),P:1e-12	Tpos:33.6,Tstd:19.4,Bpos:36.1,Bstd:24.9,StrandBias:0.4,Multiplicity:1.07
0.001	0.950	0.001	0.048
0.073	0.925	0.001	0.001
0.001	0.950	0.001	0.048
0.949	0.001	0.001	0.049
0.049	0.123	0.804	0.024
0.048	0.255	0.200	0.497
0.049	0.350	0.446	0.156
0.725	0.173	0.030	0.072
0.001	0.395	0.028	0.576
0.049	0.129	0.228	0.594
0.151	0.181	0.327	0.341
0.147	0.428	0.327	0.098
>ACCACGCCCGGC	8-ACCACGCCCGGC	7.961676	-16.720564	0	T:41.0(2.52%),B:7.0(0.42%),P:1e-7	Tpos:31.5,Tstd:16.0,Bpos:49.4,Bstd:16.6,StrandBias:-0.2,Multiplicity:1.00
0.426	0.261	0.139	0.175
0.122	0.627	0.133	0.118
0.126	0.706	0.087	0.081
0.606	0.211	0.081	0.102
0.170	0.518	0.161	0.151
0.144	0.206	0.499	0.151
0.097	0.648	0.145	0.110
0.086	0.731	0.074	0.109
0.162	0.583	0.083	0.172
0.210	0.130	0.482	0.178
0.129	0.174	0.568	0.129
0.120	0.609	0.175	0.096
>KTRTMTGTGTVT	9-KTRTMTGTGTVT	9.727460	-7.894805	0	T:23.0(1.41%),B:5.8(0.35%),P:1e-3	Tpos:34.2,Tstd:17.3,Bpos:30.8,Bstd:12.8,StrandBias:2.0,Multiplicity:1.36
0.123	0.180	0.401	0.297
0.001	0.001	0.001	0.997
0.347	0.001	0.477	0.175
0.001	0.394	0.001	0.604
0.513	0.374	0.112	0.001
0.001	0.001	0.001	0.997
0.220	0.001	0.778	0.001
0.001	0.001	0.001	0.997
0.001	0.232	0.590	0.177
0.001	0.001	0.001	0.997
0.322	0.279	0.287	0.112
0.001	0.350	0.001	0.648
>GGCTGGGA	1-GGCTGGGA	6.054412	-65.156508	0	T:379.0(23.27%),B:151.4(9.14%),P:1e-28	Tpos:36.9,Tstd:20.6,Bpos:43.0,Bstd:24.9,StrandBias:-0.2,Multiplicity:1.11
0.109	0.012	0.751	0.128
0.111	0.227	0.619	0.043
0.126	0.770	0.039	0.065
0.021	0.086	0.096	0.797
0.028	0.022	0.935	0.015
0.149	0.031	0.775	0.045
0.023	0.092	0.805	0.080
0.554	0.160	0.159	0.127
>CTCCCGAG	2-CTCCCGAG	6.709506	-52.815821	0	T:266.0(16.33%),B:93.4(5.64%),P:1e-22	Tpos:34.2,Tstd:20.2,Bpos:36.7,Bstd:24.8,StrandBias:-0.5,Multiplicity:1.10
0.271	0.490	0.088	0.151
0.001	0.001	0.001	0.997
0.001	0.997	0.001	0.001
0.001	0.997	0.001	0.001
0.001	0.858	0.001	0.140
0.172	0.254	0.573	0.001
0.537	0.001	0.249	0.213
0.410	0.001	0.588	0.001
>CTGTCTCN	3-CTGTCTCN	5.636914	-43.551662	0	T:244.0(14.98%),B:92.3(5.57%),P:1e-18	Tpos:38.9,Tstd:19.6,Bpos:39.4,Bstd:22.3,StrandBias:0.5,Multiplicity:1.06
0.227	0.629	0.099	0.045
0.168	0.136	0.030	0.666
0.087	0.027	0.637	0.249
0.117	0.229	0.031	0.623
0.059	0.782	0.122	0.037
0.131	0.304	0.033	0.532
0.085	0.568	0.037	0.310
0.302	0.241	0.208	0.249
>ATTTATTT	4-ATTTATTT	5.834441	-40.978791	0	T:481.0(29.53%),B:277.9(16.78%),P:1e-17	Tpos:37.2,Tstd:19.2,Bpos:35.9,Bstd:19.1,StrandBias:0.1,Multiplicity:1.43
0.457	0.201	0.163	0.178
0.001	0.101	0.100	0.798
0.112	0.094	0.096	0.698
0.001	0.001	0.001	0.997
0.608	0.286	0.105	0.001
0.001	0.234	0.001	0.764
0.001	0.138	0.001	0.860
0.062	0.063	0.063	0.812
>YGCGGTGR	5-YGCGGTGR	6.964492	-40.947361	0	T:238.0(14.61%),B:92.6(5.59%),P:1e-17	Tpos:38.4,Tstd:20.5,Bpos:39.4,Bstd:24.1,StrandBias:0.8,Multiplicity:1.16
0.206	0.311	0.086	0.397
0.001	0.001	0.997	0.001
0.001	0.753	0.001	0.245
0.315	0.001	0.584	0.100
0.001	0.001	0.997	0.001
0.001	0.001	0.005	0.993
0.001	0.001	0.997	0.001
0.484	0.001	0.421	0.094
>GCYGAGGY	6-GCYGAGGY	2.827149	-35.222449	0	T:260.0(15.96%),B:117.2(7.07%),P:1e-15	Tpos:38.7,Tstd:20.4,Bpos:37.8,Bstd:26.4,StrandBias:0.6,Multiplicity:1.29
0.001	0.001	0.997	0.001
0.001	0.997	0.001	0.001
0.001	0.568	0.001	0.430
0.058	0.001	0.940	0.001
0.997	0.001	0.001	0.001
0.001	0.001	0.997	0.001
0.401	0.001	0.597	0.001
0.001	0.533	0.001	0.465
>TCAAGTDA	7-TCAAGTDA	8.229384	-34.558963	0	T:130.0(7.98%),B:34.3(2.07%),P:1e-15	Tpos:35.6,Tstd:17.5,Bpos:38.4,Bstd:27.2,StrandBias:-0.4,Multiplicity:1.00
0.001	0.001	0.001	0.997
0.001	0.997	0.001	0.001
0.997	0.001	0.001	0.001
0.997	0.001	0.001	0.001
0.001	0.001	0.997	0.001
0.001	0.219	0.199	0.581
0.272	0.151	0.266	0.311
0.997	0.001	0.001	0.001
>TGCCBGTA	8-TGCCBGTA	5.271299	-29.689525	0	T:90.0(5.52%),B:18.5(1.12%),P:1e-12	Tpos:34.1,Tstd:18.4,Bpos:41.4,Bstd:22.2,StrandBias:-0.1,Multiplicity:1.00
0.001	0.263	0.001	0.735
0.011	0.001	0.987	0.001
0.102	0.896	0.001	0.001
0.001	0.997	0.001	0.001
0.001	0.292	0.292	0.415
0.001	0.001	0.997	0.001
0.001	0.001	0.001	0.997
0.997	0.001	0.001	0.001
>GTGACCCA	9-GTGACCCA	5.385145	-28.279005	0	T:188.0(11.54%),B:79.4(4.79%),P:1e-12	Tpos:40.5,Tstd:20.2,Bpos:40.2,Bstd:18.7,StrandBias:0.1,Multiplicity:1.10
0.098	0.078	0.737	0.087
0.092	0.025	0.156	0.727
0.048	0.173	0.694	0.085
0.804	0.049	0.089	0.058
0.058	0.761	0.025	0.156
0.071	0.805	0.042	0.082
0.048	0.769	0.048	0.135
0.713	0.139	0.092	0.056
>CAAAGATG	10-CAAAGATG	7.074456	-21.513562	0	T:117.0(7.18%),B:43.8(2.64%),P:1e-9	Tpos:35.7,Tstd:19.1,Bpos:39.0,Bstd:19.3,StrandBias:0.5,Multiplicity:1.03
0.001	0.933	0.065	0.001
0.846	0.093	0.001	0.060
0.997	0.001	0.001	0.001
0.950	0.018	0.001	0.031
0.072	0.072	0.801	0.055
0.901	0.091	0.007	0.001
0.190	0.037	0.019	0.754
0.065	0.031	0.903	0.001
>AGGTATAT	11-AGGTATAT	6.718044	-18.679233	0	T:67.0(4.11%),B:17.5(1.06%),P:1e-8	Tpos:39.8,Tstd:17.7,Bpos:37.8,Bstd:21.8,StrandBias:-0.2,Multiplicity:1.00
0.948	0.001	0.041	0.010
0.001	0.047	0.951	0.001
0.001	0.001	0.686	0.312
0.001	0.001	0.001	0.997
0.856	0.142	0.001	0.001
0.001	0.001	0.237	0.761
0.997	0.001	0.001	0.001
0.001	0.190	0.001	0.808
>CGGCGGCT	12-CGGCGGCT	6.854813	-16.471276	0	T:45.0(2.76%),B:8.1(0.49%),P:1e-7	Tpos:36.1,Tstd:19.8,Bpos:31.2,Bstd:43.0,StrandBias:-0.6,Multiplicity:1.13
0.001	0.818	0.138	0.043
0.129	0.043	0.827	0.001
0.001	0.001	0.997	0.001
0.001	0.741	0.086	0.172
0.043	0.043	0.828	0.086
0.001	0.042	0.956	0.001
0.001	0.956	0.042	0.001
0.043	0.043	0.043	0.871
