>CTCCTSCCTGYA	1-CTCCTSCCTGYA	8.068212	-56.070547	0	T:168.0(10.31%),B:33.5(2.02%),P:1e-24	Tpos:38.1,Tstd:18.5,Bpos:40.2,Bstd:17.6,StrandBias:-0.5,Multiplicity:1.09
0.099	0.787	0.001	0.113
0.173	0.071	0.301	0.455
0.028	0.570	0.359	0.043
0.274	0.639	0.086	0.001
0.180	0.117	0.014	0.689
0.043	0.429	0.442	0.086
0.285	0.658	0.029	0.028
0.001	0.997	0.001	0.001
0.057	0.001	0.056	0.886
0.043	0.014	0.915	0.028
0.072	0.358	0.209	0.361
0.719	0.001	0.223	0.057
>GGAGGCCRAGGC	2-GGAGGCCRAGGC	7.531377	-53.492656	0	T:181.0(11.11%),B:42.7(2.58%),P:1e-23	Tpos:36.2,Tstd:18.0,Bpos:36.2,Bstd:21.0,StrandBias:0.4,Multiplicity:1.11
0.001	0.001	0.997	0.001
0.001	0.001	0.997	0.001
0.997	0.001	0.001	0.001
0.001	0.001	0.997	0.001
0.103	0.001	0.895	0.001
0.104	0.843	0.001	0.052
0.185	0.523	0.001	0.291
0.303	0.259	0.436	0.001
0.997	0.001	0.001	0.001
0.001	0.001	0.997	0.001
0.051	0.001	0.947	0.001
0.001	0.920	0.052	0.027
>GARCCCRGGARG	3-GARCCCRGGARG	7.345410	-40.533506	0	T:228.0(14.00%),B:86.3(5.21%),P:1e-17	Tpos:37.8,Tstd:19.1,Bpos:35.7,Bstd:26.7,StrandBias:0.2,Multiplicity:1.02
0.261	0.285	0.453	0.001
0.962	0.012	0.025	0.001
0.388	0.173	0.365	0.074
0.187	0.486	0.277	0.050
0.223	0.638	0.001	0.138
0.274	0.464	0.013	0.249
0.466	0.001	0.459	0.074
0.186	0.001	0.812	0.001
0.036	0.001	0.962	0.001
0.974	0.024	0.001	0.001
0.424	0.001	0.427	0.149
0.161	0.049	0.564	0.226
>AGGAGRATCACT	4-AGGAGRATCACT	9.664514	-32.689608	0	T:89.0(5.46%),B:15.0(0.91%),P:1e-14	Tpos:34.6,Tstd:15.3,Bpos:37.1,Bstd:16.3,StrandBias:0.6,Multiplicity:1.00
0.721	0.001	0.277	0.001
0.085	0.120	0.794	0.001
0.162	0.001	0.795	0.042
0.833	0.042	0.002	0.123
0.078	0.002	0.919	0.001
0.514	0.039	0.405	0.042
0.912	0.002	0.084	0.002
0.041	0.001	0.041	0.917
0.081	0.511	0.322	0.086
0.624	0.081	0.137	0.158
0.086	0.786	0.003	0.125
0.048	0.039	0.001	0.912
>AAARTGMTAGGA	5-AAARTGMTAGGA	9.631554	-31.945949	0	T:92.0(5.65%),B:17.9(1.08%),P:1e-13	Tpos:38.4,Tstd:17.9,Bpos:42.4,Bstd:15.6,StrandBias:-0.4,Multiplicity:1.00
0.777	0.001	0.221	0.001
0.997	0.001	0.001	0.001
0.890	0.001	0.001	0.108
0.390	0.054	0.437	0.119
0.001	0.001	0.001	0.997
0.285	0.001	0.713	0.001
0.513	0.485	0.001	0.001
0.350	0.001	0.001	0.648
0.570	0.001	0.306	0.123
0.054	0.001	0.718	0.227
0.307	0.001	0.691	0.001
0.702	0.001	0.001	0.296
>WWDWAAATAWAW	6-WWDWAAATAWAW	5.850046	-31.580084	0	T:659.0(40.45%),B:462.9(27.94%),P:1e-13	Tpos:37.0,Tstd:18.3,Bpos:37.1,Bstd:17.8,StrandBias:-0.1,Multiplicity:1.54
0.409	0.106	0.137	0.348
0.411	0.069	0.184	0.336
0.296	0.102	0.248	0.355
0.361	0.166	0.200	0.274
0.997	0.001	0.001	0.001
0.997	0.001	0.001	0.001
0.997	0.001	0.001	0.001
0.001	0.140	0.251	0.608
0.567	0.013	0.238	0.182
0.392	0.149	0.152	0.306
0.451	0.130	0.130	0.288
0.368	0.086	0.186	0.360
>CCCAGTSATTKS	7-CCCAGTSATTKS	6.924082	-28.205002	0	T:179.0(10.99%),B:73.5(4.44%),P:1e-12	Tpos:33.6,Tstd:19.4,Bpos:36.1,Bstd:24.9,StrandBias:0.4,Multiplicity:1.07
0.001	0.950	0.001	0.048
0.073	0.925	0.001	0.001
0.001	0.950	0.001	0.048
0.949	0.001	0.001	0.049
0.049	0.123	0.804	0.024
0.048	0.255	0.200	0.497
0.049	0.350	0.446	0.156
0.725	0.173	0.030	0.072
0.001	0.395	0.028	0.576
0.049	0.129	0.228	0.594
0.151	0.181	0.327	0.341
0.147	0.428	0.327	0.098
>ACCACGCCCGGC	8-ACCACGCCCGGC	7.961676	-16.720564	0	T:41.0(2.52%),B:7.0(0.42%),P:1e-7	Tpos:31.5,Tstd:16.0,Bpos:49.4,Bstd:16.6,StrandBias:-0.2,Multiplicity:1.00
0.426	0.261	0.139	0.175
0.122	0.627	0.133	0.118
0.126	0.706	0.087	0.081
0.606	0.211	0.081	0.102
0.170	0.518	0.161	0.151
0.144	0.206	0.499	0.151
0.097	0.648	0.145	0.110
0.086	0.731	0.074	0.109
0.162	0.583	0.083	0.172
0.210	0.130	0.482	0.178
0.129	0.174	0.568	0.129
0.120	0.609	0.175	0.096
>KTRTMTGTGTVT	9-KTRTMTGTGTVT	9.727460	-7.894805	0	T:23.0(1.41%),B:5.8(0.35%),P:1e-3	Tpos:34.2,Tstd:17.3,Bpos:30.8,Bstd:12.8,StrandBias:2.0,Multiplicity:1.36
0.123	0.180	0.401	0.297
0.001	0.001	0.001	0.997
0.347	0.001	0.477	0.175
0.001	0.394	0.001	0.604
0.513	0.374	0.112	0.001
0.001	0.001	0.001	0.997
0.220	0.001	0.778	0.001
0.001	0.001	0.001	0.997
0.001	0.232	0.590	0.177
0.001	0.001	0.001	0.997
0.322	0.279	0.287	0.112
0.001	0.350	0.001	0.648
