>WGCAGCTGCANR	2-WGCAGCTGCANR	6.597799	-48.703384	0	T:327.0(10.90%),B:104.3(4.14%),P:1e-21
0.316	0.099	0.205	0.379
0.103	0.229	0.597	0.071
0.111	0.755	0.095	0.039
0.909	0.001	0.004	0.086
0.001	0.001	0.909	0.089
0.059	0.811	0.035	0.095
0.043	0.001	0.015	0.941
0.052	0.051	0.818	0.079
0.209	0.507	0.169	0.115
0.470	0.154	0.150	0.225
0.269	0.261	0.273	0.197
0.403	0.201	0.309	0.087
