>CKTGCCTGGGGY	8-RCCCCAGGCAMG	6.853595	-15.486509	0	T:108.0(3.60%),B:36.9(1.47%),P:1e-6
0.289	0.639	0.071	0.001
0.001	0.216	0.460	0.323
0.069	0.225	0.001	0.705
0.052	0.279	0.494	0.175
0.001	0.717	0.107	0.175
0.001	0.982	0.016	0.001
0.001	0.001	0.423	0.575
0.052	0.212	0.735	0.001
0.001	0.289	0.620	0.090
0.001	0.230	0.503	0.266
0.034	0.107	0.858	0.001
0.017	0.555	0.001	0.427
