>RCCCCAGGCAMG	8-RCCCCAGGCAMG,BestGuess:PB0190.1_Tcfap2b_2/Jaspar(0.727)	6.853595	-15.486509	0	T:108.0(3.60%),B:36.9(1.47%),P:1e-6
0.427	0.001	0.555	0.017
0.001	0.858	0.107	0.034
0.266	0.503	0.230	0.001
0.090	0.620	0.289	0.001
0.001	0.735	0.212	0.052
0.575	0.423	0.001	0.001
0.001	0.016	0.982	0.001
0.175	0.107	0.717	0.001
0.175	0.494	0.279	0.052
0.705	0.001	0.225	0.069
0.323	0.460	0.216	0.001
0.001	0.071	0.639	0.289
