>AAAGAGGAAGTC	3-AAAGAGGAAGTC	10.248873	-28.182847	0	T:46.0(1.53%),B:0.7(0.03%),P:1e-12
0.752	0.055	0.166	0.027
0.918	0.001	0.027	0.054
0.861	0.001	0.111	0.027
0.002	0.109	0.860	0.029
0.754	0.027	0.164	0.055
0.082	0.001	0.890	0.027
0.054	0.001	0.863	0.082
0.944	0.001	0.054	0.001
0.891	0.001	0.054	0.054
0.027	0.082	0.890	0.001
0.029	0.111	0.177	0.683
0.084	0.743	0.116	0.057
