>TCCTCCTCTGCA	6-TGCAGAGGAGGA	10.688019	-17.115972	0	T:28.0(0.93%),B:0.6(0.02%),P:1e-7
0.001	0.089	0.148	0.762
0.030	0.789	0.059	0.122
0.208	0.670	0.030	0.092
0.001	0.059	0.059	0.881
0.001	0.939	0.059	0.001
0.029	0.911	0.001	0.059
0.003	0.122	0.089	0.786
0.059	0.823	0.059	0.059
0.146	0.001	0.059	0.794
0.001	0.059	0.911	0.029
0.029	0.908	0.001	0.062
0.878	0.030	0.062	0.030
