>TGCAGAGGAGGA	6-TGCAGAGGAGGA,BestGuess:Znf263(Zf)/K562-Znf263-ChIP-Seq(GSE31477)/Homer(0.603)	10.688019	-17.115972	0	T:28.0(0.93%),B:0.6(0.02%),P:1e-7
0.030	0.062	0.030	0.878
0.062	0.001	0.908	0.029
0.029	0.911	0.059	0.001
0.794	0.059	0.001	0.146
0.059	0.059	0.823	0.059
0.786	0.089	0.122	0.003
0.059	0.001	0.911	0.029
0.001	0.059	0.939	0.001
0.881	0.059	0.059	0.001
0.092	0.030	0.670	0.208
0.122	0.059	0.789	0.030
0.762	0.148	0.089	0.001
