>YCTCTBCCTCCC	1-YCTCTBCCTCCC	6.150447	-56.650187	0	T:395.0(24.97%),B:179.8(11.09%),P:1e-24	Tpos:37.0,Tstd:18.7,Bpos:38.6,Bstd:22.9,StrandBias:-0.3,Multiplicity:1.21
0.110	0.410	0.083	0.397
0.105	0.572	0.038	0.285
0.133	0.322	0.054	0.490
0.108	0.561	0.090	0.241
0.156	0.202	0.052	0.590
0.113	0.319	0.277	0.290
0.051	0.718	0.018	0.213
0.142	0.650	0.001	0.207
0.188	0.099	0.032	0.681
0.029	0.538	0.163	0.270
0.049	0.844	0.027	0.080
0.117	0.591	0.003	0.289
>TGGGAYTACAGG	2-TGGGAYTACAGG	9.016528	-43.259529	0	T:138.0(8.72%),B:30.7(1.89%),P:1e-18	Tpos:36.1,Tstd:17.4,Bpos:41.6,Bstd:25.5,StrandBias:0.1,Multiplicity:1.00
0.001	0.001	0.239	0.759
0.197	0.185	0.617	0.001
0.023	0.001	0.759	0.217
0.001	0.001	0.997	0.001
0.559	0.185	0.025	0.231
0.001	0.564	0.001	0.434
0.001	0.046	0.002	0.951
0.559	0.394	0.046	0.001
0.001	0.934	0.064	0.001
0.976	0.001	0.022	0.001
0.072	0.001	0.548	0.379
0.001	0.207	0.767	0.025
>AGGAGAATCACT	3-AGGAGAATCACT	7.540535	-32.144487	0	T:60.0(3.79%),B:4.8(0.29%),P:1e-13	Tpos:33.1,Tstd:16.1,Bpos:20.1,Bstd:9.0,StrandBias:0.3,Multiplicity:1.00
0.565	0.091	0.157	0.187
0.241	0.072	0.506	0.181
0.182	0.105	0.564	0.149
0.687	0.054	0.122	0.137
0.185	0.111	0.568	0.136
0.687	0.109	0.100	0.104
0.622	0.119	0.134	0.125
0.169	0.097	0.123	0.611
0.171	0.543	0.137	0.149
0.665	0.117	0.066	0.152
0.199	0.458	0.155	0.188
0.229	0.133	0.112	0.526
>ACTTTGGGAGCC	4-ACTTTGGGAGCC	6.665665	-30.022186	0	T:94.0(5.94%),B:20.4(1.26%),P:1e-13	Tpos:41.4,Tstd:21.2,Bpos:0.0,Bstd:0.0,StrandBias:1.1,Multiplicity:1.00
0.843	0.001	0.155	0.001
0.156	0.531	0.001	0.312
0.001	0.001	0.155	0.843
0.155	0.001	0.001	0.843
0.001	0.001	0.001	0.997
0.001	0.001	0.997	0.001
0.001	0.001	0.802	0.196
0.081	0.001	0.917	0.001
0.997	0.001	0.001	0.001
0.050	0.156	0.793	0.001
0.041	0.633	0.170	0.156
0.001	0.997	0.001	0.001
>KCAGTGAKMHNA	5-KCAGTGAKMHNA	7.105059	-30.009656	0	T:167.0(10.56%),B:63.8(3.93%),P:1e-13	Tpos:39.3,Tstd:20.1,Bpos:39.2,Bstd:22.0,StrandBias:-0.1,Multiplicity:1.14
0.132	0.001	0.505	0.362
0.001	0.926	0.055	0.018
0.962	0.001	0.001	0.036
0.001	0.001	0.944	0.054
0.001	0.054	0.001	0.944
0.001	0.001	0.979	0.019
0.630	0.019	0.294	0.057
0.062	0.165	0.419	0.355
0.354	0.416	0.193	0.038
0.346	0.340	0.055	0.259
0.227	0.210	0.337	0.226
0.626	0.092	0.058	0.224
>DGGCDKGGTGGC	6-DGGCDKGGTGGC	7.761946	-27.483592	0	T:133.0(8.41%),B:45.1(2.78%),P:1e-11	Tpos:35.7,Tstd:17.9,Bpos:39.8,Bstd:23.7,StrandBias:0.0,Multiplicity:1.02
0.386	0.001	0.349	0.264
0.001	0.001	0.943	0.055
0.001	0.230	0.768	0.001
0.001	0.749	0.095	0.155
0.242	0.058	0.317	0.384
0.001	0.224	0.438	0.337
0.125	0.001	0.873	0.001
0.075	0.131	0.793	0.001
0.075	0.001	0.001	0.923
0.001	0.001	0.997	0.001
0.117	0.001	0.864	0.018
0.076	0.615	0.191	0.118
>NNAGCCTGAGNN	7-NNAGCCTGAGNN	5.205681	-23.675841	0	T:47.0(2.97%),B:5.0(0.31%),P:1e-10	Tpos:37.5,Tstd:19.3,Bpos:45.2,Bstd:8.5,StrandBias:-0.2,Multiplicity:1.02
0.246	0.266	0.254	0.234
0.244	0.318	0.211	0.227
0.460	0.086	0.145	0.309
0.167	0.178	0.469	0.186
0.167	0.523	0.177	0.133
0.225	0.548	0.060	0.167
0.254	0.116	0.067	0.563
0.156	0.204	0.492	0.148
0.463	0.116	0.255	0.166
0.224	0.190	0.380	0.205
0.257	0.267	0.199	0.277
0.332	0.226	0.190	0.252
>TTTAAAATATTT	8-TTTAAAATATTT	7.754921	-21.719324	0	T:148.0(9.36%),B:64.7(3.99%),P:1e-9	Tpos:39.1,Tstd:18.0,Bpos:37.2,Bstd:18.1,StrandBias:-0.2,Multiplicity:1.17
0.287	0.058	0.048	0.607
0.340	0.067	0.057	0.536
0.134	0.077	0.058	0.731
0.824	0.033	0.038	0.105
0.961	0.001	0.009	0.029
0.928	0.019	0.010	0.043
0.880	0.020	0.029	0.071
0.009	0.048	0.001	0.942
0.847	0.038	0.067	0.048
0.116	0.048	0.019	0.817
0.221	0.061	0.061	0.657
0.252	0.039	0.076	0.633
>KCATATRCCTRG	9-KCATATRCCTRG	8.427888	-20.575471	0	T:33.0(2.09%),B:1.9(0.12%),P:1e-8	Tpos:36.5,Tstd:15.2,Bpos:0.0,Bstd:0.0,StrandBias:0.4,Multiplicity:1.00
0.001	0.001	0.467	0.531
0.001	0.647	0.001	0.351
0.997	0.001	0.001	0.001
0.124	0.052	0.103	0.721
0.997	0.001	0.001	0.001
0.055	0.103	0.001	0.841
0.506	0.008	0.383	0.103
0.001	0.733	0.103	0.163
0.060	0.888	0.051	0.001
0.001	0.244	0.001	0.754
0.428	0.001	0.570	0.001
0.188	0.052	0.605	0.155
