>TCTSCCTCCC	1-TCTSCCTCCC	6.889292	-60.936673	0	T:338.0(21.37%),B:131.8(8.12%),P:1e-26	Tpos:36.4,Tstd:19.0,Bpos:39.9,Bstd:24.2,StrandBias:-0.3,Multiplicity:1.25
0.023	0.170	0.001	0.806
0.046	0.646	0.064	0.244
0.113	0.188	0.159	0.540
0.108	0.321	0.381	0.190
0.029	0.853	0.001	0.117
0.052	0.726	0.001	0.221
0.001	0.001	0.001	0.997
0.001	0.629	0.145	0.225
0.001	0.997	0.001	0.001
0.001	0.791	0.001	0.207
>AAGAGCTGGG	2-AAGAGCTGGG	8.583834	-52.956979	0	T:173.0(10.94%),B:39.5(2.44%),P:1e-22	Tpos:33.5,Tstd:19.2,Bpos:39.5,Bstd:21.0,StrandBias:-0.3,Multiplicity:1.05
0.744	0.128	0.064	0.064
0.515	0.001	0.335	0.149
0.001	0.205	0.707	0.087
0.807	0.001	0.002	0.190
0.063	0.001	0.935	0.001
0.002	0.806	0.064	0.128
0.001	0.001	0.001	0.997
0.001	0.001	0.997	0.001
0.063	0.001	0.935	0.001
0.063	0.001	0.935	0.001
>AATCACTTGA	3-AATCACTTGA	9.055626	-38.764943	0	T:76.0(4.80%),B:6.1(0.38%),P:1e-16	Tpos:33.7,Tstd:17.1,Bpos:29.8,Bstd:20.1,StrandBias:0.3,Multiplicity:1.00
0.826	0.001	0.156	0.017
0.997	0.001	0.001	0.001
0.001	0.016	0.001	0.982
0.001	0.965	0.017	0.017
0.716	0.001	0.266	0.017
0.001	0.982	0.001	0.016
0.017	0.017	0.001	0.965
0.016	0.001	0.001	0.982
0.016	0.001	0.982	0.001
0.982	0.001	0.001	0.016
>TACAGGCATG	4-TACAGGCATG	8.123514	-38.628606	0	T:103.0(6.51%),B:17.1(1.06%),P:1e-16	Tpos:38.2,Tstd:16.2,Bpos:34.7,Bstd:18.7,StrandBias:0.5,Multiplicity:1.00
0.001	0.001	0.008	0.990
0.804	0.194	0.001	0.001
0.065	0.869	0.001	0.065
0.997	0.001	0.001	0.001
0.195	0.001	0.674	0.130
0.001	0.065	0.739	0.195
0.065	0.775	0.065	0.095
0.683	0.001	0.224	0.092
0.001	0.230	0.001	0.768
0.166	0.001	0.573	0.260
>TAAAATATWT	5-TAAAATATWT	6.569459	-30.850989	0	T:322.0(20.35%),B:175.7(10.83%),P:1e-13	Tpos:39.3,Tstd:19.0,Bpos:36.3,Bstd:18.9,StrandBias:-0.2,Multiplicity:1.23
0.220	0.137	0.088	0.555
0.687	0.022	0.071	0.220
0.915	0.018	0.036	0.031
0.828	0.102	0.018	0.052
0.737	0.009	0.142	0.112
0.013	0.022	0.013	0.952
0.828	0.018	0.097	0.057
0.254	0.141	0.043	0.562
0.426	0.109	0.112	0.354
0.232	0.040	0.088	0.640
>KATCACTGCA	6-KATCACTGCA	7.672048	-27.425178	0	T:118.0(7.46%),B:36.7(2.26%),P:1e-11	Tpos:40.6,Tstd:21.0,Bpos:34.0,Bstd:25.7,StrandBias:-0.7,Multiplicity:1.07
0.077	0.094	0.408	0.421
0.450	0.244	0.142	0.164
0.188	0.069	0.001	0.742
0.115	0.647	0.046	0.192
0.740	0.001	0.001	0.258
0.092	0.861	0.001	0.046
0.001	0.001	0.001	0.997
0.001	0.001	0.997	0.001
0.093	0.905	0.001	0.001
0.838	0.001	0.001	0.160
>AKCCTGGGCW	7-AKCCTGGGCW	7.667510	-25.866922	0	T:118.0(7.46%),B:38.0(2.34%),P:1e-11	Tpos:38.7,Tstd:20.4,Bpos:42.9,Bstd:24.7,StrandBias:-0.1,Multiplicity:1.10
0.457	0.152	0.196	0.196
0.016	0.180	0.393	0.411
0.055	0.762	0.151	0.032
0.001	0.997	0.001	0.001
0.243	0.001	0.001	0.755
0.001	0.001	0.997	0.001
0.097	0.001	0.854	0.048
0.047	0.001	0.951	0.001
0.366	0.584	0.049	0.001
0.465	0.081	0.001	0.453
>CGTGGTGGCK	8-CGTGGTGGCK	9.785031	-25.605796	0	T:50.0(3.16%),B:4.7(0.29%),P:1e-11	Tpos:32.3,Tstd:16.7,Bpos:33.7,Bstd:39.2,StrandBias:1.1,Multiplicity:1.02
0.001	0.654	0.001	0.344
0.080	0.085	0.834	0.001
0.001	0.191	0.001	0.807
0.001	0.001	0.997	0.001
0.001	0.001	0.997	0.001
0.001	0.080	0.001	0.918
0.001	0.001	0.997	0.001
0.080	0.001	0.918	0.001
0.001	0.569	0.246	0.184
0.103	0.081	0.439	0.377
>CTGGCTGCAA	9-CTGGCTGCAA	8.068932	-24.417379	0	T:56.0(3.54%),B:7.3(0.45%),P:1e-10	Tpos:37.5,Tstd:19.6,Bpos:31.6,Bstd:11.8,StrandBias:-0.1,Multiplicity:1.00
0.115	0.745	0.094	0.046
0.138	0.001	0.001	0.860
0.027	0.074	0.876	0.023
0.188	0.166	0.645	0.001
0.069	0.792	0.138	0.001
0.115	0.001	0.001	0.883
0.001	0.001	0.856	0.142
0.027	0.807	0.116	0.050
0.838	0.046	0.001	0.115
0.719	0.001	0.138	0.142
>CTWCATSTTT	10-CTWCATSTTT	5.724581	-23.095145	0	T:195.0(12.33%),B:95.9(5.91%),P:1e-10	Tpos:33.8,Tstd:19.9,Bpos:32.8,Bstd:20.4,StrandBias:0.0,Multiplicity:1.07
0.037	0.499	0.142	0.322
0.208	0.221	0.006	0.565
0.415	0.112	0.132	0.341
0.129	0.474	0.139	0.258
0.461	0.299	0.002	0.239
0.027	0.006	0.006	0.961
0.147	0.335	0.396	0.122
0.007	0.223	0.091	0.679
0.255	0.158	0.120	0.468
0.009	0.170	0.146	0.675
>CTTTGTTTTC	11-CTTTGTTTTC	8.889958	-20.575471	0	T:33.0(2.09%),B:1.1(0.07%),P:1e-8	Tpos:36.7,Tstd:21.2,Bpos:24.0,Bstd:0.0,StrandBias:0.6,Multiplicity:1.00
0.001	0.880	0.118	0.001
0.001	0.001	0.118	0.880
0.052	0.026	0.001	0.921
0.001	0.001	0.001	0.997
0.001	0.052	0.946	0.001
0.118	0.001	0.001	0.880
0.001	0.119	0.119	0.761
0.001	0.139	0.001	0.859
0.001	0.001	0.118	0.880
0.130	0.868	0.001	0.001
>AGGGATGGGG	12-AGGGATGGGG	8.026131	-19.775171	0	T:59.0(3.73%),B:12.2(0.76%),P:1e-8	Tpos:40.2,Tstd:19.4,Bpos:28.2,Bstd:13.4,StrandBias:1.2,Multiplicity:1.09
0.724	0.004	0.187	0.085
0.127	0.001	0.871	0.001
0.135	0.086	0.736	0.043
0.046	0.128	0.822	0.004
0.769	0.184	0.046	0.001
0.001	0.042	0.042	0.915
0.001	0.001	0.953	0.045
0.174	0.001	0.815	0.010
0.085	0.001	0.829	0.085
0.352	0.001	0.601	0.046
>GGGGAAGTGA	13-GGGGAAGTGA	8.311990	-18.057755	0	T:43.0(2.72%),B:6.2(0.38%),P:1e-7	Tpos:38.9,Tstd:21.0,Bpos:29.6,Bstd:7.1,StrandBias:1.2,Multiplicity:1.00
0.128	0.001	0.775	0.096
0.096	0.001	0.711	0.192
0.127	0.001	0.777	0.095
0.001	0.039	0.953	0.007
0.707	0.007	0.159	0.127
0.997	0.001	0.001	0.001
0.126	0.001	0.872	0.001
0.095	0.001	0.225	0.679
0.039	0.128	0.832	0.001
0.738	0.127	0.096	0.039
>CAGGCCTGTC	14-CAGGCCTGTC	7.522691	-17.781801	0	T:35.0(2.21%),B:3.4(0.21%),P:1e-7	Tpos:40.7,Tstd:18.9,Bpos:53.3,Bstd:11.5,StrandBias:0.1,Multiplicity:1.00
0.110	0.510	0.286	0.094
0.713	0.063	0.119	0.105
0.001	0.046	0.952	0.001
0.103	0.285	0.493	0.119
0.222	0.596	0.127	0.055
0.118	0.880	0.001	0.001
0.181	0.102	0.001	0.716
0.118	0.144	0.603	0.135
0.119	0.142	0.158	0.581
0.158	0.556	0.143	0.143
>TGGGTNTCTA	15-TGGGTNTCTA	7.830246	-17.376924	0	T:37.0(2.34%),B:4.1(0.25%),P:1e-7	Tpos:41.8,Tstd:17.7,Bpos:34.5,Bstd:18.5,StrandBias:-0.2,Multiplicity:1.00
0.001	0.001	0.001	0.997
0.020	0.001	0.978	0.001
0.183	0.001	0.798	0.018
0.146	0.001	0.650	0.203
0.201	0.001	0.111	0.687
0.302	0.222	0.278	0.199
0.204	0.183	0.001	0.612
0.091	0.629	0.039	0.241
0.112	0.019	0.001	0.868
0.543	0.001	0.218	0.238
>CATTTATAAG	16-CATTTATAAG	7.838222	-17.193267	0	T:58.0(3.67%),B:15.0(0.92%),P:1e-7	Tpos:33.5,Tstd:19.1,Bpos:38.7,Bstd:22.7,StrandBias:-0.6,Multiplicity:1.00
0.040	0.775	0.066	0.119
0.866	0.053	0.040	0.041
0.027	0.041	0.040	0.892
0.040	0.080	0.013	0.867
0.027	0.040	0.040	0.893
0.708	0.119	0.080	0.093
0.108	0.094	0.081	0.717
0.708	0.106	0.027	0.159
0.889	0.001	0.028	0.082
0.135	0.053	0.706	0.106
>TCATTTGACC	17-TCATTTGACC	8.179305	-17.154066	0	T:28.0(1.77%),B:1.8(0.11%),P:1e-7	Tpos:31.0,Tstd:18.1,Bpos:37.4,Bstd:14.1,StrandBias:-0.3,Multiplicity:1.00
0.073	0.038	0.058	0.831
0.044	0.882	0.058	0.016
0.852	0.073	0.015	0.060
0.029	0.044	0.001	0.926
0.058	0.073	0.044	0.825
0.015	0.015	0.029	0.941
0.104	0.104	0.688	0.104
0.707	0.117	0.088	0.088
0.147	0.675	0.060	0.118
0.132	0.692	0.058	0.118
>RCCTASRTRS	18-RCCTASRTRS	7.120928	-17.093462	0	T:52.0(3.29%),B:11.0(0.68%),P:1e-7	Tpos:31.9,Tstd:22.6,Bpos:43.6,Bstd:19.8,StrandBias:0.2,Multiplicity:1.04
0.411	0.243	0.271	0.075
0.230	0.527	0.168	0.075
0.001	0.997	0.001	0.001
0.366	0.074	0.001	0.559
0.470	0.256	0.200	0.075
0.149	0.437	0.413	0.001
0.457	0.074	0.468	0.001
0.001	0.001	0.001	0.997
0.453	0.001	0.545	0.001
0.001	0.474	0.524	0.001
>CACTTCTCTA	19-CACTTCTCTA	8.835591	-16.760511	0	T:36.0(2.28%),B:4.3(0.27%),P:1e-7	Tpos:34.5,Tstd:17.6,Bpos:30.7,Bstd:15.6,StrandBias:-0.1,Multiplicity:1.00
0.290	0.708	0.001	0.001
0.672	0.099	0.003	0.226
0.224	0.714	0.001	0.061
0.001	0.001	0.002	0.996
0.001	0.001	0.001	0.997
0.034	0.962	0.001	0.003
0.001	0.194	0.001	0.804
0.001	0.997	0.001	0.001
0.291	0.195	0.001	0.513
0.674	0.001	0.195	0.130
>TTTTCTAGGT	20-TTTTCTAGGT	7.849263	-16.626972	0	T:55.0(3.48%),B:13.8(0.85%),P:1e-7	Tpos:34.4,Tstd:20.4,Bpos:36.6,Bstd:24.8,StrandBias:0.1,Multiplicity:1.04
0.001	0.194	0.001	0.804
0.119	0.124	0.043	0.714
0.001	0.075	0.194	0.730
0.001	0.001	0.075	0.923
0.001	0.997	0.001	0.001
0.037	0.001	0.001	0.961
0.810	0.001	0.038	0.151
0.001	0.001	0.997	0.001
0.156	0.001	0.683	0.160
0.267	0.001	0.235	0.497
>TGGGGTCAGG	21-TGGGGTCAGG	8.131799	-16.560358	0	T:49.0(3.10%),B:10.3(0.63%),P:1e-7	Tpos:35.6,Tstd:19.8,Bpos:23.4,Bstd:7.0,StrandBias:0.6,Multiplicity:1.00
0.001	0.047	0.048	0.904
0.023	0.001	0.925	0.051
0.073	0.001	0.808	0.118
0.023	0.001	0.953	0.023
0.047	0.146	0.713	0.094
0.099	0.166	0.103	0.632
0.071	0.760	0.075	0.094
0.802	0.001	0.056	0.141
0.118	0.024	0.763	0.095
0.028	0.118	0.759	0.095
>GCTCACTGTT	22-GCTCACTGTT	8.942568	-14.929048	0	T:33.0(2.09%),B:4.1(0.25%),P:1e-6	Tpos:38.6,Tstd:22.3,Bpos:35.4,Bstd:18.4,StrandBias:1.4,Multiplicity:1.00
0.057	0.013	0.630	0.300
0.305	0.637	0.057	0.001
0.057	0.115	0.001	0.827
0.001	0.986	0.012	0.001
0.986	0.012	0.001	0.001
0.057	0.872	0.070	0.001
0.001	0.001	0.001	0.997
0.001	0.001	0.997	0.001
0.286	0.001	0.001	0.712
0.057	0.230	0.057	0.656
>ACTTTGGGGA	23-ACTTTGGGGA	8.285493	-13.887220	0	T:40.0(2.53%),B:8.5(0.52%),P:1e-6	Tpos:31.6,Tstd:20.1,Bpos:38.3,Bstd:7.3,StrandBias:1.5,Multiplicity:1.03
0.838	0.038	0.077	0.047
0.047	0.752	0.200	0.001
0.315	0.085	0.001	0.599
0.115	0.115	0.038	0.732
0.037	0.001	0.001	0.961
0.038	0.001	0.885	0.076
0.102	0.001	0.896	0.001
0.200	0.001	0.798	0.001
0.140	0.001	0.858	0.001
0.961	0.037	0.001	0.001
>AGCCTGAGAA	24-AGCCTGAGAA	7.859821	-12.372620	0	T:41.0(2.59%),B:10.0(0.62%),P:1e-5	Tpos:34.8,Tstd:19.6,Bpos:32.0,Bstd:18.3,StrandBias:-0.1,Multiplicity:1.03
0.864	0.036	0.024	0.076
0.072	0.090	0.784	0.054
0.108	0.782	0.072	0.038
0.181	0.729	0.018	0.072
0.128	0.090	0.018	0.764
0.036	0.038	0.852	0.074
0.856	0.018	0.018	0.108
0.054	0.054	0.874	0.018
0.818	0.072	0.020	0.090
0.710	0.090	0.054	0.146
>ATGTTTCTTC	25-ATGTTTCTTC	10.267312	-10.948439	0	T:24.0(1.52%),B:3.0(0.19%),P:1e-4	Tpos:43.0,Tstd:16.2,Bpos:56.4,Bstd:5.3,StrandBias:0.0,Multiplicity:1.05
0.857	0.001	0.071	0.071
0.001	0.001	0.070	0.928
0.071	0.001	0.785	0.143
0.070	0.001	0.001	0.928
0.001	0.142	0.001	0.856
0.071	0.071	0.001	0.857
0.070	0.928	0.001	0.001
0.001	0.001	0.001	0.997
0.001	0.001	0.001	0.997
0.070	0.928	0.001	0.001
>YCTCTBCCTCCC	1-YCTCTBCCTCCC	6.150447	-56.650187	0	T:395.0(24.97%),B:179.8(11.09%),P:1e-24	Tpos:37.0,Tstd:18.7,Bpos:38.6,Bstd:22.9,StrandBias:-0.3,Multiplicity:1.21
0.110	0.410	0.083	0.397
0.105	0.572	0.038	0.285
0.133	0.322	0.054	0.490
0.108	0.561	0.090	0.241
0.156	0.202	0.052	0.590
0.113	0.319	0.277	0.290
0.051	0.718	0.018	0.213
0.142	0.650	0.001	0.207
0.188	0.099	0.032	0.681
0.029	0.538	0.163	0.270
0.049	0.844	0.027	0.080
0.117	0.591	0.003	0.289
>TGGGAYTACAGG	2-TGGGAYTACAGG	9.016528	-43.259529	0	T:138.0(8.72%),B:30.7(1.89%),P:1e-18	Tpos:36.1,Tstd:17.4,Bpos:41.6,Bstd:25.5,StrandBias:0.1,Multiplicity:1.00
0.001	0.001	0.239	0.759
0.197	0.185	0.617	0.001
0.023	0.001	0.759	0.217
0.001	0.001	0.997	0.001
0.559	0.185	0.025	0.231
0.001	0.564	0.001	0.434
0.001	0.046	0.002	0.951
0.559	0.394	0.046	0.001
0.001	0.934	0.064	0.001
0.976	0.001	0.022	0.001
0.072	0.001	0.548	0.379
0.001	0.207	0.767	0.025
>AGGAGAATCACT	3-AGGAGAATCACT	7.540535	-32.144487	0	T:60.0(3.79%),B:4.8(0.29%),P:1e-13	Tpos:33.1,Tstd:16.1,Bpos:20.1,Bstd:9.0,StrandBias:0.3,Multiplicity:1.00
0.565	0.091	0.157	0.187
0.241	0.072	0.506	0.181
0.182	0.105	0.564	0.149
0.687	0.054	0.122	0.137
0.185	0.111	0.568	0.136
0.687	0.109	0.100	0.104
0.622	0.119	0.134	0.125
0.169	0.097	0.123	0.611
0.171	0.543	0.137	0.149
0.665	0.117	0.066	0.152
0.199	0.458	0.155	0.188
0.229	0.133	0.112	0.526
>ACTTTGGGAGCC	4-ACTTTGGGAGCC	6.665665	-30.022186	0	T:94.0(5.94%),B:20.4(1.26%),P:1e-13	Tpos:41.4,Tstd:21.2,Bpos:0.0,Bstd:0.0,StrandBias:1.1,Multiplicity:1.00
0.843	0.001	0.155	0.001
0.156	0.531	0.001	0.312
0.001	0.001	0.155	0.843
0.155	0.001	0.001	0.843
0.001	0.001	0.001	0.997
0.001	0.001	0.997	0.001
0.001	0.001	0.802	0.196
0.081	0.001	0.917	0.001
0.997	0.001	0.001	0.001
0.050	0.156	0.793	0.001
0.041	0.633	0.170	0.156
0.001	0.997	0.001	0.001
>KCAGTGAKMHNA	5-KCAGTGAKMHNA	7.105059	-30.009656	0	T:167.0(10.56%),B:63.8(3.93%),P:1e-13	Tpos:39.3,Tstd:20.1,Bpos:39.2,Bstd:22.0,StrandBias:-0.1,Multiplicity:1.14
0.132	0.001	0.505	0.362
0.001	0.926	0.055	0.018
0.962	0.001	0.001	0.036
0.001	0.001	0.944	0.054
0.001	0.054	0.001	0.944
0.001	0.001	0.979	0.019
0.630	0.019	0.294	0.057
0.062	0.165	0.419	0.355
0.354	0.416	0.193	0.038
0.346	0.340	0.055	0.259
0.227	0.210	0.337	0.226
0.626	0.092	0.058	0.224
>DGGCDKGGTGGC	6-DGGCDKGGTGGC	7.761946	-27.483592	0	T:133.0(8.41%),B:45.1(2.78%),P:1e-11	Tpos:35.7,Tstd:17.9,Bpos:39.8,Bstd:23.7,StrandBias:0.0,Multiplicity:1.02
0.386	0.001	0.349	0.264
0.001	0.001	0.943	0.055
0.001	0.230	0.768	0.001
0.001	0.749	0.095	0.155
0.242	0.058	0.317	0.384
0.001	0.224	0.438	0.337
0.125	0.001	0.873	0.001
0.075	0.131	0.793	0.001
0.075	0.001	0.001	0.923
0.001	0.001	0.997	0.001
0.117	0.001	0.864	0.018
0.076	0.615	0.191	0.118
>NNAGCCTGAGNN	7-NNAGCCTGAGNN	5.205681	-23.675841	0	T:47.0(2.97%),B:5.0(0.31%),P:1e-10	Tpos:37.5,Tstd:19.3,Bpos:45.2,Bstd:8.5,StrandBias:-0.2,Multiplicity:1.02
0.246	0.266	0.254	0.234
0.244	0.318	0.211	0.227
0.460	0.086	0.145	0.309
0.167	0.178	0.469	0.186
0.167	0.523	0.177	0.133
0.225	0.548	0.060	0.167
0.254	0.116	0.067	0.563
0.156	0.204	0.492	0.148
0.463	0.116	0.255	0.166
0.224	0.190	0.380	0.205
0.257	0.267	0.199	0.277
0.332	0.226	0.190	0.252
>TTTAAAATATTT	8-TTTAAAATATTT	7.754921	-21.719324	0	T:148.0(9.36%),B:64.7(3.99%),P:1e-9	Tpos:39.1,Tstd:18.0,Bpos:37.2,Bstd:18.1,StrandBias:-0.2,Multiplicity:1.17
0.287	0.058	0.048	0.607
0.340	0.067	0.057	0.536
0.134	0.077	0.058	0.731
0.824	0.033	0.038	0.105
0.961	0.001	0.009	0.029
0.928	0.019	0.010	0.043
0.880	0.020	0.029	0.071
0.009	0.048	0.001	0.942
0.847	0.038	0.067	0.048
0.116	0.048	0.019	0.817
0.221	0.061	0.061	0.657
0.252	0.039	0.076	0.633
>KCATATRCCTRG	9-KCATATRCCTRG	8.427888	-20.575471	0	T:33.0(2.09%),B:1.9(0.12%),P:1e-8	Tpos:36.5,Tstd:15.2,Bpos:0.0,Bstd:0.0,StrandBias:0.4,Multiplicity:1.00
0.001	0.001	0.467	0.531
0.001	0.647	0.001	0.351
0.997	0.001	0.001	0.001
0.124	0.052	0.103	0.721
0.997	0.001	0.001	0.001
0.055	0.103	0.001	0.841
0.506	0.008	0.383	0.103
0.001	0.733	0.103	0.163
0.060	0.888	0.051	0.001
0.001	0.244	0.001	0.754
0.428	0.001	0.570	0.001
0.188	0.052	0.605	0.155
>CTGGGHDT	1-CTGGGHDT	6.760924	-51.993667	0	T:224.0(14.16%),B:69.7(4.30%),P:1e-22	Tpos:33.9,Tstd:19.6,Bpos:39.9,Bstd:20.0,StrandBias:-0.2,Multiplicity:1.03
0.091	0.844	0.064	0.001
0.019	0.208	0.070	0.703
0.031	0.001	0.960	0.008
0.005	0.018	0.976	0.001
0.001	0.001	0.912	0.086
0.272	0.341	0.003	0.385
0.329	0.074	0.286	0.311
0.236	0.087	0.065	0.612
>KAAAATAA	2-KAAAATAA	5.883017	-37.402014	0	T:447.0(28.26%),B:261.5(16.12%),P:1e-16	Tpos:37.9,Tstd:20.0,Bpos:36.7,Bstd:19.0,StrandBias:-0.1,Multiplicity:1.33
0.001	0.198	0.343	0.459
0.423	0.149	0.168	0.260
0.997	0.001	0.001	0.001
0.786	0.001	0.212	0.001
0.813	0.001	0.185	0.001
0.001	0.190	0.001	0.808
0.553	0.001	0.323	0.123
0.529	0.227	0.001	0.243
>CTCACTGC	3-CTCACTGC	5.929815	-35.337119	0	T:300.0(18.96%),B:148.5(9.15%),P:1e-15	Tpos:38.7,Tstd:20.9,Bpos:34.5,Bstd:25.9,StrandBias:-0.2,Multiplicity:1.10
0.195	0.661	0.059	0.085
0.003	0.225	0.001	0.771
0.002	0.643	0.256	0.099
0.722	0.251	0.001	0.026
0.026	0.897	0.001	0.076
0.001	0.001	0.001	0.997
0.001	0.001	0.743	0.255
0.179	0.715	0.001	0.105
>CACTTGGG	4-CACTTGGG	5.260822	-33.619221	0	T:339.0(21.43%),B:182.8(11.27%),P:1e-14	Tpos:38.2,Tstd:19.2,Bpos:40.4,Bstd:21.2,StrandBias:-0.1,Multiplicity:1.12
0.086	0.587	0.178	0.149
0.748	0.091	0.052	0.109
0.043	0.782	0.053	0.122
0.031	0.102	0.184	0.683
0.062	0.048	0.058	0.832
0.039	0.013	0.787	0.161
0.058	0.028	0.901	0.013
0.142	0.088	0.688	0.082
>TRTTTATY	5-TRTTTATY	5.094637	-32.028154	0	T:380.0(24.02%),B:219.9(13.55%),P:1e-13	Tpos:35.3,Tstd:20.6,Bpos:36.5,Bstd:21.5,StrandBias:-0.1,Multiplicity:1.21
0.001	0.200	0.001	0.798
0.439	0.001	0.559	0.001
0.001	0.197	0.001	0.801
0.001	0.001	0.001	0.997
0.001	0.001	0.001	0.997
0.787	0.177	0.035	0.001
0.021	0.001	0.001	0.977
0.261	0.324	0.001	0.414
>GGCWGGSA	6-GGCWGGSA	6.069735	-31.348655	0	T:346.0(21.87%),B:193.4(11.92%),P:1e-13	Tpos:35.9,Tstd:20.2,Bpos:37.5,Bstd:25.6,StrandBias:0.1,Multiplicity:1.28
0.115	0.001	0.733	0.151
0.032	0.001	0.966	0.001
0.197	0.492	0.310	0.001
0.489	0.099	0.001	0.411
0.001	0.001	0.997	0.001
0.282	0.001	0.716	0.001
0.001	0.397	0.505	0.097
0.413	0.190	0.168	0.229
>ACWTSAAG	7-ACWTSAAG	5.279555	-30.603828	0	T:320.0(20.23%),B:174.4(10.75%),P:1e-13	Tpos:37.6,Tstd:19.4,Bpos:37.6,Bstd:23.4,StrandBias:-0.0,Multiplicity:1.06
0.739	0.133	0.127	0.001
0.057	0.679	0.163	0.101
0.491	0.001	0.001	0.507
0.001	0.001	0.033	0.965
0.041	0.407	0.551	0.001
0.891	0.001	0.001	0.107
0.894	0.001	0.036	0.069
0.080	0.046	0.871	0.003
>GRAGAAWC	8-GRAGAAWC	7.683697	-27.379638	0	T:91.0(5.75%),B:21.1(1.30%),P:1e-11	Tpos:32.2,Tstd:17.7,Bpos:45.7,Bstd:26.4,StrandBias:-0.2,Multiplicity:1.01
0.001	0.210	0.755	0.034
0.423	0.069	0.507	0.001
0.887	0.001	0.111	0.001
0.001	0.001	0.997	0.001
0.517	0.001	0.341	0.141
0.964	0.001	0.001	0.034
0.424	0.001	0.138	0.436
0.001	0.819	0.001	0.179
>CCCAGCTA	9-CCCAGCTA	7.931839	-26.954420	0	T:117.0(7.40%),B:36.9(2.28%),P:1e-11	Tpos:27.6,Tstd:21.5,Bpos:33.4,Bstd:12.7,StrandBias:1.2,Multiplicity:1.00
0.104	0.894	0.001	0.001
0.001	0.997	0.001	0.001
0.001	0.997	0.001	0.001
0.997	0.001	0.001	0.001
0.001	0.052	0.946	0.001
0.001	0.997	0.001	0.001
0.001	0.051	0.001	0.947
0.997	0.001	0.001	0.001
>GCTCACGC	10-GCTCACGC	6.257746	-26.329892	0	T:143.0(9.04%),B:53.2(3.28%),P:1e-11	Tpos:36.9,Tstd:18.5,Bpos:35.4,Bstd:25.0,StrandBias:-0.1,Multiplicity:1.06
0.001	0.001	0.997	0.001
0.083	0.799	0.001	0.117
0.038	0.001	0.001	0.960
0.001	0.961	0.019	0.019
0.940	0.020	0.020	0.020
0.128	0.647	0.063	0.162
0.042	0.019	0.938	0.001
0.019	0.961	0.019	0.001
>TAGACCCA	11-TAGACCCA	6.896083	-23.105074	0	T:102.0(6.45%),B:32.4(2.00%),P:1e-10	Tpos:39.5,Tstd:21.3,Bpos:33.9,Bstd:27.6,StrandBias:-0.0,Multiplicity:1.00
0.001	0.181	0.078	0.740
0.607	0.037	0.164	0.192
0.080	0.001	0.773	0.146
0.816	0.001	0.001	0.182
0.088	0.886	0.025	0.001
0.256	0.597	0.001	0.146
0.274	0.724	0.001	0.001
0.859	0.001	0.001	0.139
>TCGGCCTC	12-TCGGCCTC	4.903041	-21.762963	0	T:44.0(2.78%),B:4.7(0.29%),P:1e-9	Tpos:38.8,Tstd:21.2,Bpos:47.3,Bstd:15.3,StrandBias:-0.5,Multiplicity:1.00
0.030	0.001	0.030	0.939
0.001	0.997	0.001	0.001
0.001	0.001	0.997	0.001
0.001	0.001	0.968	0.030
0.001	0.968	0.030	0.001
0.001	0.997	0.001	0.001
0.001	0.001	0.001	0.997
0.030	0.895	0.001	0.074
>GGCGAGGT	13-GGCGAGGT	7.565569	-19.845908	0	T:46.0(2.91%),B:6.2(0.38%),P:1e-8	Tpos:32.7,Tstd:19.3,Bpos:12.3,Bstd:4.7,StrandBias:0.5,Multiplicity:1.00
0.161	0.001	0.756	0.082
0.377	0.001	0.621	0.001
0.001	0.863	0.001	0.135
0.001	0.160	0.838	0.001
0.565	0.182	0.001	0.252
0.080	0.001	0.678	0.241
0.001	0.080	0.839	0.080
0.001	0.001	0.001	0.997
>CCTTCCTT	14-CCTTCCTT	5.940382	-10.475780	0	T:49.0(3.10%),B:17.2(1.06%),P:1e-4	Tpos:36.7,Tstd:18.6,Bpos:32.1,Bstd:22.1,StrandBias:0.5,Multiplicity:1.41
0.001	0.997	0.001	0.001
0.001	0.997	0.001	0.001
0.001	0.001	0.051	0.947
0.126	0.001	0.001	0.872
0.052	0.946	0.001	0.001
0.052	0.946	0.001	0.001
0.001	0.001	0.001	0.997
0.001	0.001	0.001	0.997
>GCGACTAG	15-GCGACTAG	7.277070	-9.068837	0	T:27.0(1.71%),B:6.8(0.42%),P:1e-3	Tpos:37.7,Tstd:18.6,Bpos:53.6,Bstd:10.5,StrandBias:0.5,Multiplicity:1.00
0.001	0.001	0.997	0.001
0.250	0.625	0.062	0.063
0.001	0.125	0.812	0.062
0.875	0.062	0.001	0.062
0.062	0.875	0.001	0.062
0.001	0.061	0.001	0.937
0.997	0.001	0.001	0.001
0.001	0.061	0.937	0.001
