>CTGGGHDT	1-CTGGGHDT	6.760924	-51.993667	0	T:224.0(14.16%),B:69.7(4.30%),P:1e-22	Tpos:33.9,Tstd:19.6,Bpos:39.9,Bstd:20.0,StrandBias:-0.2,Multiplicity:1.03
0.091	0.844	0.064	0.001
0.019	0.208	0.070	0.703
0.031	0.001	0.960	0.008
0.005	0.018	0.976	0.001
0.001	0.001	0.912	0.086
0.272	0.341	0.003	0.385
0.329	0.074	0.286	0.311
0.236	0.087	0.065	0.612
>KAAAATAA	2-KAAAATAA	5.883017	-37.402014	0	T:447.0(28.26%),B:261.5(16.12%),P:1e-16	Tpos:37.9,Tstd:20.0,Bpos:36.7,Bstd:19.0,StrandBias:-0.1,Multiplicity:1.33
0.001	0.198	0.343	0.459
0.423	0.149	0.168	0.260
0.997	0.001	0.001	0.001
0.786	0.001	0.212	0.001
0.813	0.001	0.185	0.001
0.001	0.190	0.001	0.808
0.553	0.001	0.323	0.123
0.529	0.227	0.001	0.243
>CTCACTGC	3-CTCACTGC	5.929815	-35.337119	0	T:300.0(18.96%),B:148.5(9.15%),P:1e-15	Tpos:38.7,Tstd:20.9,Bpos:34.5,Bstd:25.9,StrandBias:-0.2,Multiplicity:1.10
0.195	0.661	0.059	0.085
0.003	0.225	0.001	0.771
0.002	0.643	0.256	0.099
0.722	0.251	0.001	0.026
0.026	0.897	0.001	0.076
0.001	0.001	0.001	0.997
0.001	0.001	0.743	0.255
0.179	0.715	0.001	0.105
>CACTTGGG	4-CACTTGGG	5.260822	-33.619221	0	T:339.0(21.43%),B:182.8(11.27%),P:1e-14	Tpos:38.2,Tstd:19.2,Bpos:40.4,Bstd:21.2,StrandBias:-0.1,Multiplicity:1.12
0.086	0.587	0.178	0.149
0.748	0.091	0.052	0.109
0.043	0.782	0.053	0.122
0.031	0.102	0.184	0.683
0.062	0.048	0.058	0.832
0.039	0.013	0.787	0.161
0.058	0.028	0.901	0.013
0.142	0.088	0.688	0.082
>TRTTTATY	5-TRTTTATY	5.094637	-32.028154	0	T:380.0(24.02%),B:219.9(13.55%),P:1e-13	Tpos:35.3,Tstd:20.6,Bpos:36.5,Bstd:21.5,StrandBias:-0.1,Multiplicity:1.21
0.001	0.200	0.001	0.798
0.439	0.001	0.559	0.001
0.001	0.197	0.001	0.801
0.001	0.001	0.001	0.997
0.001	0.001	0.001	0.997
0.787	0.177	0.035	0.001
0.021	0.001	0.001	0.977
0.261	0.324	0.001	0.414
>GGCWGGSA	6-GGCWGGSA	6.069735	-31.348655	0	T:346.0(21.87%),B:193.4(11.92%),P:1e-13	Tpos:35.9,Tstd:20.2,Bpos:37.5,Bstd:25.6,StrandBias:0.1,Multiplicity:1.28
0.115	0.001	0.733	0.151
0.032	0.001	0.966	0.001
0.197	0.492	0.310	0.001
0.489	0.099	0.001	0.411
0.001	0.001	0.997	0.001
0.282	0.001	0.716	0.001
0.001	0.397	0.505	0.097
0.413	0.190	0.168	0.229
>ACWTSAAG	7-ACWTSAAG	5.279555	-30.603828	0	T:320.0(20.23%),B:174.4(10.75%),P:1e-13	Tpos:37.6,Tstd:19.4,Bpos:37.6,Bstd:23.4,StrandBias:-0.0,Multiplicity:1.06
0.739	0.133	0.127	0.001
0.057	0.679	0.163	0.101
0.491	0.001	0.001	0.507
0.001	0.001	0.033	0.965
0.041	0.407	0.551	0.001
0.891	0.001	0.001	0.107
0.894	0.001	0.036	0.069
0.080	0.046	0.871	0.003
>GRAGAAWC	8-GRAGAAWC	7.683697	-27.379638	0	T:91.0(5.75%),B:21.1(1.30%),P:1e-11	Tpos:32.2,Tstd:17.7,Bpos:45.7,Bstd:26.4,StrandBias:-0.2,Multiplicity:1.01
0.001	0.210	0.755	0.034
0.423	0.069	0.507	0.001
0.887	0.001	0.111	0.001
0.001	0.001	0.997	0.001
0.517	0.001	0.341	0.141
0.964	0.001	0.001	0.034
0.424	0.001	0.138	0.436
0.001	0.819	0.001	0.179
>CCCAGCTA	9-CCCAGCTA	7.931839	-26.954420	0	T:117.0(7.40%),B:36.9(2.28%),P:1e-11	Tpos:27.6,Tstd:21.5,Bpos:33.4,Bstd:12.7,StrandBias:1.2,Multiplicity:1.00
0.104	0.894	0.001	0.001
0.001	0.997	0.001	0.001
0.001	0.997	0.001	0.001
0.997	0.001	0.001	0.001
0.001	0.052	0.946	0.001
0.001	0.997	0.001	0.001
0.001	0.051	0.001	0.947
0.997	0.001	0.001	0.001
>GCTCACGC	10-GCTCACGC	6.257746	-26.329892	0	T:143.0(9.04%),B:53.2(3.28%),P:1e-11	Tpos:36.9,Tstd:18.5,Bpos:35.4,Bstd:25.0,StrandBias:-0.1,Multiplicity:1.06
0.001	0.001	0.997	0.001
0.083	0.799	0.001	0.117
0.038	0.001	0.001	0.960
0.001	0.961	0.019	0.019
0.940	0.020	0.020	0.020
0.128	0.647	0.063	0.162
0.042	0.019	0.938	0.001
0.019	0.961	0.019	0.001
>TAGACCCA	11-TAGACCCA	6.896083	-23.105074	0	T:102.0(6.45%),B:32.4(2.00%),P:1e-10	Tpos:39.5,Tstd:21.3,Bpos:33.9,Bstd:27.6,StrandBias:-0.0,Multiplicity:1.00
0.001	0.181	0.078	0.740
0.607	0.037	0.164	0.192
0.080	0.001	0.773	0.146
0.816	0.001	0.001	0.182
0.088	0.886	0.025	0.001
0.256	0.597	0.001	0.146
0.274	0.724	0.001	0.001
0.859	0.001	0.001	0.139
>TCGGCCTC	12-TCGGCCTC	4.903041	-21.762963	0	T:44.0(2.78%),B:4.7(0.29%),P:1e-9	Tpos:38.8,Tstd:21.2,Bpos:47.3,Bstd:15.3,StrandBias:-0.5,Multiplicity:1.00
0.030	0.001	0.030	0.939
0.001	0.997	0.001	0.001
0.001	0.001	0.997	0.001
0.001	0.001	0.968	0.030
0.001	0.968	0.030	0.001
0.001	0.997	0.001	0.001
0.001	0.001	0.001	0.997
0.030	0.895	0.001	0.074
>GGCGAGGT	13-GGCGAGGT	7.565569	-19.845908	0	T:46.0(2.91%),B:6.2(0.38%),P:1e-8	Tpos:32.7,Tstd:19.3,Bpos:12.3,Bstd:4.7,StrandBias:0.5,Multiplicity:1.00
0.161	0.001	0.756	0.082
0.377	0.001	0.621	0.001
0.001	0.863	0.001	0.135
0.001	0.160	0.838	0.001
0.565	0.182	0.001	0.252
0.080	0.001	0.678	0.241
0.001	0.080	0.839	0.080
0.001	0.001	0.001	0.997
>CCTTCCTT	14-CCTTCCTT	5.940382	-10.475780	0	T:49.0(3.10%),B:17.2(1.06%),P:1e-4	Tpos:36.7,Tstd:18.6,Bpos:32.1,Bstd:22.1,StrandBias:0.5,Multiplicity:1.41
0.001	0.997	0.001	0.001
0.001	0.997	0.001	0.001
0.001	0.001	0.051	0.947
0.126	0.001	0.001	0.872
0.052	0.946	0.001	0.001
0.052	0.946	0.001	0.001
0.001	0.001	0.001	0.997
0.001	0.001	0.001	0.997
>GCGACTAG	15-GCGACTAG	7.277070	-9.068837	0	T:27.0(1.71%),B:6.8(0.42%),P:1e-3	Tpos:37.7,Tstd:18.6,Bpos:53.6,Bstd:10.5,StrandBias:0.5,Multiplicity:1.00
0.001	0.001	0.997	0.001
0.250	0.625	0.062	0.063
0.001	0.125	0.812	0.062
0.875	0.062	0.001	0.062
0.062	0.875	0.001	0.062
0.001	0.061	0.001	0.937
0.997	0.001	0.001	0.001
0.001	0.061	0.937	0.001
