>GYAAAYANNB	1-GYAAAYANNB	6.042829	-348.763878	0	T:1549.0(51.63%),B:507.6(18.78%),P:1e-151	Tpos:36.5,Tstd:20.1,Bpos:36.3,Bstd:24.0,StrandBias:-0.1,Multiplicity:1.32
0.191	0.205	0.406	0.198
0.074	0.425	0.113	0.388
0.997	0.001	0.001	0.001
0.997	0.001	0.001	0.001
0.997	0.001	0.001	0.001
0.001	0.542	0.001	0.456
0.929	0.001	0.069	0.001
0.325	0.204	0.202	0.268
0.297	0.191	0.204	0.308
0.183	0.279	0.195	0.343
>AGATAANATC	2-AGATAANATC	6.588538	-127.833120	0	T:508.0(16.93%),B:117.7(4.36%),P:1e-55	Tpos:37.8,Tstd:19.3,Bpos:35.9,Bstd:22.8,StrandBias:-0.0,Multiplicity:1.05
0.680	0.004	0.029	0.287
0.001	0.020	0.978	0.001
0.954	0.004	0.041	0.001
0.008	0.021	0.012	0.959
0.464	0.188	0.155	0.192
0.611	0.083	0.115	0.191
0.257	0.208	0.217	0.318
0.807	0.114	0.071	0.008
0.167	0.158	0.063	0.612
0.188	0.557	0.075	0.180
>HTTTATCTKC	3-HTTTATCTKC	7.577319	-125.186561	0	T:369.0(12.30%),B:55.2(2.04%),P:1e-54	Tpos:36.8,Tstd:20.1,Bpos:34.7,Bstd:26.6,StrandBias:0.1,Multiplicity:1.01
0.317	0.328	0.172	0.182
0.001	0.316	0.001	0.682
0.001	0.001	0.001	0.997
0.001	0.089	0.001	0.909
0.997	0.001	0.001	0.001
0.001	0.035	0.001	0.963
0.001	0.997	0.001	0.001
0.053	0.001	0.001	0.945
0.001	0.108	0.468	0.423
0.199	0.390	0.208	0.203
>AGGAAKGHAD	4-AGGAAKGHAD	5.789110	-103.512976	0	T:913.0(30.43%),B:400.2(14.81%),P:1e-44	Tpos:37.7,Tstd:20.1,Bpos:37.2,Bstd:24.4,StrandBias:0.2,Multiplicity:1.14
0.571	0.005	0.176	0.248
0.137	0.001	0.784	0.078
0.199	0.017	0.765	0.019
0.961	0.016	0.001	0.022
0.981	0.001	0.009	0.009
0.173	0.054	0.381	0.392
0.082	0.167	0.586	0.165
0.300	0.411	0.010	0.279
0.513	0.040	0.221	0.226
0.246	0.125	0.370	0.259
>YTGCCAGGNA	5-YTGCCAGGNA	5.327102	-55.009592	0	T:1002.0(33.40%),B:577.2(21.36%),P:1e-23	Tpos:36.4,Tstd:19.1,Bpos:38.2,Bstd:25.3,StrandBias:0.0,Multiplicity:1.13
0.001	0.434	0.243	0.321
0.128	0.001	0.001	0.870
0.105	0.007	0.598	0.290
0.001	0.587	0.301	0.111
0.001	0.997	0.001	0.001
0.593	0.001	0.001	0.405
0.348	0.001	0.650	0.001
0.157	0.224	0.618	0.001
0.277	0.275	0.210	0.237
0.584	0.001	0.191	0.224
>CCCTRGGGCW	6-CCCTRGGGCW	6.279124	-48.788438	0	T:351.0(11.70%),B:129.9(4.81%),P:1e-21	Tpos:37.3,Tstd:19.0,Bpos:33.5,Bstd:17.1,StrandBias:-0.2,Multiplicity:1.05
0.115	0.714	0.001	0.170
0.011	0.841	0.029	0.119
0.001	0.815	0.001	0.183
0.274	0.229	0.001	0.495
0.338	0.069	0.402	0.191
0.277	0.001	0.636	0.086
0.066	0.001	0.932	0.001
0.001	0.375	0.590	0.034
0.334	0.602	0.063	0.001
0.498	0.001	0.132	0.369
>CTGTGCAAAC	7-CTGTGCAAAC	7.650377	-48.243361	0	T:122.0(4.07%),B:13.7(0.51%),P:1e-20	Tpos:35.9,Tstd:21.9,Bpos:27.2,Bstd:19.1,StrandBias:0.0,Multiplicity:1.02
0.076	0.751	0.076	0.097
0.043	0.001	0.001	0.955
0.044	0.108	0.804	0.044
0.086	0.032	0.055	0.827
0.065	0.033	0.806	0.096
0.064	0.699	0.064	0.173
0.860	0.053	0.011	0.076
0.689	0.118	0.064	0.129
0.925	0.001	0.053	0.021
0.076	0.699	0.128	0.097
>VKDTGACTCA	8-VKDTGACTCA	8.051586	-46.285921	0	T:124.0(4.13%),B:15.4(0.57%),P:1e-20	Tpos:35.3,Tstd:18.6,Bpos:42.9,Bstd:12.8,StrandBias:-0.3,Multiplicity:1.01
0.323	0.221	0.326	0.131
0.142	0.143	0.326	0.390
0.252	0.088	0.310	0.349
0.001	0.001	0.001	0.997
0.001	0.001	0.804	0.194
0.997	0.001	0.001	0.001
0.001	0.645	0.353	0.001
0.001	0.001	0.001	0.997
0.001	0.997	0.001	0.001
0.997	0.001	0.001	0.001
>CCTTGAGATA	9-CCTTGAGATA	7.665876	-45.502957	0	T:138.0(4.60%),B:21.7(0.80%),P:1e-19	Tpos:37.5,Tstd:19.3,Bpos:34.7,Bstd:11.7,StrandBias:0.1,Multiplicity:1.01
0.001	0.643	0.278	0.078
0.001	0.848	0.001	0.150
0.283	0.156	0.001	0.560
0.167	0.001	0.271	0.561
0.083	0.089	0.827	0.001
0.997	0.001	0.001	0.001
0.112	0.001	0.886	0.001
0.921	0.077	0.001	0.001
0.037	0.001	0.037	0.925
0.494	0.339	0.084	0.083
>TAGCHATCTG	10-TAGCHATCTG	7.366100	-43.657562	0	T:177.0(5.90%),B:40.2(1.49%),P:1e-18	Tpos:35.5,Tstd:18.9,Bpos:34.6,Bstd:25.1,StrandBias:0.0,Multiplicity:1.06
0.093	0.183	0.143	0.581
0.642	0.001	0.164	0.193
0.134	0.001	0.784	0.081
0.060	0.808	0.001	0.131
0.325	0.326	0.001	0.348
0.938	0.001	0.001	0.060
0.152	0.001	0.101	0.746
0.001	0.888	0.040	0.071
0.110	0.001	0.001	0.888
0.021	0.151	0.697	0.131
>ATAATTATCT	11-ATAATTATCT	7.761343	-37.585004	0	T:134.0(4.47%),B:26.4(0.98%),P:1e-16	Tpos:38.5,Tstd:21.7,Bpos:39.3,Bstd:15.7,StrandBias:0.1,Multiplicity:1.04
0.776	0.067	0.112	0.045
0.069	0.046	0.112	0.773
0.633	0.272	0.005	0.090
0.821	0.112	0.045	0.022
0.075	0.180	0.120	0.625
0.117	0.113	0.145	0.625
0.997	0.001	0.001	0.001
0.001	0.022	0.001	0.976
0.001	0.976	0.001	0.022
0.094	0.001	0.046	0.859
>GCCCATCAGA	12-GCCCATCAGA	7.749504	-34.627918	0	T:67.0(2.23%),B:3.6(0.13%),P:1e-15	Tpos:35.9,Tstd:18.2,Bpos:14.5,Bstd:4.8,StrandBias:-0.3,Multiplicity:1.00
0.088	0.059	0.797	0.056
0.113	0.883	0.003	0.001
0.001	0.853	0.003	0.143
0.126	0.730	0.028	0.116
0.831	0.084	0.001	0.084
0.259	0.001	0.031	0.709
0.056	0.888	0.028	0.028
0.849	0.001	0.001	0.149
0.056	0.112	0.831	0.001
0.706	0.178	0.059	0.057
>TAAGCAAACT	13-TAAGCAAACT	8.906741	-32.706873	0	T:60.0(2.00%),B:2.6(0.09%),P:1e-14	Tpos:36.0,Tstd:21.7,Bpos:12.3,Bstd:12.5,StrandBias:0.0,Multiplicity:1.00
0.152	0.038	0.001	0.809
0.885	0.001	0.038	0.076
0.847	0.001	0.038	0.114
0.001	0.001	0.997	0.001
0.076	0.834	0.001	0.089
0.923	0.075	0.001	0.001
0.961	0.001	0.037	0.001
0.961	0.001	0.001	0.037
0.001	0.923	0.038	0.038
0.001	0.076	0.038	0.885
>GTTTGACAGC	14-GTTTGACAGC	8.137523	-27.628101	0	T:62.0(2.07%),B:5.9(0.22%),P:1e-11	Tpos:30.5,Tstd:16.5,Bpos:39.3,Bstd:9.5,StrandBias:-1.4,Multiplicity:1.00
0.104	0.032	0.863	0.001
0.058	0.006	0.131	0.805
0.110	0.001	0.026	0.863
0.001	0.052	0.103	0.844
0.026	0.079	0.709	0.186
0.656	0.240	0.026	0.078
0.053	0.634	0.183	0.130
0.921	0.026	0.001	0.052
0.129	0.001	0.864	0.006
0.001	0.869	0.001	0.129
>GGGGCGGGGC	15-GGGGCGGGGC	7.449189	-27.608557	0	T:65.0(2.17%),B:6.9(0.25%),P:1e-11	Tpos:36.7,Tstd:20.6,Bpos:36.9,Bstd:14.2,StrandBias:0.4,Multiplicity:1.08
0.031	0.023	0.773	0.173
0.007	0.175	0.817	0.001
0.001	0.007	0.991	0.001
0.001	0.001	0.912	0.086
0.086	0.912	0.001	0.001
0.008	0.173	0.796	0.023
0.001	0.173	0.740	0.086
0.001	0.001	0.997	0.001
0.001	0.001	0.997	0.001
0.001	0.890	0.023	0.086
>HTGATCTAGV	16-HTGATCTAGV	6.589882	-25.982779	0	T:56.0(1.87%),B:4.5(0.17%),P:1e-11	Tpos:36.8,Tstd:20.0,Bpos:54.9,Bstd:2.8,StrandBias:0.3,Multiplicity:1.03
0.282	0.244	0.140	0.334
0.251	0.017	0.087	0.645
0.093	0.238	0.464	0.205
0.560	0.122	0.057	0.261
0.140	0.129	0.161	0.570
0.060	0.705	0.110	0.125
0.318	0.175	0.003	0.504
0.743	0.001	0.100	0.156
0.079	0.066	0.764	0.091
0.335	0.249	0.293	0.123
>CAAGTCAGAY	17-CAAGTCAGAY	6.782792	-25.177306	0	T:99.0(3.30%),B:22.9(0.85%),P:1e-10	Tpos:39.5,Tstd:19.6,Bpos:43.0,Bstd:20.2,StrandBias:-0.7,Multiplicity:1.01
0.198	0.640	0.094	0.068
0.767	0.096	0.021	0.116
0.590	0.022	0.272	0.116
0.213	0.094	0.638	0.055
0.164	0.192	0.149	0.496
0.103	0.804	0.043	0.050
0.790	0.028	0.028	0.154
0.213	0.192	0.542	0.053
0.555	0.135	0.168	0.142
0.160	0.356	0.195	0.289
>AAGGTCAACA	18-AAGGTCAACA	7.785104	-24.233849	0	T:77.0(2.57%),B:13.8(0.51%),P:1e-10	Tpos:37.9,Tstd:19.1,Bpos:15.0,Bstd:7.5,StrandBias:0.3,Multiplicity:1.00
0.821	0.083	0.055	0.041
0.876	0.041	0.055	0.028
0.104	0.015	0.771	0.110
0.069	0.083	0.793	0.055
0.181	0.041	0.096	0.682
0.110	0.737	0.029	0.124
0.849	0.014	0.041	0.096
0.829	0.014	0.129	0.028
0.069	0.805	0.069	0.057
0.862	0.041	0.028	0.069
>GTTCCTTGTT	19-GTTCCTTGTT	8.145294	-23.802450	0	T:61.0(2.03%),B:7.3(0.27%),P:1e-10	Tpos:35.5,Tstd:20.0,Bpos:31.2,Bstd:8.1,StrandBias:-0.3,Multiplicity:1.02
0.102	0.201	0.515	0.182
0.030	0.209	0.020	0.741
0.010	0.020	0.036	0.934
0.130	0.737	0.001	0.132
0.020	0.714	0.020	0.246
0.020	0.271	0.110	0.599
0.020	0.020	0.030	0.930
0.030	0.211	0.739	0.020
0.260	0.141	0.030	0.569
0.180	0.152	0.200	0.468
>AGATCASTGA	20-AGATCASTGA	8.020596	-22.907754	0	T:108.0(3.60%),B:29.2(1.08%),P:1e-9	Tpos:41.0,Tstd:20.2,Bpos:41.2,Bstd:22.2,StrandBias:-0.0,Multiplicity:1.06
0.971	0.001	0.001	0.027
0.140	0.001	0.858	0.001
0.997	0.001	0.001	0.001
0.083	0.001	0.001	0.915
0.211	0.732	0.056	0.001
0.617	0.001	0.056	0.326
0.028	0.465	0.479	0.028
0.340	0.001	0.028	0.631
0.178	0.112	0.709	0.001
0.831	0.084	0.084	0.001
>ATCTTWGCCT	21-ATCTTWGCCT	8.002589	-22.619636	0	T:47.0(1.57%),B:3.2(0.12%),P:1e-9	Tpos:40.3,Tstd:20.0,Bpos:0.0,Bstd:0.0,StrandBias:-0.2,Multiplicity:1.03
0.553	0.001	0.199	0.247
0.138	0.027	0.319	0.516
0.009	0.910	0.018	0.063
0.027	0.054	0.001	0.918
0.309	0.037	0.037	0.617
0.372	0.009	0.119	0.500
0.045	0.253	0.574	0.128
0.245	0.638	0.063	0.054
0.283	0.663	0.018	0.036
0.054	0.235	0.018	0.693
>NGTATCTTGN	22-NGTATCTTGN	5.430532	-20.105676	0	T:64.0(2.13%),B:11.5(0.43%),P:1e-8	Tpos:35.0,Tstd:20.7,Bpos:42.0,Bstd:14.7,StrandBias:-0.3,Multiplicity:1.00
0.313	0.183	0.233	0.271
0.169	0.157	0.490	0.184
0.153	0.174	0.155	0.518
0.506	0.154	0.160	0.180
0.165	0.130	0.157	0.548
0.119	0.582	0.143	0.156
0.138	0.172	0.080	0.610
0.154	0.104	0.167	0.575
0.145	0.135	0.554	0.166
0.244	0.305	0.230	0.220
>AAGGAATTAC	23-AAGGAATTAC	7.511506	-16.691541	0	T:57.0(1.90%),B:11.1(0.41%),P:1e-7	Tpos:37.3,Tstd:17.7,Bpos:20.1,Bstd:11.6,StrandBias:0.7,Multiplicity:1.00
0.777	0.089	0.077	0.057
0.823	0.033	0.067	0.077
0.023	0.044	0.878	0.055
0.088	0.089	0.734	0.089
0.845	0.078	0.033	0.044
0.778	0.089	0.056	0.077
0.067	0.078	0.034	0.821
0.067	0.044	0.155	0.734
0.743	0.091	0.099	0.067
0.022	0.890	0.066	0.022
>GCGCGCCCAG	24-GCGCGCCCAG	7.401165	-16.637244	0	T:45.0(1.50%),B:6.2(0.23%),P:1e-7	Tpos:38.5,Tstd:21.0,Bpos:46.7,Bstd:22.4,StrandBias:-0.1,Multiplicity:1.09
0.061	0.141	0.778	0.020
0.081	0.816	0.040	0.063
0.040	0.083	0.776	0.101
0.103	0.773	0.063	0.061
0.040	0.063	0.854	0.043
0.020	0.776	0.164	0.040
0.061	0.795	0.121	0.023
0.043	0.897	0.040	0.020
0.692	0.083	0.144	0.081
0.002	0.081	0.877	0.040
>TCTGATGACA	25-TCTGATGACA	10.105068	-15.715697	0	T:32.0(1.07%),B:2.7(0.10%),P:1e-6	Tpos:37.1,Tstd:19.3,Bpos:7.0,Bstd:0.0,StrandBias:-1.0,Multiplicity:1.00
0.001	0.001	0.001	0.997
0.061	0.937	0.001	0.001
0.061	0.001	0.001	0.937
0.001	0.001	0.997	0.001
0.812	0.062	0.001	0.125
0.062	0.062	0.062	0.814
0.062	0.001	0.875	0.062
0.875	0.062	0.062	0.001
0.062	0.814	0.062	0.062
0.997	0.001	0.001	0.001
