>WTGTTTAC	1-WTGTTTAC	5.336252	-381.894604	0	T:1492.0(49.73%),B:432.5(16.00%),P:1e-165	Tpos:36.3,Tstd:20.6,Bpos:35.6,Bstd:24.1,StrandBias:0.0,Multiplicity:1.34
0.328	0.187	0.105	0.380
0.089	0.001	0.036	0.874
0.290	0.049	0.660	0.001
0.001	0.001	0.001	0.997
0.001	0.001	0.023	0.975
0.001	0.001	0.001	0.997
0.589	0.001	0.409	0.001
0.001	0.728	0.047	0.224
>TCAGATAA	2-TCAGATAA	5.181655	-224.216679	0	T:965.0(32.17%),B:266.6(9.87%),P:1e-97	Tpos:38.1,Tstd:20.7,Bpos:38.2,Bstd:23.3,StrandBias:-0.1,Multiplicity:1.09
0.128	0.123	0.093	0.656
0.041	0.803	0.123	0.033
0.951	0.004	0.001	0.044
0.105	0.001	0.893	0.001
0.997	0.001	0.001	0.001
0.001	0.010	0.001	0.988
0.900	0.034	0.026	0.040
0.946	0.019	0.034	0.001
>CAGGAAGT	3-CAGGAAGT	2.545462	-114.225351	0	T:833.0(27.77%),B:327.1(12.10%),P:1e-49	Tpos:37.3,Tstd:20.0,Bpos:38.5,Bstd:24.7,StrandBias:0.2,Multiplicity:1.10
0.318	0.680	0.001	0.001
0.997	0.001	0.001	0.001
0.001	0.001	0.997	0.001
0.001	0.171	0.827	0.001
0.617	0.001	0.381	0.001
0.997	0.001	0.001	0.001
0.337	0.001	0.661	0.001
0.001	0.416	0.001	0.582
>AGGAATGC	4-AGGAATGC	6.294657	-113.799447	0	T:470.0(15.67%),B:112.0(4.15%),P:1e-49	Tpos:37.7,Tstd:20.0,Bpos:36.0,Bstd:27.3,StrandBias:0.2,Multiplicity:1.09
0.774	0.018	0.038	0.170
0.033	0.001	0.905	0.061
0.001	0.001	0.981	0.017
0.960	0.001	0.001	0.038
0.986	0.001	0.001	0.012
0.063	0.014	0.036	0.887
0.001	0.019	0.935	0.045
0.075	0.754	0.001	0.170
>AAGATCTG	5-AAGATCTG	6.609829	-90.955128	0	T:486.0(16.20%),B:147.5(5.46%),P:1e-39	Tpos:37.2,Tstd:20.4,Bpos:35.7,Bstd:25.0,StrandBias:0.0,Multiplicity:1.06
0.913	0.001	0.085	0.001
0.997	0.001	0.001	0.001
0.001	0.097	0.531	0.371
0.869	0.129	0.001	0.001
0.001	0.001	0.001	0.997
0.001	0.622	0.001	0.376
0.001	0.001	0.001	0.997
0.001	0.395	0.603	0.001
>TACTTGGC	6-TACTTGGC	5.634211	-82.823095	0	T:535.0(17.83%),B:187.1(6.92%),P:1e-35	Tpos:37.5,Tstd:19.2,Bpos:36.8,Bstd:25.8,StrandBias:0.2,Multiplicity:1.06
0.113	0.115	0.148	0.624
0.528	0.178	0.186	0.108
0.026	0.751	0.058	0.165
0.028	0.120	0.046	0.806
0.029	0.021	0.069	0.881
0.024	0.039	0.873	0.064
0.092	0.102	0.725	0.081
0.052	0.818	0.021	0.109
>TGAGTCAT	7-TGAGTCAT	6.239395	-37.983272	0	T:128.0(4.27%),B:23.0(0.85%),P:1e-16	Tpos:37.7,Tstd:20.4,Bpos:45.6,Bstd:14.6,StrandBias:0.0,Multiplicity:1.02
0.001	0.001	0.048	0.950
0.001	0.001	0.997	0.001
0.997	0.001	0.001	0.001
0.001	0.141	0.857	0.001
0.001	0.001	0.001	0.997
0.001	0.997	0.001	0.001
0.997	0.001	0.001	0.001
0.178	0.193	0.104	0.525
>CCAAACAG	8-CCAAACAG	7.626417	-35.989696	0	T:97.0(3.23%),B:12.9(0.48%),P:1e-15	Tpos:32.1,Tstd:21.2,Bpos:33.7,Bstd:14.0,StrandBias:0.0,Multiplicity:1.00
0.001	0.997	0.001	0.001
0.001	0.997	0.001	0.001
0.842	0.125	0.001	0.032
0.980	0.001	0.001	0.018
0.946	0.001	0.052	0.001
0.001	0.818	0.001	0.180
0.939	0.059	0.001	0.001
0.001	0.162	0.836	0.001
>TGCTRGCA	9-TGCTRGCA	6.680477	-34.772255	0	T:317.0(10.57%),B:133.6(4.94%),P:1e-15	Tpos:37.9,Tstd:18.1,Bpos:37.5,Bstd:23.5,StrandBias:0.3,Multiplicity:1.02
0.297	0.001	0.001	0.701
0.178	0.182	0.477	0.163
0.273	0.626	0.001	0.100
0.001	0.001	0.001	0.997
0.560	0.001	0.437	0.002
0.299	0.001	0.648	0.052
0.001	0.997	0.001	0.001
0.996	0.001	0.002	0.001
>AGCAATCT	10-AGCAATCT	7.928007	-31.025344	0	T:71.0(2.37%),B:6.7(0.25%),P:1e-13	Tpos:38.3,Tstd:20.8,Bpos:29.6,Bstd:9.9,StrandBias:0.4,Multiplicity:1.00
0.760	0.001	0.238	0.001
0.001	0.121	0.877	0.001
0.001	0.966	0.001	0.032
0.918	0.001	0.080	0.001
0.997	0.001	0.001	0.001
0.020	0.001	0.047	0.932
0.001	0.997	0.001	0.001
0.001	0.111	0.001	0.887
>CGCGGGGC	11-CGCGGGGC	5.154263	-30.842575	0	T:300.0(10.00%),B:130.1(4.81%),P:1e-13	Tpos:35.6,Tstd:20.3,Bpos:36.7,Bstd:30.7,StrandBias:0.2,Multiplicity:1.42
0.023	0.725	0.197	0.055
0.030	0.187	0.685	0.098
0.024	0.847	0.046	0.083
0.183	0.019	0.759	0.039
0.059	0.155	0.754	0.032
0.037	0.119	0.795	0.049
0.046	0.123	0.782	0.049
0.125	0.660	0.129	0.086
>TAAACGCA	12-TAAACGCA	6.089549	-30.456497	0	T:177.0(5.90%),B:56.1(2.08%),P:1e-13	Tpos:36.6,Tstd:20.4,Bpos:39.7,Bstd:22.7,StrandBias:0.3,Multiplicity:1.01
0.001	0.140	0.142	0.717
0.799	0.034	0.133	0.034
0.705	0.023	0.238	0.034
0.730	0.083	0.083	0.104
0.130	0.550	0.192	0.128
0.113	0.034	0.848	0.005
0.082	0.816	0.068	0.034
0.759	0.101	0.080	0.060
>CTTCCCCA	13-CTTCCCCA	7.978134	-26.440855	0	T:93.0(3.10%),B:18.7(0.69%),P:1e-11	Tpos:35.6,Tstd:21.7,Bpos:39.9,Bstd:21.4,StrandBias:0.0,Multiplicity:1.00
0.222	0.776	0.001	0.001
0.001	0.001	0.001	0.997
0.001	0.001	0.001	0.997
0.001	0.997	0.001	0.001
0.001	0.997	0.001	0.001
0.001	0.997	0.001	0.001
0.001	0.766	0.001	0.232
0.922	0.001	0.076	0.001
>CTAGTCAG	14-CTAGTCAG	7.658530	-24.939589	0	T:76.0(2.53%),B:12.7(0.47%),P:1e-10	Tpos:38.4,Tstd:20.5,Bpos:51.2,Bstd:12.2,StrandBias:-0.1,Multiplicity:1.03
0.001	0.997	0.001	0.001
0.191	0.001	0.063	0.745
0.997	0.001	0.001	0.001
0.117	0.001	0.881	0.001
0.001	0.001	0.001	0.997
0.001	0.997	0.001	0.001
0.997	0.001	0.001	0.001
0.050	0.100	0.732	0.118
>AACGCYGG	15-AACGCYGG	5.869044	-23.497547	0	T:141.0(4.70%),B:46.7(1.73%),P:1e-10	Tpos:38.1,Tstd:18.5,Bpos:35.9,Bstd:23.4,StrandBias:-0.1,Multiplicity:1.03
0.866	0.044	0.042	0.048
0.674	0.054	0.271	0.001
0.270	0.622	0.072	0.036
0.091	0.211	0.680	0.018
0.001	0.819	0.113	0.067
0.181	0.365	0.182	0.272
0.062	0.019	0.829	0.090
0.230	0.036	0.556	0.178
>GTAAAATA	16-GTAAAATA	7.678031	-23.497547	0	T:141.0(4.70%),B:46.9(1.74%),P:1e-10	Tpos:37.1,Tstd:19.8,Bpos:32.8,Bstd:20.8,StrandBias:-0.1,Multiplicity:1.01
0.128	0.001	0.870	0.001
0.001	0.001	0.235	0.763
0.928	0.001	0.070	0.001
0.997	0.001	0.001	0.001
0.997	0.001	0.001	0.001
0.997	0.001	0.001	0.001
0.001	0.169	0.112	0.718
0.997	0.001	0.001	0.001
>TGGCTTTG	17-TGGCTTTG	6.908184	-22.796303	0	T:132.0(4.40%),B:43.0(1.59%),P:1e-9	Tpos:40.8,Tstd:18.4,Bpos:39.7,Bstd:16.5,StrandBias:-0.4,Multiplicity:1.01
0.001	0.018	0.165	0.816
0.001	0.031	0.967	0.001
0.001	0.001	0.997	0.001
0.001	0.907	0.001	0.091
0.106	0.001	0.001	0.892
0.069	0.001	0.117	0.813
0.075	0.001	0.001	0.923
0.001	0.001	0.997	0.001
>TTCCTTGT	18-TTCCTTGT	7.660360	-22.511956	0	T:124.0(4.13%),B:38.2(1.41%),P:1e-9	Tpos:35.4,Tstd:19.3,Bpos:31.7,Bstd:17.5,StrandBias:0.0,Multiplicity:1.02
0.001	0.001	0.001	0.997
0.110	0.001	0.001	0.888
0.001	0.997	0.001	0.001
0.001	0.946	0.052	0.001
0.001	0.127	0.001	0.871
0.001	0.001	0.001	0.997
0.001	0.001	0.997	0.001
0.001	0.183	0.001	0.815
>CATCTAGC	19-CATCTAGC	7.736451	-22.431905	0	T:99.0(3.30%),B:25.7(0.95%),P:1e-9	Tpos:35.1,Tstd:20.5,Bpos:36.5,Bstd:20.6,StrandBias:0.1,Multiplicity:1.01
0.001	0.867	0.126	0.006
0.983	0.001	0.015	0.001
0.051	0.001	0.090	0.858
0.001	0.956	0.001	0.042
0.001	0.001	0.015	0.983
0.797	0.001	0.047	0.155
0.001	0.090	0.908	0.001
0.237	0.709	0.053	0.001
>TCTCCCCA	20-TCTCCCCA	9.242971	-8.606379	0	T:29.0(0.97%),B:6.6(0.24%),P:1e-3	Tpos:42.4,Tstd:20.2,Bpos:34.7,Bstd:9.3,StrandBias:0.5,Multiplicity:1.00
0.001	0.001	0.001	0.997
0.001	0.997	0.001	0.001
0.001	0.001	0.001	0.997
0.001	0.997	0.001	0.001
0.001	0.997	0.001	0.001
0.001	0.997	0.001	0.001
0.001	0.837	0.161	0.001
0.997	0.001	0.001	0.001
