>NNWDNTRTTTRY	1-NNWDNTRTTTRY	5.160538	-278.370377	0	T:1360.0(45.33%),B:456.4(16.89%),P:1e-120	Tpos:36.9,Tstd:19.7,Bpos:37.4,Bstd:22.8,StrandBias:0.1,Multiplicity:1.28
0.284	0.254	0.204	0.258
0.255	0.210	0.215	0.319
0.355	0.202	0.204	0.239
0.348	0.001	0.263	0.388
0.277	0.239	0.215	0.268
0.001	0.068	0.001	0.930
0.425	0.001	0.573	0.001
0.001	0.001	0.001	0.997
0.001	0.010	0.001	0.988
0.001	0.001	0.001	0.997
0.482	0.001	0.516	0.001
0.164	0.413	0.071	0.353
>AGATDWTATCTG	2-AGATDWTATCTG	7.985968	-98.344182	0	T:220.0(7.33%),B:17.7(0.66%),P:1e-42	Tpos:38.3,Tstd:18.5,Bpos:34.8,Bstd:19.3,StrandBias:-0.0,Multiplicity:1.01
0.687	0.001	0.025	0.287
0.069	0.017	0.913	0.001
0.997	0.001	0.001	0.001
0.001	0.001	0.001	0.997
0.362	0.148	0.236	0.254
0.292	0.120	0.155	0.433
0.206	0.173	0.146	0.475
0.997	0.001	0.001	0.001
0.001	0.001	0.001	0.997
0.001	0.997	0.001	0.001
0.242	0.001	0.001	0.756
0.095	0.173	0.506	0.226
>AGTAAACAGGMA	3-AGTAAACAGGMA	6.699378	-93.743340	0	T:458.0(15.27%),B:128.2(4.74%),P:1e-40	Tpos:37.5,Tstd:19.9,Bpos:33.0,Bstd:23.7,StrandBias:0.2,Multiplicity:1.04
0.721	0.001	0.085	0.193
0.134	0.001	0.793	0.072
0.024	0.218	0.209	0.549
0.904	0.060	0.024	0.012
0.962	0.036	0.001	0.001
0.939	0.001	0.048	0.012
0.001	0.818	0.085	0.096
0.914	0.012	0.001	0.073
0.328	0.001	0.549	0.122
0.036	0.060	0.903	0.001
0.329	0.358	0.205	0.109
0.600	0.243	0.036	0.121
>AGATTBTTATCT	4-AGATTBTTATCT	9.399293	-80.231319	0	T:144.0(4.80%),B:4.9(0.18%),P:1e-34	Tpos:37.2,Tstd:20.1,Bpos:49.8,Bstd:17.6,StrandBias:-0.6,Multiplicity:1.02
0.728	0.001	0.044	0.227
0.044	0.022	0.933	0.001
0.975	0.001	0.001	0.023
0.067	0.001	0.001	0.931
0.066	0.091	0.268	0.575
0.158	0.337	0.279	0.225
0.044	0.290	0.001	0.665
0.088	0.112	0.025	0.775
0.889	0.023	0.066	0.022
0.001	0.001	0.001	0.997
0.001	0.997	0.001	0.001
0.200	0.045	0.001	0.754
>AMTGCATTCCTY	5-AMTGCATTCCTY	7.384015	-54.828236	0	T:173.0(5.77%),B:28.9(1.07%),P:1e-23	Tpos:39.8,Tstd:19.7,Bpos:36.3,Bstd:24.4,StrandBias:0.0,Multiplicity:1.02
0.505	0.201	0.146	0.148
0.465	0.361	0.057	0.117
0.057	0.001	0.028	0.914
0.001	0.001	0.997	0.001
0.001	0.997	0.001	0.001
0.885	0.057	0.001	0.057
0.028	0.001	0.001	0.970
0.001	0.001	0.028	0.970
0.001	0.997	0.001	0.001
0.001	0.942	0.001	0.056
0.353	0.093	0.001	0.553
0.146	0.260	0.222	0.372
