>CCTCCCCG	1-CCTCCCCG	6.263624	-43.944358	0	T:175.0(22.21%),B:43.2(6.12%),P:1e-19	Tpos:33.5,Tstd:19.8,Bpos:37.1,Bstd:28.0,StrandBias:-0.1,Multiplicity:1.10
0.047	0.905	0.001	0.047
0.047	0.905	0.001	0.047
0.047	0.047	0.001	0.905
0.047	0.905	0.047	0.001
0.001	0.997	0.001	0.001
0.077	0.875	0.047	0.001
0.058	0.519	0.189	0.234
0.288	0.203	0.508	0.001
>AGGCTGGG	2-AGGCTGGG	5.496262	-42.784895	0	T:293.0(37.18%),B:118.6(16.78%),P:1e-18	Tpos:38.0,Tstd:19.2,Bpos:34.8,Bstd:26.2,StrandBias:0.1,Multiplicity:1.64
0.695	0.032	0.156	0.117
0.166	0.036	0.664	0.134
0.067	0.084	0.827	0.022
0.091	0.843	0.029	0.037
0.245	0.084	0.119	0.552
0.018	0.011	0.918	0.053
0.175	0.029	0.742	0.054
0.123	0.072	0.763	0.042
>GTCATCCC	3-GTCATCCC	5.641524	-35.959820	0	T:146.0(18.53%),B:36.3(5.14%),P:1e-15	Tpos:37.4,Tstd:19.5,Bpos:31.4,Bstd:20.8,StrandBias:-0.0,Multiplicity:1.01
0.001	0.050	0.730	0.219
0.001	0.031	0.031	0.937
0.148	0.758	0.063	0.031
0.812	0.031	0.001	0.156
0.001	0.030	0.001	0.968
0.030	0.968	0.001	0.001
0.050	0.856	0.001	0.093
0.001	0.968	0.001	0.030
>TTCAAGCG	4-TTCAAGCG	5.914063	-31.888887	0	T:132.0(16.75%),B:33.9(4.79%),P:1e-13	Tpos:35.9,Tstd:18.1,Bpos:38.0,Bstd:23.3,StrandBias:0.1,Multiplicity:1.08
0.047	0.019	0.047	0.887
0.207	0.028	0.028	0.737
0.056	0.851	0.065	0.028
0.848	0.102	0.009	0.041
0.736	0.056	0.171	0.037
0.220	0.028	0.696	0.056
0.072	0.582	0.137	0.209
0.143	0.141	0.682	0.034
>WGGTGGCR	5-WGGTGGCR	7.891560	-28.708023	0	T:74.0(9.39%),B:9.7(1.37%),P:1e-12	Tpos:33.8,Tstd:22.0,Bpos:15.2,Bstd:13.9,StrandBias:-0.1,Multiplicity:1.00
0.433	0.001	0.018	0.548
0.001	0.001	0.997	0.001
0.001	0.001	0.997	0.001
0.001	0.001	0.001	0.997
0.001	0.001	0.736	0.262
0.001	0.001	0.997	0.001
0.001	0.808	0.001	0.190
0.459	0.001	0.539	0.001
>AATATTTG	6-AATATTTG	6.910739	-24.334514	0	T:78.0(9.90%),B:14.5(2.06%),P:1e-10	Tpos:37.6,Tstd:21.1,Bpos:42.1,Bstd:16.1,StrandBias:0.0,Multiplicity:1.03
0.828	0.001	0.079	0.092
0.942	0.014	0.043	0.001
0.001	0.001	0.001	0.997
0.930	0.056	0.013	0.001
0.001	0.001	0.020	0.978
0.023	0.013	0.001	0.963
0.071	0.001	0.001	0.927
0.209	0.156	0.531	0.104
>ACATGTTK	7-ACATGTTK	4.933967	-23.197685	0	T:149.0(18.91%),B:54.6(7.73%),P:1e-10	Tpos:31.9,Tstd:20.0,Bpos:39.9,Bstd:19.4,StrandBias:-0.1,Multiplicity:1.06
0.528	0.229	0.077	0.166
0.200	0.599	0.087	0.114
0.823	0.118	0.043	0.016
0.054	0.130	0.080	0.736
0.016	0.235	0.546	0.203
0.210	0.101	0.125	0.564
0.323	0.048	0.111	0.518
0.176	0.108	0.402	0.313
>CCCGCTTC	8-CCCGCTTC	5.481820	-22.067633	0	T:80.0(10.15%),B:17.4(2.46%),P:1e-9	Tpos:44.4,Tstd:21.3,Bpos:42.5,Bstd:17.6,StrandBias:-0.3,Multiplicity:1.04
0.088	0.722	0.051	0.139
0.089	0.717	0.064	0.130
0.122	0.629	0.126	0.123
0.093	0.189	0.634	0.084
0.101	0.799	0.050	0.050
0.051	0.069	0.076	0.804
0.001	0.037	0.114	0.848
0.001	0.866	0.025	0.108
>ACAAAGTA	9-ACAAAGTA	4.520589	-17.595092	0	T:222.0(28.17%),B:115.7(16.37%),P:1e-7	Tpos:36.5,Tstd:19.6,Bpos:36.3,Bstd:18.4,StrandBias:0.1,Multiplicity:1.29
0.600	0.093	0.119	0.188
0.097	0.480	0.199	0.224
0.615	0.133	0.007	0.245
0.574	0.142	0.074	0.210
0.753	0.064	0.072	0.111
0.143	0.169	0.556	0.132
0.136	0.091	0.107	0.666
0.669	0.070	0.136	0.125
>GCAGTGGC	10-GCAGTGGC	6.302773	-14.856397	0	T:98.0(12.44%),B:36.4(5.14%),P:1e-6	Tpos:37.0,Tstd:18.4,Bpos:39.5,Bstd:22.6,StrandBias:0.6,Multiplicity:1.01
0.001	0.087	0.865	0.047
0.029	0.941	0.029	0.001
0.862	0.001	0.136	0.001
0.029	0.029	0.941	0.001
0.001	0.001	0.001	0.997
0.001	0.001	0.970	0.028
0.145	0.029	0.797	0.029
0.090	0.620	0.087	0.203
>GAGGTCGT	11-GAGGTCGT	7.392287	-10.154633	0	T:25.0(3.17%),B:3.1(0.43%),P:1e-4	Tpos:37.9,Tstd:18.7,Bpos:0.0,Bstd:0.0,StrandBias:0.9,Multiplicity:1.00
0.066	0.001	0.932	0.001
0.867	0.066	0.066	0.001
0.066	0.001	0.932	0.001
0.333	0.001	0.665	0.001
0.001	0.001	0.001	0.997
0.066	0.867	0.001	0.066
0.001	0.001	0.932	0.066
0.001	0.066	0.066	0.867
