>AATCCCAGCH	1-AATCCCAGCH	7.379879	-55.235903	0	T:147.0(18.65%),B:20.5(2.90%),P:1e-23	Tpos:38.1,Tstd:19.6,Bpos:36.1,Bstd:23.2,StrandBias:0.5,Multiplicity:1.07
0.466	0.294	0.226	0.014
0.480	0.229	0.071	0.220
0.135	0.242	0.154	0.469
0.241	0.559	0.001	0.199
0.042	0.795	0.001	0.162
0.001	0.997	0.001	0.001
0.997	0.001	0.001	0.001
0.001	0.028	0.711	0.260
0.001	0.895	0.103	0.001
0.248	0.355	0.001	0.396
>TCGGCCTCCC	2-TCGGCCTCCC	7.315317	-46.492666	0	T:125.0(15.86%),B:17.6(2.49%),P:1e-20	Tpos:35.9,Tstd:18.6,Bpos:42.3,Bstd:19.6,StrandBias:-0.2,Multiplicity:1.17
0.001	0.001	0.050	0.948
0.001	0.997	0.001	0.001
0.208	0.096	0.448	0.248
0.135	0.031	0.833	0.001
0.001	0.952	0.001	0.046
0.001	0.997	0.001	0.001
0.076	0.001	0.001	0.922
0.001	0.790	0.056	0.153
0.001	0.948	0.001	0.050
0.076	0.922	0.001	0.001
>CCCAGCCTGG	3-CCCAGCCTGG	7.225111	-28.782108	0	T:108.0(13.71%),B:24.8(3.51%),P:1e-12	Tpos:41.1,Tstd:19.6,Bpos:34.7,Bstd:18.6,StrandBias:0.1,Multiplicity:1.00
0.112	0.569	0.102	0.217
0.161	0.735	0.078	0.026
0.158	0.840	0.001	0.001
0.867	0.001	0.131	0.001
0.001	0.001	0.817	0.181
0.001	0.678	0.320	0.001
0.104	0.808	0.001	0.087
0.135	0.187	0.001	0.677
0.054	0.001	0.671	0.274
0.001	0.001	0.997	0.001
>TTCAAGCGAT	4-TTCAAGCGAT	7.411637	-27.667489	0	T:82.0(10.41%),B:13.6(1.92%),P:1e-12	Tpos:34.8,Tstd:16.6,Bpos:47.7,Bstd:22.6,StrandBias:0.5,Multiplicity:1.02
0.034	0.002	0.001	0.963
0.034	0.035	0.034	0.897
0.034	0.795	0.069	0.102
0.931	0.067	0.001	0.001
0.931	0.001	0.001	0.067
0.069	0.001	0.896	0.034
0.170	0.506	0.169	0.155
0.275	0.170	0.453	0.102
0.931	0.067	0.001	0.001
0.068	0.135	0.034	0.763
>GGTKGCAGYA	5-GGTKGCAGYA	7.244887	-27.008027	0	T:76.0(9.64%),B:11.0(1.56%),P:1e-11	Tpos:37.3,Tstd:21.3,Bpos:32.3,Bstd:16.6,StrandBias:0.3,Multiplicity:1.03
0.001	0.001	0.904	0.094
0.001	0.086	0.912	0.001
0.145	0.058	0.147	0.650
0.029	0.001	0.490	0.480
0.058	0.092	0.699	0.151
0.148	0.793	0.058	0.001
0.997	0.001	0.001	0.001
0.179	0.001	0.791	0.029
0.001	0.391	0.179	0.429
0.563	0.092	0.102	0.243
>GYAGTGGKGT	6-GYAGTGGKGT	7.522016	-23.586527	0	T:57.0(7.23%),B:6.5(0.92%),P:1e-10	Tpos:37.9,Tstd:19.2,Bpos:38.0,Bstd:24.8,StrandBias:-0.4,Multiplicity:1.00
0.140	0.001	0.734	0.125
0.065	0.508	0.001	0.426
0.568	0.001	0.366	0.065
0.001	0.064	0.934	0.001
0.004	0.001	0.005	0.990
0.001	0.004	0.994	0.001
0.130	0.005	0.800	0.065
0.065	0.191	0.302	0.441
0.065	0.001	0.789	0.145
0.001	0.085	0.139	0.775
>GWRGYTCAAR	7-GWRGYTCAAR	7.871887	-20.527336	0	T:43.0(5.46%),B:3.7(0.52%),P:1e-8	Tpos:37.0,Tstd:16.4,Bpos:38.7,Bstd:15.5,StrandBias:1.0,Multiplicity:1.00
0.021	0.041	0.895	0.043
0.383	0.040	0.079	0.498
0.280	0.060	0.416	0.244
0.109	0.102	0.626	0.163
0.052	0.518	0.041	0.389
0.040	0.040	0.022	0.898
0.061	0.895	0.003	0.041
0.890	0.108	0.001	0.001
0.449	0.286	0.040	0.225
0.370	0.041	0.384	0.205
>AAATAAATAA	8-AAATAAATAA	7.506902	-19.672393	0	T:73.0(9.26%),B:16.8(2.38%),P:1e-8	Tpos:35.7,Tstd:18.4,Bpos:43.4,Bstd:11.5,StrandBias:0.3,Multiplicity:1.12
0.847	0.151	0.001	0.001
0.688	0.001	0.001	0.310
0.538	0.001	0.235	0.226
0.090	0.124	0.300	0.487
0.726	0.136	0.137	0.001
0.801	0.001	0.197	0.001
0.901	0.001	0.097	0.001
0.001	0.073	0.347	0.579
0.466	0.111	0.287	0.136
0.638	0.001	0.063	0.298
>TTAGAAGTCA	9-TTAGAAGTCA	7.068532	-18.224011	0	T:50.0(6.35%),B:7.3(1.03%),P:1e-7	Tpos:38.9,Tstd:16.9,Bpos:35.3,Bstd:15.1,StrandBias:1.0,Multiplicity:1.05
0.048	0.120	0.072	0.760
0.024	0.024	0.099	0.853
0.802	0.024	0.072	0.102
0.072	0.048	0.808	0.072
0.876	0.051	0.001	0.072
0.900	0.001	0.027	0.072
0.048	0.075	0.778	0.099
0.075	0.172	0.075	0.678
0.120	0.688	0.120	0.072
0.901	0.024	0.024	0.051
>AGCTTCATCC	10-AGCTTCATCC	8.757213	-16.718657	0	T:30.0(3.81%),B:1.2(0.17%),P:1e-7	Tpos:35.4,Tstd:19.4,Bpos:46.0,Bstd:0.0,StrandBias:-0.6,Multiplicity:1.00
0.470	0.121	0.282	0.128
0.060	0.001	0.577	0.362
0.001	0.938	0.001	0.060
0.060	0.001	0.001	0.938
0.060	0.060	0.001	0.879
0.001	0.997	0.001	0.001
0.691	0.248	0.001	0.060
0.001	0.087	0.060	0.852
0.001	0.852	0.001	0.146
0.001	0.997	0.001	0.001
>GTTACATTTA	11-GTTACATTTA	7.762821	-15.340169	0	T:37.0(4.70%),B:4.7(0.67%),P:1e-6	Tpos:31.3,Tstd:20.8,Bpos:34.5,Bstd:13.3,StrandBias:0.4,Multiplicity:1.03
0.107	0.107	0.653	0.133
0.052	0.055	0.081	0.812
0.052	0.055	0.078	0.815
0.919	0.026	0.054	0.001
0.078	0.792	0.026	0.104
0.895	0.052	0.001	0.052
0.026	0.001	0.129	0.844
0.026	0.078	0.107	0.789
0.052	0.104	0.029	0.815
0.702	0.055	0.061	0.182
>AAATATTTGC	12-AAATATTTGC	8.613589	-15.237527	0	T:31.0(3.93%),B:2.6(0.36%),P:1e-6	Tpos:34.6,Tstd:21.3,Bpos:39.9,Bstd:10.4,StrandBias:-0.3,Multiplicity:1.00
0.997	0.001	0.001	0.001
0.867	0.066	0.066	0.001
0.932	0.001	0.066	0.001
0.001	0.001	0.001	0.997
0.932	0.066	0.001	0.001
0.001	0.001	0.001	0.997
0.001	0.066	0.001	0.932
0.066	0.001	0.001	0.932
0.133	0.200	0.600	0.067
0.133	0.800	0.001	0.066
>GTATTTATAG	13-GTATTTATAG	8.464748	-14.197825	0	T:40.0(5.08%),B:6.1(0.86%),P:1e-6	Tpos:38.1,Tstd:20.0,Bpos:43.0,Bstd:12.2,StrandBias:0.1,Multiplicity:1.02
0.137	0.137	0.725	0.001
0.001	0.001	0.001	0.997
0.570	0.129	0.069	0.232
0.001	0.001	0.001	0.997
0.001	0.204	0.001	0.794
0.068	0.001	0.001	0.930
0.640	0.081	0.139	0.140
0.001	0.137	0.001	0.861
0.595	0.068	0.001	0.336
0.137	0.001	0.506	0.356
