>CCTCYRCCTCCC	1-CCTCYRCCTCCC	8.382050	-48.050228	0	T:144.0(18.27%),B:24.9(3.52%),P:1e-20	Tpos:36.9,Tstd:17.9,Bpos:28.5,Bstd:19.4,StrandBias:-0.2,Multiplicity:1.19
0.126	0.716	0.045	0.113
0.107	0.546	0.022	0.325
0.063	0.257	0.106	0.574
0.106	0.632	0.047	0.215
0.201	0.327	0.089	0.383
0.325	0.194	0.353	0.128
0.001	0.849	0.001	0.149
0.066	0.697	0.001	0.236
0.133	0.001	0.021	0.845
0.001	0.870	0.001	0.128
0.021	0.913	0.001	0.065
0.064	0.692	0.001	0.243
>GTAATCYCAGCW	2-GTAATCYCAGCW	7.062734	-44.735229	0	T:153.0(19.42%),B:31.7(4.48%),P:1e-19	Tpos:37.4,Tstd:18.0,Bpos:30.7,Bstd:18.2,StrandBias:0.1,Multiplicity:1.07
0.282	0.042	0.519	0.157
0.045	0.285	0.028	0.642
0.561	0.112	0.111	0.216
0.556	0.014	0.129	0.301
0.213	0.029	0.057	0.701
0.242	0.514	0.001	0.243
0.056	0.466	0.029	0.448
0.001	0.725	0.001	0.273
0.815	0.001	0.127	0.057
0.042	0.056	0.888	0.014
0.014	0.715	0.014	0.257
0.488	0.070	0.001	0.441
>WCCCAGCTAMTH	3-WCCCAGCTAMTH	7.648104	-33.747868	0	T:88.0(11.17%),B:11.5(1.62%),P:1e-14	Tpos:39.7,Tstd:22.4,Bpos:54.0,Bstd:9.3,StrandBias:0.2,Multiplicity:1.00
0.504	0.061	0.072	0.363
0.001	0.823	0.054	0.122
0.107	0.891	0.001	0.001
0.001	0.997	0.001	0.001
0.661	0.054	0.284	0.001
0.007	0.054	0.637	0.302
0.054	0.753	0.054	0.139
0.180	0.232	0.001	0.587
0.472	0.305	0.169	0.054
0.392	0.528	0.001	0.079
0.233	0.001	0.001	0.765
0.269	0.352	0.066	0.312
>GGTTCAAGYGAT	4-GGTTCAAGYGAT	9.515988	-32.595773	0	T:66.0(8.38%),B:4.9(0.69%),P:1e-14	Tpos:36.3,Tstd:16.5,Bpos:37.9,Bstd:25.5,StrandBias:0.1,Multiplicity:1.00
0.264	0.051	0.634	0.051
0.105	0.051	0.793	0.051
0.001	0.058	0.001	0.940
0.001	0.102	0.051	0.846
0.001	0.948	0.001	0.050
0.997	0.001	0.001	0.001
0.997	0.001	0.001	0.001
0.101	0.001	0.897	0.001
0.054	0.391	0.153	0.402
0.105	0.153	0.691	0.051
0.948	0.001	0.050	0.001
0.001	0.001	0.001	0.997
>NDVCCAGSMTKK	5-NDVCCAGSMTKK	5.687458	-24.591602	0	T:109.0(13.83%),B:29.6(4.19%),P:1e-10	Tpos:39.6,Tstd:18.6,Bpos:34.7,Bstd:15.7,StrandBias:-0.5,Multiplicity:1.06
0.345	0.201	0.212	0.242
0.319	0.158	0.279	0.244
0.302	0.302	0.256	0.141
0.164	0.497	0.164	0.175
0.196	0.583	0.072	0.149
0.609	0.017	0.012	0.362
0.376	0.014	0.593	0.017
0.008	0.503	0.488	0.001
0.391	0.486	0.014	0.109
0.209	0.124	0.092	0.575
0.241	0.026	0.426	0.307
0.158	0.175	0.386	0.281
>AGGCATRAGCCA	6-AGGCATRAGCCA	7.746322	-18.147196	0	T:39.0(4.95%),B:3.7(0.53%),P:1e-7	Tpos:37.5,Tstd:16.1,Bpos:40.8,Bstd:14.1,StrandBias:-1.3,Multiplicity:1.00
0.997	0.001	0.001	0.001
0.001	0.001	0.997	0.001
0.001	0.096	0.684	0.219
0.001	0.779	0.001	0.219
0.844	0.001	0.057	0.098
0.096	0.001	0.001	0.902
0.561	0.001	0.437	0.001
0.876	0.122	0.001	0.001
0.002	0.246	0.533	0.219
0.001	0.997	0.001	0.001
0.001	0.972	0.001	0.026
0.997	0.001	0.001	0.001
>CAGTGAGCYGAA	7-CAGTGAGCYGAA	8.507857	-14.753386	0	T:48.0(6.09%),B:9.1(1.29%),P:1e-6	Tpos:37.8,Tstd:23.3,Bpos:24.0,Bstd:0.0,StrandBias:0.5,Multiplicity:1.00
0.001	0.997	0.001	0.001
0.572	0.230	0.009	0.189
0.001	0.001	0.997	0.001
0.018	0.001	0.050	0.931
0.059	0.001	0.939	0.001
0.990	0.001	0.008	0.001
0.050	0.360	0.589	0.001
0.180	0.627	0.184	0.009
0.001	0.485	0.001	0.513
0.251	0.001	0.746	0.002
0.575	0.369	0.051	0.005
0.730	0.009	0.260	0.001
