>AATCCCAGCH	1-AATCCCAGCH	7.379879	-55.235903	0	T:147.0(18.65%),B:20.5(2.90%),P:1e-23	Tpos:38.1,Tstd:19.6,Bpos:36.1,Bstd:23.2,StrandBias:0.5,Multiplicity:1.07
0.466	0.294	0.226	0.014
0.480	0.229	0.071	0.220
0.135	0.242	0.154	0.469
0.241	0.559	0.001	0.199
0.042	0.795	0.001	0.162
0.001	0.997	0.001	0.001
0.997	0.001	0.001	0.001
0.001	0.028	0.711	0.260
0.001	0.895	0.103	0.001
0.248	0.355	0.001	0.396
>TCGGCCTCCC	2-TCGGCCTCCC	7.315317	-46.492666	0	T:125.0(15.86%),B:17.6(2.49%),P:1e-20	Tpos:35.9,Tstd:18.6,Bpos:42.3,Bstd:19.6,StrandBias:-0.2,Multiplicity:1.17
0.001	0.001	0.050	0.948
0.001	0.997	0.001	0.001
0.208	0.096	0.448	0.248
0.135	0.031	0.833	0.001
0.001	0.952	0.001	0.046
0.001	0.997	0.001	0.001
0.076	0.001	0.001	0.922
0.001	0.790	0.056	0.153
0.001	0.948	0.001	0.050
0.076	0.922	0.001	0.001
>CCCAGCCTGG	3-CCCAGCCTGG	7.225111	-28.782108	0	T:108.0(13.71%),B:24.8(3.51%),P:1e-12	Tpos:41.1,Tstd:19.6,Bpos:34.7,Bstd:18.6,StrandBias:0.1,Multiplicity:1.00
0.112	0.569	0.102	0.217
0.161	0.735	0.078	0.026
0.158	0.840	0.001	0.001
0.867	0.001	0.131	0.001
0.001	0.001	0.817	0.181
0.001	0.678	0.320	0.001
0.104	0.808	0.001	0.087
0.135	0.187	0.001	0.677
0.054	0.001	0.671	0.274
0.001	0.001	0.997	0.001
>TTCAAGCGAT	4-TTCAAGCGAT	7.411637	-27.667489	0	T:82.0(10.41%),B:13.6(1.92%),P:1e-12	Tpos:34.8,Tstd:16.6,Bpos:47.7,Bstd:22.6,StrandBias:0.5,Multiplicity:1.02
0.034	0.002	0.001	0.963
0.034	0.035	0.034	0.897
0.034	0.795	0.069	0.102
0.931	0.067	0.001	0.001
0.931	0.001	0.001	0.067
0.069	0.001	0.896	0.034
0.170	0.506	0.169	0.155
0.275	0.170	0.453	0.102
0.931	0.067	0.001	0.001
0.068	0.135	0.034	0.763
>GGTKGCAGYA	5-GGTKGCAGYA	7.244887	-27.008027	0	T:76.0(9.64%),B:11.0(1.56%),P:1e-11	Tpos:37.3,Tstd:21.3,Bpos:32.3,Bstd:16.6,StrandBias:0.3,Multiplicity:1.03
0.001	0.001	0.904	0.094
0.001	0.086	0.912	0.001
0.145	0.058	0.147	0.650
0.029	0.001	0.490	0.480
0.058	0.092	0.699	0.151
0.148	0.793	0.058	0.001
0.997	0.001	0.001	0.001
0.179	0.001	0.791	0.029
0.001	0.391	0.179	0.429
0.563	0.092	0.102	0.243
>GYAGTGGKGT	6-GYAGTGGKGT	7.522016	-23.586527	0	T:57.0(7.23%),B:6.5(0.92%),P:1e-10	Tpos:37.9,Tstd:19.2,Bpos:38.0,Bstd:24.8,StrandBias:-0.4,Multiplicity:1.00
0.140	0.001	0.734	0.125
0.065	0.508	0.001	0.426
0.568	0.001	0.366	0.065
0.001	0.064	0.934	0.001
0.004	0.001	0.005	0.990
0.001	0.004	0.994	0.001
0.130	0.005	0.800	0.065
0.065	0.191	0.302	0.441
0.065	0.001	0.789	0.145
0.001	0.085	0.139	0.775
>GWRGYTCAAR	7-GWRGYTCAAR	7.871887	-20.527336	0	T:43.0(5.46%),B:3.7(0.52%),P:1e-8	Tpos:37.0,Tstd:16.4,Bpos:38.7,Bstd:15.5,StrandBias:1.0,Multiplicity:1.00
0.021	0.041	0.895	0.043
0.383	0.040	0.079	0.498
0.280	0.060	0.416	0.244
0.109	0.102	0.626	0.163
0.052	0.518	0.041	0.389
0.040	0.040	0.022	0.898
0.061	0.895	0.003	0.041
0.890	0.108	0.001	0.001
0.449	0.286	0.040	0.225
0.370	0.041	0.384	0.205
>AAATAAATAA	8-AAATAAATAA	7.506902	-19.672393	0	T:73.0(9.26%),B:16.8(2.38%),P:1e-8	Tpos:35.7,Tstd:18.4,Bpos:43.4,Bstd:11.5,StrandBias:0.3,Multiplicity:1.12
0.847	0.151	0.001	0.001
0.688	0.001	0.001	0.310
0.538	0.001	0.235	0.226
0.090	0.124	0.300	0.487
0.726	0.136	0.137	0.001
0.801	0.001	0.197	0.001
0.901	0.001	0.097	0.001
0.001	0.073	0.347	0.579
0.466	0.111	0.287	0.136
0.638	0.001	0.063	0.298
>TTAGAAGTCA	9-TTAGAAGTCA	7.068532	-18.224011	0	T:50.0(6.35%),B:7.3(1.03%),P:1e-7	Tpos:38.9,Tstd:16.9,Bpos:35.3,Bstd:15.1,StrandBias:1.0,Multiplicity:1.05
0.048	0.120	0.072	0.760
0.024	0.024	0.099	0.853
0.802	0.024	0.072	0.102
0.072	0.048	0.808	0.072
0.876	0.051	0.001	0.072
0.900	0.001	0.027	0.072
0.048	0.075	0.778	0.099
0.075	0.172	0.075	0.678
0.120	0.688	0.120	0.072
0.901	0.024	0.024	0.051
>AGCTTCATCC	10-AGCTTCATCC	8.757213	-16.718657	0	T:30.0(3.81%),B:1.2(0.17%),P:1e-7	Tpos:35.4,Tstd:19.4,Bpos:46.0,Bstd:0.0,StrandBias:-0.6,Multiplicity:1.00
0.470	0.121	0.282	0.128
0.060	0.001	0.577	0.362
0.001	0.938	0.001	0.060
0.060	0.001	0.001	0.938
0.060	0.060	0.001	0.879
0.001	0.997	0.001	0.001
0.691	0.248	0.001	0.060
0.001	0.087	0.060	0.852
0.001	0.852	0.001	0.146
0.001	0.997	0.001	0.001
>GTTACATTTA	11-GTTACATTTA	7.762821	-15.340169	0	T:37.0(4.70%),B:4.7(0.67%),P:1e-6	Tpos:31.3,Tstd:20.8,Bpos:34.5,Bstd:13.3,StrandBias:0.4,Multiplicity:1.03
0.107	0.107	0.653	0.133
0.052	0.055	0.081	0.812
0.052	0.055	0.078	0.815
0.919	0.026	0.054	0.001
0.078	0.792	0.026	0.104
0.895	0.052	0.001	0.052
0.026	0.001	0.129	0.844
0.026	0.078	0.107	0.789
0.052	0.104	0.029	0.815
0.702	0.055	0.061	0.182
>AAATATTTGC	12-AAATATTTGC	8.613589	-15.237527	0	T:31.0(3.93%),B:2.6(0.36%),P:1e-6	Tpos:34.6,Tstd:21.3,Bpos:39.9,Bstd:10.4,StrandBias:-0.3,Multiplicity:1.00
0.997	0.001	0.001	0.001
0.867	0.066	0.066	0.001
0.932	0.001	0.066	0.001
0.001	0.001	0.001	0.997
0.932	0.066	0.001	0.001
0.001	0.001	0.001	0.997
0.001	0.066	0.001	0.932
0.066	0.001	0.001	0.932
0.133	0.200	0.600	0.067
0.133	0.800	0.001	0.066
>GTATTTATAG	13-GTATTTATAG	8.464748	-14.197825	0	T:40.0(5.08%),B:6.1(0.86%),P:1e-6	Tpos:38.1,Tstd:20.0,Bpos:43.0,Bstd:12.2,StrandBias:0.1,Multiplicity:1.02
0.137	0.137	0.725	0.001
0.001	0.001	0.001	0.997
0.570	0.129	0.069	0.232
0.001	0.001	0.001	0.997
0.001	0.204	0.001	0.794
0.068	0.001	0.001	0.930
0.640	0.081	0.139	0.140
0.001	0.137	0.001	0.861
0.595	0.068	0.001	0.336
0.137	0.001	0.506	0.356
>CCTCYRCCTCCC	1-CCTCYRCCTCCC	8.382050	-48.050228	0	T:144.0(18.27%),B:24.9(3.52%),P:1e-20	Tpos:36.9,Tstd:17.9,Bpos:28.5,Bstd:19.4,StrandBias:-0.2,Multiplicity:1.19
0.126	0.716	0.045	0.113
0.107	0.546	0.022	0.325
0.063	0.257	0.106	0.574
0.106	0.632	0.047	0.215
0.201	0.327	0.089	0.383
0.325	0.194	0.353	0.128
0.001	0.849	0.001	0.149
0.066	0.697	0.001	0.236
0.133	0.001	0.021	0.845
0.001	0.870	0.001	0.128
0.021	0.913	0.001	0.065
0.064	0.692	0.001	0.243
>GTAATCYCAGCW	2-GTAATCYCAGCW	7.062734	-44.735229	0	T:153.0(19.42%),B:31.7(4.48%),P:1e-19	Tpos:37.4,Tstd:18.0,Bpos:30.7,Bstd:18.2,StrandBias:0.1,Multiplicity:1.07
0.282	0.042	0.519	0.157
0.045	0.285	0.028	0.642
0.561	0.112	0.111	0.216
0.556	0.014	0.129	0.301
0.213	0.029	0.057	0.701
0.242	0.514	0.001	0.243
0.056	0.466	0.029	0.448
0.001	0.725	0.001	0.273
0.815	0.001	0.127	0.057
0.042	0.056	0.888	0.014
0.014	0.715	0.014	0.257
0.488	0.070	0.001	0.441
>WCCCAGCTAMTH	3-WCCCAGCTAMTH	7.648104	-33.747868	0	T:88.0(11.17%),B:11.5(1.62%),P:1e-14	Tpos:39.7,Tstd:22.4,Bpos:54.0,Bstd:9.3,StrandBias:0.2,Multiplicity:1.00
0.504	0.061	0.072	0.363
0.001	0.823	0.054	0.122
0.107	0.891	0.001	0.001
0.001	0.997	0.001	0.001
0.661	0.054	0.284	0.001
0.007	0.054	0.637	0.302
0.054	0.753	0.054	0.139
0.180	0.232	0.001	0.587
0.472	0.305	0.169	0.054
0.392	0.528	0.001	0.079
0.233	0.001	0.001	0.765
0.269	0.352	0.066	0.312
>GGTTCAAGYGAT	4-GGTTCAAGYGAT	9.515988	-32.595773	0	T:66.0(8.38%),B:4.9(0.69%),P:1e-14	Tpos:36.3,Tstd:16.5,Bpos:37.9,Bstd:25.5,StrandBias:0.1,Multiplicity:1.00
0.264	0.051	0.634	0.051
0.105	0.051	0.793	0.051
0.001	0.058	0.001	0.940
0.001	0.102	0.051	0.846
0.001	0.948	0.001	0.050
0.997	0.001	0.001	0.001
0.997	0.001	0.001	0.001
0.101	0.001	0.897	0.001
0.054	0.391	0.153	0.402
0.105	0.153	0.691	0.051
0.948	0.001	0.050	0.001
0.001	0.001	0.001	0.997
>NDVCCAGSMTKK	5-NDVCCAGSMTKK	5.687458	-24.591602	0	T:109.0(13.83%),B:29.6(4.19%),P:1e-10	Tpos:39.6,Tstd:18.6,Bpos:34.7,Bstd:15.7,StrandBias:-0.5,Multiplicity:1.06
0.345	0.201	0.212	0.242
0.319	0.158	0.279	0.244
0.302	0.302	0.256	0.141
0.164	0.497	0.164	0.175
0.196	0.583	0.072	0.149
0.609	0.017	0.012	0.362
0.376	0.014	0.593	0.017
0.008	0.503	0.488	0.001
0.391	0.486	0.014	0.109
0.209	0.124	0.092	0.575
0.241	0.026	0.426	0.307
0.158	0.175	0.386	0.281
>AGGCATRAGCCA	6-AGGCATRAGCCA	7.746322	-18.147196	0	T:39.0(4.95%),B:3.7(0.53%),P:1e-7	Tpos:37.5,Tstd:16.1,Bpos:40.8,Bstd:14.1,StrandBias:-1.3,Multiplicity:1.00
0.997	0.001	0.001	0.001
0.001	0.001	0.997	0.001
0.001	0.096	0.684	0.219
0.001	0.779	0.001	0.219
0.844	0.001	0.057	0.098
0.096	0.001	0.001	0.902
0.561	0.001	0.437	0.001
0.876	0.122	0.001	0.001
0.002	0.246	0.533	0.219
0.001	0.997	0.001	0.001
0.001	0.972	0.001	0.026
0.997	0.001	0.001	0.001
>CAGTGAGCYGAA	7-CAGTGAGCYGAA	8.507857	-14.753386	0	T:48.0(6.09%),B:9.1(1.29%),P:1e-6	Tpos:37.8,Tstd:23.3,Bpos:24.0,Bstd:0.0,StrandBias:0.5,Multiplicity:1.00
0.001	0.997	0.001	0.001
0.572	0.230	0.009	0.189
0.001	0.001	0.997	0.001
0.018	0.001	0.050	0.931
0.059	0.001	0.939	0.001
0.990	0.001	0.008	0.001
0.050	0.360	0.589	0.001
0.180	0.627	0.184	0.009
0.001	0.485	0.001	0.513
0.251	0.001	0.746	0.002
0.575	0.369	0.051	0.005
0.730	0.009	0.260	0.001
>CCTCCCCG	1-CCTCCCCG	6.263624	-43.944358	0	T:175.0(22.21%),B:43.2(6.12%),P:1e-19	Tpos:33.5,Tstd:19.8,Bpos:37.1,Bstd:28.0,StrandBias:-0.1,Multiplicity:1.10
0.047	0.905	0.001	0.047
0.047	0.905	0.001	0.047
0.047	0.047	0.001	0.905
0.047	0.905	0.047	0.001
0.001	0.997	0.001	0.001
0.077	0.875	0.047	0.001
0.058	0.519	0.189	0.234
0.288	0.203	0.508	0.001
>AGGCTGGG	2-AGGCTGGG	5.496262	-42.784895	0	T:293.0(37.18%),B:118.6(16.78%),P:1e-18	Tpos:38.0,Tstd:19.2,Bpos:34.8,Bstd:26.2,StrandBias:0.1,Multiplicity:1.64
0.695	0.032	0.156	0.117
0.166	0.036	0.664	0.134
0.067	0.084	0.827	0.022
0.091	0.843	0.029	0.037
0.245	0.084	0.119	0.552
0.018	0.011	0.918	0.053
0.175	0.029	0.742	0.054
0.123	0.072	0.763	0.042
>GTCATCCC	3-GTCATCCC	5.641524	-35.959820	0	T:146.0(18.53%),B:36.3(5.14%),P:1e-15	Tpos:37.4,Tstd:19.5,Bpos:31.4,Bstd:20.8,StrandBias:-0.0,Multiplicity:1.01
0.001	0.050	0.730	0.219
0.001	0.031	0.031	0.937
0.148	0.758	0.063	0.031
0.812	0.031	0.001	0.156
0.001	0.030	0.001	0.968
0.030	0.968	0.001	0.001
0.050	0.856	0.001	0.093
0.001	0.968	0.001	0.030
>TTCAAGCG	4-TTCAAGCG	5.914063	-31.888887	0	T:132.0(16.75%),B:33.9(4.79%),P:1e-13	Tpos:35.9,Tstd:18.1,Bpos:38.0,Bstd:23.3,StrandBias:0.1,Multiplicity:1.08
0.047	0.019	0.047	0.887
0.207	0.028	0.028	0.737
0.056	0.851	0.065	0.028
0.848	0.102	0.009	0.041
0.736	0.056	0.171	0.037
0.220	0.028	0.696	0.056
0.072	0.582	0.137	0.209
0.143	0.141	0.682	0.034
>WGGTGGCR	5-WGGTGGCR	7.891560	-28.708023	0	T:74.0(9.39%),B:9.7(1.37%),P:1e-12	Tpos:33.8,Tstd:22.0,Bpos:15.2,Bstd:13.9,StrandBias:-0.1,Multiplicity:1.00
0.433	0.001	0.018	0.548
0.001	0.001	0.997	0.001
0.001	0.001	0.997	0.001
0.001	0.001	0.001	0.997
0.001	0.001	0.736	0.262
0.001	0.001	0.997	0.001
0.001	0.808	0.001	0.190
0.459	0.001	0.539	0.001
>AATATTTG	6-AATATTTG	6.910739	-24.334514	0	T:78.0(9.90%),B:14.5(2.06%),P:1e-10	Tpos:37.6,Tstd:21.1,Bpos:42.1,Bstd:16.1,StrandBias:0.0,Multiplicity:1.03
0.828	0.001	0.079	0.092
0.942	0.014	0.043	0.001
0.001	0.001	0.001	0.997
0.930	0.056	0.013	0.001
0.001	0.001	0.020	0.978
0.023	0.013	0.001	0.963
0.071	0.001	0.001	0.927
0.209	0.156	0.531	0.104
>ACATGTTK	7-ACATGTTK	4.933967	-23.197685	0	T:149.0(18.91%),B:54.6(7.73%),P:1e-10	Tpos:31.9,Tstd:20.0,Bpos:39.9,Bstd:19.4,StrandBias:-0.1,Multiplicity:1.06
0.528	0.229	0.077	0.166
0.200	0.599	0.087	0.114
0.823	0.118	0.043	0.016
0.054	0.130	0.080	0.736
0.016	0.235	0.546	0.203
0.210	0.101	0.125	0.564
0.323	0.048	0.111	0.518
0.176	0.108	0.402	0.313
>CCCGCTTC	8-CCCGCTTC	5.481820	-22.067633	0	T:80.0(10.15%),B:17.4(2.46%),P:1e-9	Tpos:44.4,Tstd:21.3,Bpos:42.5,Bstd:17.6,StrandBias:-0.3,Multiplicity:1.04
0.088	0.722	0.051	0.139
0.089	0.717	0.064	0.130
0.122	0.629	0.126	0.123
0.093	0.189	0.634	0.084
0.101	0.799	0.050	0.050
0.051	0.069	0.076	0.804
0.001	0.037	0.114	0.848
0.001	0.866	0.025	0.108
>ACAAAGTA	9-ACAAAGTA	4.520589	-17.595092	0	T:222.0(28.17%),B:115.7(16.37%),P:1e-7	Tpos:36.5,Tstd:19.6,Bpos:36.3,Bstd:18.4,StrandBias:0.1,Multiplicity:1.29
0.600	0.093	0.119	0.188
0.097	0.480	0.199	0.224
0.615	0.133	0.007	0.245
0.574	0.142	0.074	0.210
0.753	0.064	0.072	0.111
0.143	0.169	0.556	0.132
0.136	0.091	0.107	0.666
0.669	0.070	0.136	0.125
>GCAGTGGC	10-GCAGTGGC	6.302773	-14.856397	0	T:98.0(12.44%),B:36.4(5.14%),P:1e-6	Tpos:37.0,Tstd:18.4,Bpos:39.5,Bstd:22.6,StrandBias:0.6,Multiplicity:1.01
0.001	0.087	0.865	0.047
0.029	0.941	0.029	0.001
0.862	0.001	0.136	0.001
0.029	0.029	0.941	0.001
0.001	0.001	0.001	0.997
0.001	0.001	0.970	0.028
0.145	0.029	0.797	0.029
0.090	0.620	0.087	0.203
>GAGGTCGT	11-GAGGTCGT	7.392287	-10.154633	0	T:25.0(3.17%),B:3.1(0.43%),P:1e-4	Tpos:37.9,Tstd:18.7,Bpos:0.0,Bstd:0.0,StrandBias:0.9,Multiplicity:1.00
0.066	0.001	0.932	0.001
0.867	0.066	0.066	0.001
0.066	0.001	0.932	0.001
0.333	0.001	0.665	0.001
0.001	0.001	0.001	0.997
0.066	0.867	0.001	0.066
0.001	0.001	0.932	0.066
0.001	0.066	0.066	0.867
