>CCCAGCWA	1-CCCAGCWA	5.930819	-91.009936	0	T:346.0(22.51%),B:91.0(6.10%),P:1e-39	Tpos:38.9,Tstd:19.2,Bpos:37.4,Bstd:22.9,StrandBias:0.3,Multiplicity:1.10
0.019	0.964	0.001	0.016
0.029	0.880	0.001	0.090
0.001	0.993	0.001	0.005
0.993	0.001	0.001	0.005
0.030	0.001	0.921	0.048
0.001	0.960	0.001	0.038
0.499	0.088	0.001	0.412
0.863	0.112	0.001	0.024
>TCMGCCTC	2-TCMGCCTC	5.384049	-56.152423	0	T:449.0(29.21%),B:207.8(13.95%),P:1e-24	Tpos:37.4,Tstd:19.5,Bpos:37.0,Bstd:26.8,StrandBias:-0.4,Multiplicity:1.51
0.001	0.236	0.076	0.687
0.001	0.997	0.001	0.001
0.422	0.382	0.084	0.112
0.162	0.001	0.836	0.001
0.001	0.718	0.001	0.280
0.001	0.997	0.001	0.001
0.042	0.062	0.001	0.895
0.001	0.997	0.001	0.001
>CCACCATG	3-CCACCATG	6.876448	-52.572810	0	T:141.0(9.17%),B:21.1(1.41%),P:1e-22	Tpos:38.0,Tstd:20.7,Bpos:33.9,Bstd:29.3,StrandBias:0.1,Multiplicity:1.02
0.016	0.743	0.004	0.237
0.030	0.968	0.001	0.001
0.997	0.001	0.001	0.001
0.001	0.997	0.001	0.001
0.018	0.972	0.009	0.001
0.960	0.001	0.038	0.001
0.078	0.209	0.001	0.712
0.039	0.054	0.891	0.016
>ATTTATTT	4-ATTTATTT	5.344225	-49.814073	0	T:454.0(29.54%),B:223.4(14.99%),P:1e-21	Tpos:37.1,Tstd:19.9,Bpos:35.8,Bstd:18.3,StrandBias:0.0,Multiplicity:1.38
0.752	0.119	0.037	0.092
0.058	0.001	0.052	0.889
0.046	0.001	0.039	0.914
0.001	0.020	0.001	0.978
0.879	0.064	0.056	0.001
0.001	0.023	0.001	0.975
0.039	0.024	0.041	0.896
0.035	0.020	0.044	0.901
>GCKTGANC	5-GCKTGANC	5.357042	-45.007574	0	T:95.0(6.18%),B:8.3(0.55%),P:1e-19	Tpos:34.4,Tstd:18.2,Bpos:36.9,Bstd:7.5,StrandBias:-0.4,Multiplicity:1.03
0.197	0.005	0.593	0.205
0.152	0.567	0.218	0.063
0.177	0.173	0.293	0.358
0.111	0.090	0.169	0.630
0.095	0.091	0.575	0.239
0.464	0.099	0.297	0.139
0.251	0.210	0.267	0.271
0.042	0.732	0.139	0.087
>TATTTATC	6-TATTTATC	7.117214	-36.445823	0	T:188.0(12.23%),B:62.0(4.16%),P:1e-15	Tpos:34.9,Tstd:18.8,Bpos:41.8,Bstd:21.8,StrandBias:-0.4,Multiplicity:1.03
0.001	0.288	0.001	0.710
0.887	0.001	0.111	0.001
0.015	0.130	0.001	0.854
0.001	0.120	0.006	0.873
0.135	0.001	0.001	0.863
0.624	0.374	0.001	0.001
0.040	0.193	0.040	0.727
0.232	0.421	0.184	0.163
>AGAATCGC	7-AGAATCGC	6.254655	-36.345551	0	T:81.0(5.27%),B:8.8(0.59%),P:1e-15	Tpos:32.2,Tstd:17.8,Bpos:49.3,Bstd:14.7,StrandBias:-0.7,Multiplicity:1.00
0.973	0.001	0.025	0.001
0.134	0.134	0.598	0.134
0.997	0.001	0.001	0.001
0.598	0.134	0.134	0.134
0.001	0.001	0.001	0.997
0.001	0.997	0.001	0.001
0.099	0.001	0.899	0.001
0.001	0.997	0.001	0.001
>GCCGAGAT	8-GCCGAGAT	6.059698	-35.609377	0	T:157.0(10.21%),B:45.9(3.08%),P:1e-15	Tpos:41.6,Tstd:21.4,Bpos:38.2,Bstd:30.0,StrandBias:0.4,Multiplicity:1.01
0.101	0.211	0.687	0.001
0.125	0.574	0.028	0.273
0.239	0.755	0.005	0.001
0.153	0.001	0.816	0.030
0.657	0.030	0.263	0.050
0.001	0.150	0.848	0.001
0.997	0.001	0.001	0.001
0.121	0.185	0.151	0.543
>GCCCACGT	9-GCCCACGT	5.798702	-33.563350	0	T:183.0(11.91%),B:63.2(4.24%),P:1e-14	Tpos:36.2,Tstd:20.3,Bpos:34.6,Bstd:19.7,StrandBias:-0.4,Multiplicity:1.09
0.102	0.119	0.728	0.051
0.078	0.832	0.068	0.022
0.059	0.873	0.017	0.051
0.165	0.768	0.025	0.042
0.853	0.026	0.051	0.070
0.136	0.513	0.300	0.051
0.061	0.081	0.806	0.052
0.158	0.142	0.059	0.641
>CTGCAGTC	10-CTGCAGTC	3.591732	-32.705103	0	T:129.0(8.39%),B:33.8(2.27%),P:1e-14	Tpos:39.3,Tstd:22.7,Bpos:37.7,Bstd:22.9,StrandBias:0.2,Multiplicity:1.00
0.234	0.594	0.001	0.171
0.001	0.199	0.001	0.799
0.001	0.001	0.997	0.001
0.001	0.997	0.001	0.001
0.969	0.001	0.029	0.001
0.001	0.001	0.997	0.001
0.001	0.001	0.001	0.997
0.001	0.724	0.274	0.001
>CCTGTAAT	11-CCTGTAAT	6.342587	-31.718248	0	T:152.0(9.89%),B:47.8(3.21%),P:1e-13	Tpos:40.0,Tstd:19.2,Bpos:40.4,Bstd:31.7,StrandBias:-0.6,Multiplicity:1.01
0.001	0.997	0.001	0.001
0.001	0.710	0.288	0.001
0.001	0.288	0.001	0.710
0.001	0.001	0.829	0.169
0.001	0.001	0.001	0.997
0.997	0.001	0.001	0.001
0.807	0.171	0.021	0.001
0.001	0.001	0.001	0.997
>DTCTCCCA	12-DTCTCCCA	5.497648	-30.868552	0	T:183.0(11.91%),B:67.8(4.55%),P:1e-13	Tpos:37.8,Tstd:19.4,Bpos:36.8,Bstd:21.6,StrandBias:-0.3,Multiplicity:1.05
0.284	0.093	0.323	0.300
0.233	0.156	0.040	0.571
0.026	0.650	0.125	0.199
0.373	0.001	0.008	0.618
0.001	0.624	0.021	0.354
0.134	0.642	0.055	0.169
0.001	0.628	0.001	0.370
0.562	0.208	0.008	0.222
>CTACTTCT	13-CTACTTCT	7.174846	-20.893434	0	T:76.0(4.94%),B:18.5(1.24%),P:1e-9	Tpos:39.4,Tstd:17.6,Bpos:36.5,Bstd:15.8,StrandBias:-0.0,Multiplicity:1.00
0.001	0.997	0.001	0.001
0.001	0.001	0.001	0.997
0.997	0.001	0.001	0.001
0.231	0.767	0.001	0.001
0.001	0.057	0.001	0.941
0.001	0.001	0.001	0.997
0.030	0.822	0.001	0.147
0.034	0.001	0.034	0.931
>CTAAGTAA	14-CTAAGTAA	6.824534	-20.308135	0	T:95.0(6.18%),B:29.3(1.97%),P:1e-8	Tpos:37.1,Tstd:21.2,Bpos:32.1,Bstd:20.2,StrandBias:-0.2,Multiplicity:1.04
0.001	0.938	0.060	0.001
0.040	0.135	0.001	0.824
0.922	0.001	0.001	0.076
0.702	0.019	0.155	0.124
0.038	0.038	0.923	0.001
0.094	0.092	0.001	0.813
0.927	0.053	0.019	0.001
0.980	0.001	0.018	0.001
>CCGCGCSC	15-CCGCGCSC	6.622090	-14.353104	0	T:28.0(1.82%),B:2.5(0.17%),P:1e-6	Tpos:25.7,Tstd:17.9,Bpos:0.0,Bstd:0.0,StrandBias:0.2,Multiplicity:1.05
0.001	0.961	0.001	0.037
0.001	0.997	0.001	0.001
0.001	0.001	0.961	0.037
0.001	0.653	0.345	0.001
0.001	0.037	0.961	0.001
0.001	0.961	0.037	0.001
0.001	0.423	0.538	0.038
0.001	0.997	0.001	0.001
