>GCTGGGATTACM	1-GCTGGGATTACM	7.917632	-67.902987	0	T:174.0(11.32%),B:24.7(1.66%),P:1e-29	Tpos:39.6,Tstd:17.8,Bpos:40.0,Bstd:16.6,StrandBias:-0.3,Multiplicity:1.00
0.284	0.001	0.714	0.001
0.001	0.861	0.001	0.137
0.068	0.001	0.001	0.930
0.001	0.001	0.997	0.001
0.001	0.001	0.848	0.150
0.071	0.001	0.927	0.001
0.779	0.207	0.001	0.013
0.001	0.231	0.088	0.680
0.276	0.163	0.001	0.560
0.837	0.001	0.081	0.081
0.151	0.618	0.138	0.093
0.507	0.423	0.001	0.069
>TCAGCCTCCCRA	2-TCAGCCTCCCRA	8.436671	-65.965071	0	T:204.0(13.27%),B:39.8(2.67%),P:1e-28	Tpos:27.7,Tstd:21.7,Bpos:40.0,Bstd:0.0,StrandBias:-0.3,Multiplicity:1.00
0.001	0.170	0.170	0.659
0.001	0.997	0.001	0.001
0.562	0.001	0.303	0.134
0.133	0.001	0.865	0.001
0.001	0.865	0.001	0.133
0.001	0.963	0.001	0.035
0.001	0.001	0.001	0.997
0.133	0.865	0.001	0.001
0.001	0.997	0.001	0.001
0.001	0.847	0.001	0.151
0.357	0.036	0.473	0.134
0.643	0.089	0.267	0.001
>TDCCCAGGMTBN	3-TDCCCAGGMTBN	4.641690	-63.734614	0	T:285.0(18.54%),B:85.8(5.76%),P:1e-27	Tpos:38.2,Tstd:18.8,Bpos:36.3,Bstd:27.3,StrandBias:0.2,Multiplicity:1.04
0.001	0.397	0.001	0.601
0.261	0.001	0.329	0.408
0.001	0.997	0.001	0.001
0.001	0.997	0.001	0.001
0.001	0.710	0.001	0.288
0.981	0.001	0.017	0.001
0.001	0.001	0.997	0.001
0.001	0.396	0.602	0.001
0.294	0.429	0.055	0.223
0.236	0.108	0.001	0.655
0.109	0.225	0.339	0.328
0.333	0.201	0.265	0.201
>RCCTCWGCCTCC	4-RCCTCWGCCTCC	6.099060	-59.992227	0	T:284.0(18.48%),B:89.2(5.99%),P:1e-26	Tpos:37.1,Tstd:17.7,Bpos:40.0,Bstd:21.8,StrandBias:-0.2,Multiplicity:1.50
0.510	0.001	0.457	0.032
0.065	0.623	0.001	0.311
0.032	0.935	0.032	0.001
0.001	0.277	0.001	0.721
0.001	0.901	0.097	0.001
0.565	0.001	0.001	0.433
0.129	0.001	0.869	0.001
0.001	0.966	0.001	0.032
0.001	0.785	0.001	0.213
0.245	0.001	0.001	0.753
0.001	0.966	0.001	0.032
0.065	0.785	0.001	0.149
>KCCCAGCTAATT	5-KCCCAGCTAATT	9.378487	-59.709650	0	T:118.0(7.68%),B:8.1(0.54%),P:1e-25	Tpos:38.3,Tstd:21.4,Bpos:29.4,Bstd:6.2,StrandBias:0.5,Multiplicity:1.00
0.084	0.001	0.525	0.390
0.001	0.997	0.001	0.001
0.001	0.958	0.001	0.040
0.001	0.958	0.001	0.040
0.628	0.001	0.370	0.001
0.001	0.041	0.917	0.041
0.001	0.997	0.001	0.001
0.206	0.001	0.001	0.792
0.915	0.043	0.041	0.001
0.697	0.137	0.041	0.125
0.001	0.001	0.001	0.997
0.001	0.122	0.122	0.755
>AGGAGAATYRCT	6-AGGAGAATYRCT	8.592489	-53.267749	0	T:135.0(8.78%),B:18.3(1.23%),P:1e-23	Tpos:35.1,Tstd:16.0,Bpos:37.2,Bstd:20.4,StrandBias:-0.1,Multiplicity:1.00
0.661	0.001	0.227	0.111
0.114	0.047	0.682	0.157
0.223	0.001	0.577	0.199
0.976	0.001	0.022	0.001
0.178	0.001	0.820	0.001
0.813	0.001	0.163	0.023
0.866	0.088	0.001	0.045
0.177	0.089	0.070	0.664
0.093	0.336	0.183	0.388
0.506	0.044	0.359	0.091
0.022	0.661	0.025	0.292
0.222	0.001	0.134	0.643
>GAGATGGAGTCT	7-GAGATGGAGTCT	7.436322	-50.202147	0	T:179.0(11.65%),B:41.8(2.81%),P:1e-21	Tpos:38.9,Tstd:18.7,Bpos:41.8,Bstd:29.7,StrandBias:0.8,Multiplicity:1.02
0.146	0.033	0.820	0.001
0.918	0.001	0.001	0.080
0.001	0.066	0.866	0.067
0.737	0.051	0.163	0.049
0.101	0.217	0.016	0.666
0.069	0.082	0.570	0.279
0.316	0.019	0.632	0.033
0.801	0.001	0.050	0.148
0.134	0.082	0.735	0.049
0.266	0.001	0.198	0.535
0.001	0.637	0.065	0.297
0.201	0.069	0.001	0.729
>WGYCTCCCMAGH	8-WGYCTCCCMAGH	7.991376	-41.467122	0	T:128.0(8.33%),B:24.4(1.64%),P:1e-18	Tpos:35.6,Tstd:18.1,Bpos:41.9,Bstd:13.0,StrandBias:-1.1,Multiplicity:1.00
0.353	0.001	0.222	0.424
0.101	0.102	0.741	0.056
0.212	0.381	0.046	0.361
0.009	0.511	0.138	0.342
0.203	0.065	0.009	0.723
0.037	0.860	0.047	0.056
0.194	0.760	0.009	0.037
0.316	0.574	0.018	0.092
0.463	0.351	0.177	0.010
0.778	0.064	0.047	0.111
0.231	0.204	0.519	0.046
0.324	0.232	0.167	0.277
>WAAATAAATAWW	9-WAAATAAATAWW	6.764055	-32.405225	0	T:297.0(19.32%),B:142.1(9.53%),P:1e-14	Tpos:36.4,Tstd:18.6,Bpos:36.4,Bstd:19.9,StrandBias:0.1,Multiplicity:1.21
0.484	0.084	0.097	0.335
0.544	0.113	0.092	0.251
0.546	0.065	0.119	0.270
0.665	0.011	0.132	0.192
0.054	0.043	0.151	0.752
0.957	0.011	0.019	0.013
0.930	0.022	0.005	0.043
0.843	0.003	0.046	0.108
0.043	0.068	0.105	0.784
0.605	0.070	0.179	0.146
0.433	0.124	0.089	0.354
0.452	0.122	0.111	0.316
>GCAGTGAGCCGA	10-GCAGTGAGCCGA	8.674791	-27.256431	0	T:80.0(5.20%),B:14.5(0.97%),P:1e-11	Tpos:40.4,Tstd:23.2,Bpos:37.8,Bstd:26.4,StrandBias:0.2,Multiplicity:1.01
0.160	0.001	0.836	0.003
0.080	0.837	0.080	0.003
0.916	0.080	0.003	0.001
0.083	0.080	0.834	0.003
0.001	0.001	0.001	0.997
0.001	0.001	0.997	0.001
0.997	0.001	0.001	0.001
0.083	0.163	0.753	0.001
0.080	0.837	0.080	0.003
0.080	0.664	0.001	0.255
0.267	0.001	0.652	0.080
0.836	0.160	0.003	0.001
>GGGGTTTCACCA	11-GGGGTTTCACCA	9.308822	-24.320372	0	T:40.0(2.60%),B:1.3(0.09%),P:1e-10	Tpos:36.3,Tstd:21.3,Bpos:20.2,Bstd:6.3,StrandBias:-0.1,Multiplicity:1.00
0.001	0.001	0.919	0.079
0.250	0.001	0.748	0.001
0.085	0.001	0.909	0.005
0.240	0.001	0.758	0.001
0.001	0.001	0.001	0.997
0.160	0.080	0.001	0.759
0.001	0.001	0.001	0.997
0.001	0.914	0.005	0.080
0.674	0.080	0.005	0.241
0.001	0.994	0.001	0.004
0.080	0.760	0.080	0.080
0.723	0.080	0.196	0.001
>CACCACTGCCCT	12-CACCACTGCCCT	10.040366	-20.999647	0	T:35.0(2.28%),B:1.5(0.10%),P:1e-9	Tpos:38.6,Tstd:14.4,Bpos:28.6,Bstd:14.1,StrandBias:-0.3,Multiplicity:1.00
0.074	0.851	0.001	0.074
0.481	0.170	0.126	0.223
0.074	0.767	0.074	0.085
0.001	0.997	0.001	0.001
0.776	0.222	0.001	0.001
0.001	0.968	0.001	0.030
0.001	0.073	0.001	0.925
0.148	0.075	0.776	0.001
0.010	0.915	0.001	0.074
0.300	0.625	0.001	0.074
0.224	0.669	0.074	0.033
0.095	0.074	0.001	0.830
>GGHGGATCACDA	13-GGHGGATCACDA	6.301997	-16.449067	0	T:42.0(2.73%),B:6.7(0.45%),P:1e-7	Tpos:40.5,Tstd:18.2,Bpos:36.5,Bstd:4.3,StrandBias:0.5,Multiplicity:1.00
0.200	0.158	0.468	0.174
0.215	0.160	0.439	0.186
0.245	0.353	0.188	0.214
0.210	0.087	0.530	0.173
0.122	0.136	0.586	0.156
0.583	0.140	0.169	0.108
0.151	0.131	0.140	0.578
0.121	0.594	0.184	0.101
0.614	0.136	0.095	0.155
0.175	0.479	0.180	0.166
0.239	0.190	0.345	0.225
0.431	0.175	0.208	0.186
>TATTATTATTTT	14-TATTATTATTTT	8.639514	-14.755240	0	T:70.0(4.55%),B:22.6(1.52%),P:1e-6	Tpos:39.5,Tstd:18.3,Bpos:45.7,Bstd:17.1,StrandBias:0.4,Multiplicity:1.02
0.152	0.298	0.054	0.496
0.698	0.020	0.086	0.196
0.004	0.128	0.191	0.677
0.004	0.171	0.010	0.815
0.737	0.001	0.001	0.261
0.046	0.046	0.019	0.889
0.042	0.046	0.001	0.911
0.859	0.003	0.135	0.003
0.043	0.088	0.006	0.863
0.004	0.043	0.085	0.868
0.237	0.001	0.128	0.634
0.001	0.042	0.043	0.914
>TCTCTACTGAAA	15-TCTCTACTGAAA	7.944778	-12.093675	0	T:27.0(1.76%),B:3.8(0.26%),P:1e-5	Tpos:40.7,Tstd:19.4,Bpos:30.1,Bstd:22.2,StrandBias:0.0,Multiplicity:1.00
0.165	0.146	0.130	0.559
0.198	0.455	0.147	0.201
0.128	0.115	0.078	0.679
0.148	0.558	0.125	0.169
0.126	0.126	0.053	0.695
0.557	0.150	0.129	0.164
0.180	0.570	0.123	0.127
0.169	0.077	0.065	0.689
0.167	0.123	0.558	0.152
0.599	0.148	0.110	0.143
0.569	0.142	0.133	0.156
0.515	0.142	0.172	0.171
