>CCCAGCAMWT	1-CCCAGCAMWT	7.038301	-70.883890	0	T:241.0(15.68%),B:53.9(3.62%),P:1e-30	Tpos:37.8,Tstd:18.9,Bpos:37.8,Bstd:29.8,StrandBias:0.2,Multiplicity:1.12
0.063	0.623	0.086	0.228
0.080	0.902	0.001	0.017
0.251	0.747	0.001	0.001
0.919	0.017	0.052	0.012
0.097	0.001	0.740	0.162
0.085	0.690	0.127	0.098
0.512	0.126	0.028	0.334
0.511	0.368	0.069	0.052
0.269	0.258	0.063	0.410
0.138	0.149	0.115	0.598
>TCAGCCTCCC	2-TCAGCCTCCC	7.778749	-66.926866	0	T:218.0(14.18%),B:45.8(3.07%),P:1e-29	Tpos:36.9,Tstd:19.1,Bpos:38.4,Bstd:28.5,StrandBias:-0.1,Multiplicity:1.17
0.001	0.015	0.001	0.983
0.001	0.991	0.001	0.007
0.760	0.067	0.108	0.065
0.049	0.008	0.927	0.016
0.008	0.983	0.008	0.001
0.008	0.952	0.001	0.039
0.001	0.001	0.001	0.997
0.008	0.968	0.008	0.016
0.008	0.975	0.001	0.016
0.001	0.834	0.001	0.164
>AGCCACCAYG	3-AGCCACCAYG	8.749457	-52.577761	0	T:86.0(5.60%),B:2.8(0.19%),P:1e-22	Tpos:36.3,Tstd:19.5,Bpos:45.0,Bstd:4.0,StrandBias:-0.1,Multiplicity:1.00
0.436	0.244	0.115	0.206
0.314	0.001	0.571	0.114
0.059	0.826	0.001	0.114
0.001	0.942	0.001	0.056
0.997	0.001	0.001	0.001
0.001	0.764	0.001	0.234
0.001	0.997	0.001	0.001
0.740	0.001	0.145	0.114
0.127	0.475	0.001	0.397
0.113	0.074	0.812	0.001
>ATCTCCTGCC	4-ATCTCCTGCC	8.344425	-52.054067	0	T:112.0(7.29%),B:10.5(0.70%),P:1e-22	Tpos:35.5,Tstd:15.2,Bpos:43.4,Bstd:24.8,StrandBias:-0.4,Multiplicity:1.00
0.563	0.005	0.122	0.310
0.001	0.048	0.153	0.798
0.161	0.638	0.001	0.200
0.001	0.048	0.102	0.849
0.132	0.820	0.024	0.024
0.005	0.742	0.156	0.097
0.199	0.001	0.001	0.799
0.148	0.024	0.804	0.024
0.235	0.509	0.001	0.255
0.001	0.975	0.001	0.023
>GTCTCCCAAG	5-GTCTCCCAAG	8.865920	-49.425469	0	T:102.0(6.64%),B:9.0(0.60%),P:1e-21	Tpos:37.9,Tstd:18.3,Bpos:32.3,Bstd:15.9,StrandBias:0.2,Multiplicity:1.02
0.095	0.001	0.903	0.001
0.001	0.120	0.286	0.593
0.001	0.705	0.001	0.293
0.189	0.021	0.020	0.770
0.001	0.704	0.275	0.020
0.095	0.903	0.001	0.001
0.095	0.903	0.001	0.001
0.903	0.001	0.001	0.095
0.608	0.001	0.390	0.001
0.001	0.001	0.883	0.115
>ATTACAGGCW	6-ATTACAGGCW	9.257560	-47.836390	0	T:108.0(7.03%),B:11.2(0.75%),P:1e-20	Tpos:38.7,Tstd:18.7,Bpos:35.9,Bstd:25.8,StrandBias:-0.1,Multiplicity:1.00
0.997	0.001	0.001	0.001
0.001	0.183	0.161	0.655
0.001	0.001	0.241	0.757
0.997	0.001	0.001	0.001
0.102	0.576	0.001	0.321
0.977	0.001	0.001	0.021
0.081	0.001	0.598	0.320
0.001	0.001	0.997	0.001
0.204	0.794	0.001	0.001
0.430	0.001	0.263	0.306
>TATTTATTTT	7-TATTTATTTT	7.006251	-45.700020	0	T:296.0(19.26%),B:117.1(7.86%),P:1e-19	Tpos:37.9,Tstd:19.1,Bpos:37.4,Bstd:18.0,StrandBias:0.2,Multiplicity:1.23
0.259	0.098	0.106	0.537
0.589	0.001	0.001	0.409
0.310	0.013	0.001	0.676
0.044	0.001	0.107	0.848
0.041	0.039	0.001	0.919
0.842	0.156	0.001	0.001
0.099	0.106	0.001	0.794
0.075	0.120	0.001	0.804
0.176	0.001	0.062	0.761
0.279	0.013	0.100	0.608
>GTTGCAGTGA	8-GTTGCAGTGA	7.506289	-39.659106	0	T:135.0(8.78%),B:29.7(1.99%),P:1e-17	Tpos:39.6,Tstd:21.0,Bpos:38.0,Bstd:20.4,StrandBias:0.4,Multiplicity:1.18
0.124	0.061	0.736	0.079
0.001	0.112	0.057	0.830
0.020	0.001	0.231	0.748
0.102	0.259	0.562	0.077
0.338	0.601	0.060	0.001
0.980	0.001	0.001	0.018
0.062	0.019	0.918	0.001
0.099	0.174	0.060	0.667
0.154	0.233	0.612	0.001
0.806	0.155	0.001	0.038
>TYYCATCTCW	9-TYYCATCTCW	8.754244	-36.747391	0	T:104.0(6.77%),B:17.7(1.19%),P:1e-15	Tpos:32.9,Tstd:19.4,Bpos:38.4,Bstd:21.5,StrandBias:-0.4,Multiplicity:1.05
0.001	0.247	0.095	0.657
0.158	0.433	0.032	0.377
0.001	0.503	0.001	0.495
0.001	0.997	0.001	0.001
0.997	0.001	0.001	0.001
0.001	0.001	0.001	0.997
0.001	0.997	0.001	0.001
0.001	0.285	0.001	0.713
0.001	0.616	0.001	0.382
0.399	0.229	0.001	0.371
>TGTTTTCTTT	10-TGTTTTCTTT	8.049966	-36.190266	0	T:103.0(6.70%),B:17.8(1.20%),P:1e-15	Tpos:33.5,Tstd:20.4,Bpos:35.4,Bstd:14.4,StrandBias:0.1,Multiplicity:1.05
0.020	0.001	0.020	0.959
0.202	0.108	0.689	0.001
0.081	0.243	0.122	0.554
0.002	0.022	0.228	0.748
0.040	0.020	0.101	0.839
0.060	0.001	0.002	0.937
0.040	0.849	0.110	0.001
0.101	0.083	0.020	0.796
0.101	0.001	0.042	0.856
0.040	0.142	0.002	0.816
>CATGGTGATA	11-CATGGTGATA	8.213526	-29.679267	0	T:48.0(3.12%),B:1.1(0.07%),P:1e-12	Tpos:36.9,Tstd:20.8,Bpos:51.1,Bstd:9.8,StrandBias:0.3,Multiplicity:1.02
0.073	0.770	0.121	0.036
0.805	0.049	0.085	0.061
0.049	0.134	0.049	0.768
0.109	0.012	0.806	0.073
0.097	0.061	0.769	0.073
0.085	0.001	0.060	0.854
0.012	0.073	0.866	0.049
0.842	0.049	0.073	0.036
0.216	0.040	0.097	0.647
0.891	0.024	0.073	0.012
>YCCTTCCCWS	12-YCCTTCCCWS	6.487800	-29.297949	0	T:61.0(3.97%),B:5.2(0.35%),P:1e-12	Tpos:35.1,Tstd:18.8,Bpos:35.4,Bstd:21.1,StrandBias:-1.0,Multiplicity:1.07
0.121	0.436	0.109	0.334
0.180	0.586	0.020	0.214
0.152	0.530	0.023	0.295
0.208	0.203	0.054	0.535
0.080	0.206	0.117	0.597
0.009	0.765	0.103	0.123
0.050	0.702	0.001	0.247
0.087	0.662	0.001	0.250
0.334	0.210	0.056	0.400
0.191	0.378	0.247	0.184
>TGGGGAAGGT	13-TGGGGAAGGT	7.515439	-27.063491	0	T:84.0(5.47%),B:17.0(1.14%),P:1e-11	Tpos:33.3,Tstd:20.5,Bpos:31.7,Bstd:26.7,StrandBias:0.2,Multiplicity:1.09
0.084	0.017	0.116	0.783
0.050	0.017	0.916	0.017
0.066	0.001	0.915	0.018
0.068	0.001	0.863	0.068
0.050	0.066	0.851	0.033
0.835	0.115	0.049	0.001
0.700	0.083	0.033	0.184
0.117	0.050	0.750	0.083
0.099	0.116	0.747	0.038
0.099	0.136	0.099	0.666
>ATATTTAATA	14-ATATTTAATA	6.444139	-26.810874	0	T:222.0(14.44%),B:100.2(6.72%),P:1e-11	Tpos:38.4,Tstd:19.6,Bpos:32.7,Bstd:18.1,StrandBias:0.1,Multiplicity:1.15
0.917	0.045	0.001	0.037
0.001	0.175	0.152	0.672
0.878	0.092	0.015	0.015
0.015	0.228	0.084	0.673
0.068	0.351	0.023	0.558
0.098	0.023	0.008	0.871
0.608	0.191	0.038	0.163
0.514	0.304	0.129	0.053
0.400	0.007	0.001	0.592
0.507	0.197	0.273	0.023
>GACTCTGTCT	15-GACTCTGTCT	8.360828	-25.655164	0	T:42.0(2.73%),B:1.5(0.10%),P:1e-11	Tpos:42.0,Tstd:19.3,Bpos:50.5,Bstd:11.8,StrandBias:-0.9,Multiplicity:1.00
0.001	0.182	0.816	0.001
0.816	0.001	0.001	0.182
0.001	0.997	0.001	0.001
0.001	0.001	0.001	0.997
0.001	0.793	0.194	0.012
0.243	0.035	0.001	0.721
0.001	0.001	0.816	0.182
0.001	0.001	0.001	0.997
0.001	0.878	0.120	0.001
0.001	0.001	0.001	0.997
>TCTCCTTTGT	16-TCTCCTTTGT	8.967924	-24.602761	0	T:36.0(2.34%),B:0.5(0.03%),P:1e-10	Tpos:36.8,Tstd:17.4,Bpos:38.0,Bstd:0.0,StrandBias:-0.7,Multiplicity:1.03
0.040	0.040	0.001	0.919
0.040	0.840	0.040	0.080
0.001	0.001	0.001	0.997
0.040	0.919	0.001	0.040
0.001	0.997	0.001	0.001
0.001	0.001	0.001	0.997
0.040	0.080	0.040	0.840
0.040	0.001	0.120	0.839
0.080	0.120	0.799	0.001
0.040	0.040	0.040	0.880
>NCACAGTCCH	17-NCACAGTCCH	5.227139	-21.627864	0	T:56.0(3.64%),B:8.3(0.56%),P:1e-9	Tpos:36.4,Tstd:18.8,Bpos:30.6,Bstd:13.1,StrandBias:-0.4,Multiplicity:1.00
0.244	0.247	0.204	0.305
0.143	0.548	0.140	0.169
0.562	0.168	0.107	0.163
0.173	0.538	0.144	0.145
0.640	0.107	0.083	0.170
0.161	0.141	0.510	0.188
0.154	0.156	0.145	0.545
0.151	0.532	0.156	0.161
0.195	0.493	0.113	0.199
0.241	0.329	0.151	0.278
>ATCACGCCAC	18-ATCACGCCAC	7.571594	-21.425475	0	T:58.0(3.77%),B:9.9(0.67%),P:1e-9	Tpos:42.4,Tstd:18.4,Bpos:28.7,Bstd:17.3,StrandBias:0.4,Multiplicity:1.00
0.744	0.043	0.170	0.043
0.085	0.048	0.043	0.824
0.047	0.951	0.001	0.001
0.639	0.171	0.100	0.090
0.085	0.869	0.001	0.045
0.117	0.276	0.437	0.170
0.005	0.815	0.085	0.095
0.001	0.951	0.001	0.047
0.914	0.001	0.001	0.084
0.042	0.822	0.001	0.135
>CCCGGCTGAT	19-CCCGGCTGAT	8.195822	-20.338542	0	T:34.0(2.21%),B:1.4(0.10%),P:1e-8	Tpos:36.7,Tstd:20.3,Bpos:24.0,Bstd:16.2,StrandBias:-0.6,Multiplicity:1.06
0.059	0.910	0.030	0.001
0.001	0.907	0.001	0.091
0.120	0.670	0.090	0.120
0.090	0.090	0.790	0.030
0.059	0.001	0.910	0.030
0.090	0.850	0.030	0.030
0.059	0.059	0.001	0.881
0.121	0.149	0.698	0.032
0.816	0.092	0.060	0.032
0.179	0.090	0.120	0.611
>TACCATTTGC	20-TACCATTTGC	6.933870	-18.718956	0	T:38.0(2.47%),B:3.9(0.26%),P:1e-8	Tpos:32.7,Tstd:17.0,Bpos:23.1,Bstd:8.3,StrandBias:0.3,Multiplicity:1.00
0.174	0.062	0.075	0.689
0.510	0.133	0.201	0.156
0.258	0.423	0.134	0.185
0.214	0.670	0.001	0.115
0.825	0.099	0.001	0.075
0.104	0.118	0.062	0.716
0.070	0.140	0.080	0.710
0.141	0.046	0.086	0.727
0.089	0.208	0.457	0.247
0.209	0.505	0.056	0.230
>GCGGATCACG	21-GCGGATCACG	6.696445	-18.440629	0	T:43.0(2.80%),B:5.7(0.38%),P:1e-8	Tpos:37.9,Tstd:19.8,Bpos:40.5,Bstd:9.1,StrandBias:0.6,Multiplicity:1.00
0.139	0.104	0.651	0.106
0.199	0.424	0.200	0.177
0.213	0.077	0.550	0.160
0.120	0.107	0.654	0.119
0.634	0.130	0.136	0.100
0.122	0.115	0.124	0.639
0.089	0.692	0.143	0.076
0.715	0.096	0.058	0.131
0.151	0.517	0.155	0.177
0.173	0.121	0.525	0.181
>CCAGGVAGGC	22-CCAGGVAGGC	7.207178	-17.037298	0	T:38.0(2.47%),B:4.1(0.27%),P:1e-7	Tpos:41.0,Tstd:18.8,Bpos:6.0,Bstd:0.0,StrandBias:0.2,Multiplicity:1.03
0.052	0.577	0.253	0.118
0.104	0.632	0.224	0.040
0.620	0.054	0.273	0.053
0.027	0.040	0.881	0.052
0.026	0.238	0.709	0.027
0.286	0.363	0.325	0.026
0.540	0.157	0.184	0.119
0.053	0.065	0.830	0.052
0.026	0.356	0.592	0.026
0.040	0.541	0.079	0.340
>CAAGTCATCT	23-CAAGTCATCT	8.962273	-15.669637	0	T:23.0(1.50%),B:0.0(0.00%),P:1e-6	Tpos:30.5,Tstd:18.5,Bpos:0.0,Bstd:0.0,StrandBias:0.3,Multiplicity:1.00
0.066	0.867	0.066	0.001
0.997	0.001	0.001	0.001
0.733	0.001	0.066	0.200
0.001	0.001	0.997	0.001
0.066	0.001	0.066	0.867
0.066	0.867	0.001	0.066
0.932	0.001	0.001	0.066
0.001	0.066	0.001	0.932
0.066	0.932	0.001	0.001
0.001	0.066	0.001	0.932
>CATTTGGGAA	24-CATTTGGGAA	9.230139	-14.444463	0	T:25.0(1.63%),B:1.0(0.07%),P:1e-6	Tpos:36.9,Tstd:19.8,Bpos:33.0,Bstd:0.0,StrandBias:0.3,Multiplicity:1.09
0.001	0.993	0.001	0.005
0.695	0.303	0.001	0.001
0.001	0.001	0.039	0.959
0.001	0.093	0.354	0.552
0.001	0.179	0.001	0.819
0.001	0.001	0.997	0.001
0.261	0.001	0.696	0.042
0.001	0.001	0.997	0.001
0.602	0.001	0.130	0.267
0.729	0.007	0.176	0.088
>TATGTCTCAT	25-TATGTCTCAT	8.860252	-12.681307	0	T:28.0(1.82%),B:3.3(0.22%),P:1e-5	Tpos:35.1,Tstd:18.3,Bpos:37.1,Bstd:30.7,StrandBias:-1.0,Multiplicity:1.00
0.026	0.001	0.026	0.947
0.712	0.286	0.001	0.001
0.134	0.001	0.134	0.731
0.001	0.001	0.920	0.078
0.001	0.159	0.001	0.839
0.001	0.865	0.001	0.133
0.133	0.001	0.001	0.865
0.001	0.997	0.001	0.001
0.997	0.001	0.001	0.001
0.001	0.133	0.001	0.865
