>ATWTATTTATWT	5-ATWTATTTATWT	10.050793	-8.166517	0	T:43.0(3.19%),B:17.5(1.25%),P:1e-3
0.853	0.049	0.049	0.049
0.049	0.049	0.001	0.901
0.401	0.049	0.057	0.493
0.049	0.049	0.001	0.901
0.804	0.049	0.049	0.098
0.001	0.048	0.001	0.950
0.153	0.001	0.001	0.845
0.001	0.001	0.048	0.950
0.835	0.001	0.049	0.115
0.049	0.049	0.001	0.901
0.448	0.001	0.001	0.550
0.001	0.001	0.048	0.950
