>AGAGAGAGAGAG	6-AGAGAGAGAGAG	11.036186	-5.285692	0	T:14.0(1.04%),B:3.5(0.25%),P:1e-2
0.803	0.001	0.117	0.079
0.303	0.078	0.553	0.066
0.870	0.013	0.078	0.039
0.303	0.065	0.619	0.013
0.972	0.001	0.026	0.001
0.244	0.092	0.612	0.052
0.908	0.001	0.039	0.052
0.251	0.053	0.657	0.039
0.947	0.001	0.026	0.026
0.284	0.028	0.686	0.002
0.921	0.001	0.065	0.013
0.265	0.014	0.694	0.027
