>CCTCAGCCTCCC	1-GGGAGGCTGAGG	7.108823	-20.678341	0	T:132.0(9.79%),B:56.4(4.03%),P:1e-8
0.101	0.704	0.076	0.119
0.025	0.873	0.017	0.085
0.059	0.144	0.025	0.772
0.034	0.743	0.153	0.070
0.716	0.171	0.036	0.077
0.086	0.101	0.652	0.161
0.118	0.729	0.085	0.068
0.085	0.720	0.017	0.178
0.025	0.102	0.042	0.831
0.042	0.755	0.059	0.144
0.051	0.829	0.035	0.085
0.119	0.691	0.043	0.147
