>ACAGTGGCTCAC	6-GTGAGCCACTGT	7.412337	-28.657531	0	T:69.0(5.12%),B:9.6(0.71%),P:1e-12
0.540	0.116	0.233	0.111
0.001	0.840	0.073	0.086
0.756	0.150	0.058	0.036
0.305	0.039	0.620	0.036
0.225	0.073	0.114	0.588
0.040	0.001	0.923	0.036
0.073	0.006	0.719	0.202
0.001	0.696	0.113	0.190
0.145	0.001	0.001	0.853
0.001	0.781	0.036	0.182
0.819	0.036	0.036	0.109
0.075	0.799	0.116	0.010
