>CCTCDGCCTCCC	1-CCTCDGCCTCCC,BestGuess:ZNF263/MA0528.1/Jaspar(0.622)	8.897000	-57.999705	0	T:194.0(14.39%),B:44.9(3.33%),P:1e-25
0.026	0.728	0.052	0.194
0.047	0.714	0.001	0.238
0.048	0.215	0.001	0.736
0.026	0.686	0.096	0.192
0.271	0.175	0.220	0.335
0.146	0.075	0.684	0.095
0.001	0.851	0.001	0.147
0.120	0.755	0.024	0.101
0.119	0.001	0.001	0.879
0.001	0.620	0.165	0.214
0.025	0.951	0.001	0.023
0.049	0.709	0.001	0.241
