>GAGTAGCTGGGA	5-GAGTAGCTGGGA	8.286455	-32.516642	0	T:96.0(7.12%),B:18.9(1.40%),P:1e-14
0.175	0.087	0.704	0.034
0.746	0.050	0.101	0.103
0.089	0.151	0.641	0.119
0.204	0.069	0.103	0.624
0.760	0.067	0.121	0.052
0.119	0.118	0.679	0.084
0.067	0.799	0.050	0.084
0.103	0.002	0.018	0.877
0.050	0.017	0.916	0.017
0.071	0.017	0.828	0.084
0.103	0.050	0.813	0.034
0.644	0.050	0.155	0.151
