>GGGAGGCHGAGG	1-CCTCDGCCTCCC	8.897000	-57.999705	0	T:194.0(14.39%),B:44.9(3.33%),P:1e-25
0.241	0.001	0.709	0.049
0.023	0.001	0.951	0.025
0.214	0.165	0.620	0.001
0.879	0.001	0.001	0.119
0.101	0.024	0.755	0.120
0.147	0.001	0.851	0.001
0.095	0.684	0.075	0.146
0.335	0.220	0.175	0.271
0.192	0.096	0.686	0.026
0.736	0.001	0.215	0.048
0.238	0.001	0.714	0.047
0.194	0.052	0.728	0.026
