>BWBCCCAGSC	1-BWBCCCAGSC	6.302181	-75.504054	0	T:319.0(32.95%),B:94.8(10.45%),P:1e-32	Tpos:36.8,Tstd:19.2,Bpos:40.6,Bstd:21.7,StrandBias:0.2,Multiplicity:1.20
0.190	0.352	0.219	0.239
0.375	0.153	0.071	0.402
0.148	0.246	0.264	0.342
0.001	0.729	0.001	0.269
0.005	0.852	0.001	0.142
0.001	0.912	0.001	0.086
0.997	0.001	0.001	0.001
0.026	0.096	0.659	0.219
0.001	0.475	0.392	0.133
0.255	0.480	0.001	0.265
>CTTGGGAGGC	2-CTTGGGAGGC	6.722200	-45.778149	0	T:224.0(23.14%),B:71.5(7.88%),P:1e-19	Tpos:37.0,Tstd:19.4,Bpos:36.0,Bstd:21.7,StrandBias:0.4,Multiplicity:1.11
0.052	0.652	0.115	0.181
0.090	0.277	0.013	0.620
0.232	0.121	0.181	0.467
0.104	0.001	0.882	0.013
0.077	0.001	0.845	0.077
0.179	0.038	0.782	0.001
0.858	0.026	0.025	0.091
0.230	0.026	0.705	0.039
0.271	0.013	0.664	0.052
0.182	0.482	0.167	0.169
>AAGCAATTCT	3-AAGCAATTCT	9.778629	-45.273189	0	T:72.0(7.44%),B:1.0(0.11%),P:1e-19	Tpos:36.4,Tstd:15.8,Bpos:29.3,Bstd:3.8,StrandBias:-0.5,Multiplicity:1.00
0.997	0.001	0.001	0.001
0.997	0.001	0.001	0.001
0.081	0.001	0.917	0.001
0.162	0.636	0.001	0.201
0.578	0.243	0.178	0.001
0.917	0.001	0.001	0.081
0.001	0.001	0.001	0.997
0.001	0.079	0.001	0.919
0.001	0.679	0.319	0.001
0.001	0.001	0.001	0.997
>TAGCTGGGAG	4-TAGCTGGGAG	7.360517	-42.419237	0	T:103.0(10.64%),B:12.7(1.41%),P:1e-18	Tpos:32.4,Tstd:22.6,Bpos:38.5,Bstd:5.3,StrandBias:-0.2,Multiplicity:1.02
0.084	0.064	0.042	0.810
0.811	0.042	0.084	0.063
0.086	0.084	0.809	0.021
0.084	0.748	0.063	0.105
0.084	0.063	0.021	0.832
0.084	0.021	0.853	0.042
0.064	0.021	0.789	0.126
0.126	0.063	0.790	0.021
0.841	0.025	0.022	0.112
0.021	0.076	0.754	0.149
>CCMAGGMTGG	5-CCMAGGMTGG	7.425343	-33.613704	0	T:138.0(14.26%),B:36.4(4.02%),P:1e-14	Tpos:33.7,Tstd:18.6,Bpos:41.8,Bstd:22.4,StrandBias:-0.4,Multiplicity:1.03
0.001	0.594	0.196	0.209
0.213	0.727	0.001	0.059
0.469	0.441	0.001	0.089
0.779	0.001	0.064	0.156
0.001	0.001	0.997	0.001
0.276	0.179	0.544	0.001
0.378	0.467	0.060	0.094
0.248	0.001	0.001	0.750
0.059	0.001	0.939	0.001
0.001	0.001	0.997	0.001
>TATTTWWWTT	6-TATTTWWWTT	6.000990	-31.253893	0	T:241.0(24.90%),B:104.5(11.53%),P:1e-13	Tpos:39.0,Tstd:19.1,Bpos:36.3,Bstd:18.0,StrandBias:-0.3,Multiplicity:1.28
0.001	0.230	0.001	0.768
0.997	0.001	0.001	0.001
0.001	0.001	0.001	0.997
0.001	0.001	0.001	0.997
0.001	0.001	0.001	0.997
0.306	0.099	0.179	0.416
0.387	0.226	0.001	0.386
0.515	0.001	0.098	0.386
0.205	0.001	0.303	0.491
0.172	0.001	0.001	0.826
>GAGGTTGCAG	7-GAGGTTGCAG	9.614229	-26.112648	0	T:65.0(6.71%),B:8.6(0.95%),P:1e-11	Tpos:38.5,Tstd:21.8,Bpos:38.6,Bstd:37.9,StrandBias:1.0,Multiplicity:1.02
0.001	0.022	0.955	0.022
0.976	0.001	0.001	0.022
0.022	0.001	0.976	0.001
0.001	0.001	0.931	0.067
0.022	0.091	0.001	0.886
0.022	0.001	0.001	0.976
0.023	0.023	0.931	0.023
0.001	0.997	0.001	0.001
0.955	0.022	0.022	0.001
0.001	0.022	0.976	0.001
>GAGATGGWGC	8-GAGATGGWGC	7.327396	-25.566742	0	T:69.0(7.13%),B:10.4(1.15%),P:1e-11	Tpos:39.0,Tstd:19.5,Bpos:32.7,Bstd:25.7,StrandBias:0.4,Multiplicity:1.16
0.133	0.044	0.817	0.006
0.885	0.006	0.014	0.095
0.001	0.044	0.954	0.001
0.954	0.001	0.044	0.001
0.092	0.327	0.001	0.580
0.062	0.222	0.666	0.050
0.044	0.044	0.906	0.006
0.365	0.001	0.139	0.495
0.044	0.001	0.911	0.044
0.013	0.535	0.091	0.361
>WCTTCCTCAA	9-WCTTCCTCAA	7.420447	-23.146225	0	T:84.0(8.68%),B:19.4(2.14%),P:1e-10	Tpos:36.4,Tstd:20.9,Bpos:44.3,Bstd:20.7,StrandBias:0.4,Multiplicity:1.03
0.383	0.223	0.065	0.329
0.001	0.758	0.001	0.240
0.043	0.043	0.001	0.913
0.001	0.132	0.021	0.846
0.001	0.913	0.001	0.085
0.087	0.561	0.001	0.351
0.088	0.135	0.001	0.776
0.001	0.934	0.064	0.001
0.601	0.201	0.022	0.176
0.509	0.286	0.001	0.204
>AAATATTTWA	10-AAATATTTWA	7.616439	-22.450134	0	T:96.0(9.92%),B:26.2(2.89%),P:1e-9	Tpos:35.0,Tstd:21.0,Bpos:36.3,Bstd:14.9,StrandBias:0.1,Multiplicity:1.04
0.577	0.056	0.256	0.111
0.836	0.001	0.001	0.162
0.828	0.001	0.064	0.107
0.001	0.001	0.001	0.997
0.997	0.001	0.001	0.001
0.004	0.001	0.051	0.944
0.013	0.164	0.001	0.822
0.213	0.001	0.051	0.735
0.375	0.056	0.191	0.378
0.521	0.318	0.001	0.160
>RCTGAGAWYA	11-RCTGAGAWYA	9.039813	-19.869639	0	T:34.0(3.51%),B:1.9(0.21%),P:1e-8	Tpos:34.1,Tstd:17.2,Bpos:18.7,Bstd:7.7,StrandBias:0.9,Multiplicity:1.00
0.487	0.001	0.511	0.001
0.001	0.997	0.001	0.001
0.001	0.354	0.001	0.644
0.307	0.001	0.691	0.001
0.997	0.001	0.001	0.001
0.001	0.004	0.994	0.001
0.997	0.001	0.001	0.001
0.444	0.001	0.001	0.554
0.220	0.360	0.001	0.418
0.814	0.001	0.005	0.180
>AGCAAAGAAG	12-AGCAAAGAAG	7.550638	-17.051838	0	T:51.0(5.27%),B:9.4(1.03%),P:1e-7	Tpos:33.5,Tstd:17.7,Bpos:46.9,Bstd:15.0,StrandBias:0.6,Multiplicity:1.07
0.770	0.001	0.196	0.033
0.178	0.001	0.716	0.105
0.034	0.712	0.135	0.119
0.770	0.196	0.001	0.033
0.763	0.072	0.164	0.001
0.836	0.001	0.065	0.098
0.001	0.006	0.992	0.001
0.803	0.098	0.098	0.001
0.769	0.001	0.065	0.165
0.047	0.033	0.919	0.001
>CTTCCCTTGT	13-CTTCCCTTGT	8.636437	-12.884011	0	T:29.0(3.00%),B:3.1(0.34%),P:1e-5	Tpos:34.6,Tstd:21.2,Bpos:45.1,Bstd:16.7,StrandBias:0.1,Multiplicity:1.04
0.001	0.839	0.001	0.159
0.197	0.001	0.001	0.801
0.197	0.001	0.102	0.700
0.001	0.801	0.001	0.197
0.001	0.930	0.001	0.068
0.001	0.988	0.001	0.010
0.001	0.001	0.001	0.997
0.001	0.001	0.001	0.997
0.001	0.110	0.589	0.300
0.421	0.001	0.001	0.577
>GAACCAAGGA	14-GAACCAAGGA	7.725564	-11.730368	0	T:27.0(2.79%),B:3.4(0.38%),P:1e-5	Tpos:42.0,Tstd:19.1,Bpos:38.1,Bstd:12.0,StrandBias:1.8,Multiplicity:1.00
0.214	0.103	0.584	0.099
0.752	0.052	0.094	0.102
0.726	0.094	0.103	0.077
0.150	0.619	0.120	0.111
0.150	0.700	0.077	0.073
0.738	0.125	0.051	0.086
0.709	0.060	0.103	0.128
0.162	0.013	0.752	0.073
0.158	0.116	0.674	0.052
0.751	0.055	0.112	0.082
>CCGYGCCTGK	15-CCGYGCCTGK	7.537983	-9.736907	0	T:70.0(7.23%),B:29.1(3.21%),P:1e-4	Tpos:34.5,Tstd:16.1,Bpos:44.1,Bstd:30.4,StrandBias:0.4,Multiplicity:1.19
0.220	0.480	0.001	0.299
0.001	0.735	0.039	0.225
0.263	0.001	0.550	0.186
0.116	0.391	0.073	0.420
0.053	0.222	0.724	0.001
0.001	0.997	0.001	0.001
0.001	0.997	0.001	0.001
0.001	0.293	0.001	0.705
0.072	0.001	0.926	0.001
0.001	0.001	0.485	0.513
