>GGCTGGGA	1-GGCTGGGA	5.326369	-69.579116	0	T:360.0(37.19%),B:128.8(14.20%),P:1e-30	Tpos:37.9,Tstd:20.6,Bpos:33.2,Bstd:24.7,StrandBias:-0.2,Multiplicity:1.12
0.155	0.039	0.607	0.199
0.130	0.047	0.768	0.055
0.142	0.665	0.086	0.107
0.016	0.126	0.031	0.827
0.064	0.008	0.867	0.061
0.111	0.031	0.798	0.060
0.031	0.071	0.801	0.097
0.679	0.150	0.067	0.104
>TGGGACGC	2-TGGGACGC	6.136485	-55.891320	0	T:256.0(26.45%),B:78.9(8.70%),P:1e-24	Tpos:38.4,Tstd:21.2,Bpos:31.3,Bstd:23.0,StrandBias:0.1,Multiplicity:1.06
0.188	0.001	0.004	0.807
0.001	0.001	0.997	0.001
0.160	0.001	0.838	0.001
0.001	0.162	0.836	0.001
0.973	0.001	0.001	0.025
0.161	0.597	0.189	0.053
0.330	0.027	0.508	0.135
0.252	0.469	0.145	0.134
>AGSCYGGG	3-AGSCYGGG	5.984841	-55.755344	0	T:338.0(34.92%),B:132.5(14.61%),P:1e-24	Tpos:35.7,Tstd:19.6,Bpos:37.1,Bstd:25.7,StrandBias:0.1,Multiplicity:1.65
0.632	0.007	0.035	0.326
0.227	0.001	0.717	0.055
0.001	0.438	0.560	0.001
0.045	0.895	0.001	0.059
0.001	0.435	0.001	0.563
0.415	0.001	0.583	0.001
0.181	0.001	0.817	0.001
0.193	0.001	0.805	0.001
>CGTCTCGA	4-CGTCTCGA	5.203435	-42.166227	0	T:153.0(15.81%),B:35.0(3.86%),P:1e-18	Tpos:38.8,Tstd:20.8,Bpos:35.3,Bstd:20.1,StrandBias:-0.8,Multiplicity:1.10
0.109	0.742	0.028	0.121
0.286	0.048	0.510	0.156
0.024	0.073	0.025	0.878
0.024	0.915	0.060	0.001
0.048	0.036	0.001	0.915
0.060	0.787	0.036	0.117
0.109	0.157	0.570	0.164
0.700	0.048	0.108	0.144
>TATTTTMT	5-TATTTTMT	6.148051	-40.645356	0	T:326.0(33.68%),B:148.8(16.41%),P:1e-17	Tpos:37.3,Tstd:19.8,Bpos:36.9,Bstd:19.5,StrandBias:-0.3,Multiplicity:1.34
0.001	0.001	0.001	0.997
0.991	0.007	0.001	0.001
0.001	0.078	0.001	0.920
0.001	0.001	0.001	0.997
0.001	0.001	0.001	0.997
0.186	0.150	0.171	0.492
0.345	0.367	0.080	0.209
0.252	0.065	0.201	0.482
>CTTCAACC	6-CTTCAACC	5.710140	-40.202043	0	T:228.0(23.55%),B:81.4(8.97%),P:1e-17	Tpos:36.7,Tstd:19.7,Bpos:34.0,Bstd:23.4,StrandBias:-0.0,Multiplicity:1.12
0.001	0.600	0.120	0.279
0.001	0.111	0.014	0.874
0.001	0.001	0.146	0.852
0.001	0.586	0.412	0.001
0.863	0.001	0.014	0.122
0.630	0.056	0.137	0.177
0.226	0.492	0.239	0.043
0.080	0.716	0.001	0.203
>CAGGAGAA	7-CAGGAGAA	6.015088	-31.841714	0	T:92.0(9.50%),B:15.8(1.74%),P:1e-13	Tpos:37.2,Tstd:14.3,Bpos:44.0,Bstd:28.1,StrandBias:0.5,Multiplicity:1.01
0.001	0.997	0.001	0.001
0.997	0.001	0.001	0.001
0.158	0.129	0.712	0.001
0.001	0.001	0.956	0.042
0.997	0.001	0.001	0.001
0.001	0.001	0.997	0.001
0.997	0.001	0.001	0.001
0.956	0.042	0.001	0.001
>TCTTGGCT	8-TCTTGGCT	6.568013	-21.782197	0	T:124.0(12.81%),B:43.4(4.79%),P:1e-9	Tpos:40.3,Tstd:19.7,Bpos:35.6,Bstd:25.7,StrandBias:-0.2,Multiplicity:1.00
0.001	0.036	0.001	0.962
0.001	0.880	0.118	0.001
0.223	0.186	0.195	0.396
0.001	0.348	0.001	0.650
0.111	0.001	0.887	0.001
0.001	0.001	0.962	0.036
0.001	0.997	0.001	0.001
0.001	0.001	0.001	0.997
>GGTTACTT	9-GGTTACTT	6.370434	-17.100914	0	T:84.0(8.68%),B:26.1(2.88%),P:1e-7	Tpos:37.4,Tstd:20.9,Bpos:23.3,Bstd:18.3,StrandBias:0.0,Multiplicity:1.03
0.149	0.001	0.777	0.073
0.144	0.001	0.711	0.144
0.144	0.001	0.001	0.854
0.001	0.001	0.001	0.997
0.904	0.001	0.070	0.025
0.001	0.880	0.118	0.001
0.118	0.001	0.001	0.880
0.001	0.001	0.001	0.997
>GCCTGTAA	10-GCCTGTAA	7.575805	-16.604364	0	T:88.0(9.09%),B:29.5(3.26%),P:1e-7	Tpos:37.9,Tstd:17.8,Bpos:42.2,Bstd:26.1,StrandBias:0.7,Multiplicity:1.01
0.228	0.001	0.770	0.001
0.001	0.777	0.221	0.001
0.076	0.627	0.296	0.001
0.001	0.148	0.001	0.850
0.001	0.001	0.997	0.001
0.001	0.001	0.001	0.997
0.997	0.001	0.001	0.001
0.777	0.221	0.001	0.001
