>BWBCCCAGSC	1-BWBCCCAGSC	6.302181	-75.504054	0	T:319.0(32.95%),B:94.8(10.45%),P:1e-32	Tpos:36.8,Tstd:19.2,Bpos:40.6,Bstd:21.7,StrandBias:0.2,Multiplicity:1.20
0.190	0.352	0.219	0.239
0.375	0.153	0.071	0.402
0.148	0.246	0.264	0.342
0.001	0.729	0.001	0.269
0.005	0.852	0.001	0.142
0.001	0.912	0.001	0.086
0.997	0.001	0.001	0.001
0.026	0.096	0.659	0.219
0.001	0.475	0.392	0.133
0.255	0.480	0.001	0.265
>CTTGGGAGGC	2-CTTGGGAGGC	6.722200	-45.778149	0	T:224.0(23.14%),B:71.5(7.88%),P:1e-19	Tpos:37.0,Tstd:19.4,Bpos:36.0,Bstd:21.7,StrandBias:0.4,Multiplicity:1.11
0.052	0.652	0.115	0.181
0.090	0.277	0.013	0.620
0.232	0.121	0.181	0.467
0.104	0.001	0.882	0.013
0.077	0.001	0.845	0.077
0.179	0.038	0.782	0.001
0.858	0.026	0.025	0.091
0.230	0.026	0.705	0.039
0.271	0.013	0.664	0.052
0.182	0.482	0.167	0.169
>AAGCAATTCT	3-AAGCAATTCT	9.778629	-45.273189	0	T:72.0(7.44%),B:1.0(0.11%),P:1e-19	Tpos:36.4,Tstd:15.8,Bpos:29.3,Bstd:3.8,StrandBias:-0.5,Multiplicity:1.00
0.997	0.001	0.001	0.001
0.997	0.001	0.001	0.001
0.081	0.001	0.917	0.001
0.162	0.636	0.001	0.201
0.578	0.243	0.178	0.001
0.917	0.001	0.001	0.081
0.001	0.001	0.001	0.997
0.001	0.079	0.001	0.919
0.001	0.679	0.319	0.001
0.001	0.001	0.001	0.997
>TAGCTGGGAG	4-TAGCTGGGAG	7.360517	-42.419237	0	T:103.0(10.64%),B:12.7(1.41%),P:1e-18	Tpos:32.4,Tstd:22.6,Bpos:38.5,Bstd:5.3,StrandBias:-0.2,Multiplicity:1.02
0.084	0.064	0.042	0.810
0.811	0.042	0.084	0.063
0.086	0.084	0.809	0.021
0.084	0.748	0.063	0.105
0.084	0.063	0.021	0.832
0.084	0.021	0.853	0.042
0.064	0.021	0.789	0.126
0.126	0.063	0.790	0.021
0.841	0.025	0.022	0.112
0.021	0.076	0.754	0.149
>CCMAGGMTGG	5-CCMAGGMTGG	7.425343	-33.613704	0	T:138.0(14.26%),B:36.4(4.02%),P:1e-14	Tpos:33.7,Tstd:18.6,Bpos:41.8,Bstd:22.4,StrandBias:-0.4,Multiplicity:1.03
0.001	0.594	0.196	0.209
0.213	0.727	0.001	0.059
0.469	0.441	0.001	0.089
0.779	0.001	0.064	0.156
0.001	0.001	0.997	0.001
0.276	0.179	0.544	0.001
0.378	0.467	0.060	0.094
0.248	0.001	0.001	0.750
0.059	0.001	0.939	0.001
0.001	0.001	0.997	0.001
>TATTTWWWTT	6-TATTTWWWTT	6.000990	-31.253893	0	T:241.0(24.90%),B:104.5(11.53%),P:1e-13	Tpos:39.0,Tstd:19.1,Bpos:36.3,Bstd:18.0,StrandBias:-0.3,Multiplicity:1.28
0.001	0.230	0.001	0.768
0.997	0.001	0.001	0.001
0.001	0.001	0.001	0.997
0.001	0.001	0.001	0.997
0.001	0.001	0.001	0.997
0.306	0.099	0.179	0.416
0.387	0.226	0.001	0.386
0.515	0.001	0.098	0.386
0.205	0.001	0.303	0.491
0.172	0.001	0.001	0.826
>GAGGTTGCAG	7-GAGGTTGCAG	9.614229	-26.112648	0	T:65.0(6.71%),B:8.6(0.95%),P:1e-11	Tpos:38.5,Tstd:21.8,Bpos:38.6,Bstd:37.9,StrandBias:1.0,Multiplicity:1.02
0.001	0.022	0.955	0.022
0.976	0.001	0.001	0.022
0.022	0.001	0.976	0.001
0.001	0.001	0.931	0.067
0.022	0.091	0.001	0.886
0.022	0.001	0.001	0.976
0.023	0.023	0.931	0.023
0.001	0.997	0.001	0.001
0.955	0.022	0.022	0.001
0.001	0.022	0.976	0.001
>GAGATGGWGC	8-GAGATGGWGC	7.327396	-25.566742	0	T:69.0(7.13%),B:10.4(1.15%),P:1e-11	Tpos:39.0,Tstd:19.5,Bpos:32.7,Bstd:25.7,StrandBias:0.4,Multiplicity:1.16
0.133	0.044	0.817	0.006
0.885	0.006	0.014	0.095
0.001	0.044	0.954	0.001
0.954	0.001	0.044	0.001
0.092	0.327	0.001	0.580
0.062	0.222	0.666	0.050
0.044	0.044	0.906	0.006
0.365	0.001	0.139	0.495
0.044	0.001	0.911	0.044
0.013	0.535	0.091	0.361
>WCTTCCTCAA	9-WCTTCCTCAA	7.420447	-23.146225	0	T:84.0(8.68%),B:19.4(2.14%),P:1e-10	Tpos:36.4,Tstd:20.9,Bpos:44.3,Bstd:20.7,StrandBias:0.4,Multiplicity:1.03
0.383	0.223	0.065	0.329
0.001	0.758	0.001	0.240
0.043	0.043	0.001	0.913
0.001	0.132	0.021	0.846
0.001	0.913	0.001	0.085
0.087	0.561	0.001	0.351
0.088	0.135	0.001	0.776
0.001	0.934	0.064	0.001
0.601	0.201	0.022	0.176
0.509	0.286	0.001	0.204
>AAATATTTWA	10-AAATATTTWA	7.616439	-22.450134	0	T:96.0(9.92%),B:26.2(2.89%),P:1e-9	Tpos:35.0,Tstd:21.0,Bpos:36.3,Bstd:14.9,StrandBias:0.1,Multiplicity:1.04
0.577	0.056	0.256	0.111
0.836	0.001	0.001	0.162
0.828	0.001	0.064	0.107
0.001	0.001	0.001	0.997
0.997	0.001	0.001	0.001
0.004	0.001	0.051	0.944
0.013	0.164	0.001	0.822
0.213	0.001	0.051	0.735
0.375	0.056	0.191	0.378
0.521	0.318	0.001	0.160
>RCTGAGAWYA	11-RCTGAGAWYA	9.039813	-19.869639	0	T:34.0(3.51%),B:1.9(0.21%),P:1e-8	Tpos:34.1,Tstd:17.2,Bpos:18.7,Bstd:7.7,StrandBias:0.9,Multiplicity:1.00
0.487	0.001	0.511	0.001
0.001	0.997	0.001	0.001
0.001	0.354	0.001	0.644
0.307	0.001	0.691	0.001
0.997	0.001	0.001	0.001
0.001	0.004	0.994	0.001
0.997	0.001	0.001	0.001
0.444	0.001	0.001	0.554
0.220	0.360	0.001	0.418
0.814	0.001	0.005	0.180
>AGCAAAGAAG	12-AGCAAAGAAG	7.550638	-17.051838	0	T:51.0(5.27%),B:9.4(1.03%),P:1e-7	Tpos:33.5,Tstd:17.7,Bpos:46.9,Bstd:15.0,StrandBias:0.6,Multiplicity:1.07
0.770	0.001	0.196	0.033
0.178	0.001	0.716	0.105
0.034	0.712	0.135	0.119
0.770	0.196	0.001	0.033
0.763	0.072	0.164	0.001
0.836	0.001	0.065	0.098
0.001	0.006	0.992	0.001
0.803	0.098	0.098	0.001
0.769	0.001	0.065	0.165
0.047	0.033	0.919	0.001
>CTTCCCTTGT	13-CTTCCCTTGT	8.636437	-12.884011	0	T:29.0(3.00%),B:3.1(0.34%),P:1e-5	Tpos:34.6,Tstd:21.2,Bpos:45.1,Bstd:16.7,StrandBias:0.1,Multiplicity:1.04
0.001	0.839	0.001	0.159
0.197	0.001	0.001	0.801
0.197	0.001	0.102	0.700
0.001	0.801	0.001	0.197
0.001	0.930	0.001	0.068
0.001	0.988	0.001	0.010
0.001	0.001	0.001	0.997
0.001	0.001	0.001	0.997
0.001	0.110	0.589	0.300
0.421	0.001	0.001	0.577
>GAACCAAGGA	14-GAACCAAGGA	7.725564	-11.730368	0	T:27.0(2.79%),B:3.4(0.38%),P:1e-5	Tpos:42.0,Tstd:19.1,Bpos:38.1,Bstd:12.0,StrandBias:1.8,Multiplicity:1.00
0.214	0.103	0.584	0.099
0.752	0.052	0.094	0.102
0.726	0.094	0.103	0.077
0.150	0.619	0.120	0.111
0.150	0.700	0.077	0.073
0.738	0.125	0.051	0.086
0.709	0.060	0.103	0.128
0.162	0.013	0.752	0.073
0.158	0.116	0.674	0.052
0.751	0.055	0.112	0.082
>CCGYGCCTGK	15-CCGYGCCTGK	7.537983	-9.736907	0	T:70.0(7.23%),B:29.1(3.21%),P:1e-4	Tpos:34.5,Tstd:16.1,Bpos:44.1,Bstd:30.4,StrandBias:0.4,Multiplicity:1.19
0.220	0.480	0.001	0.299
0.001	0.735	0.039	0.225
0.263	0.001	0.550	0.186
0.116	0.391	0.073	0.420
0.053	0.222	0.724	0.001
0.001	0.997	0.001	0.001
0.001	0.997	0.001	0.001
0.001	0.293	0.001	0.705
0.072	0.001	0.926	0.001
0.001	0.001	0.485	0.513
>KGGGAGGCTGAG	1-KGGGAGGCTGAG	6.886616	-56.257450	0	T:260.0(26.86%),B:80.5(8.88%),P:1e-24	Tpos:39.4,Tstd:19.4,Bpos:38.7,Bstd:23.1,StrandBias:0.2,Multiplicity:1.23
0.194	0.108	0.299	0.399
0.135	0.010	0.797	0.058
0.009	0.001	0.981	0.009
0.106	0.096	0.779	0.019
0.624	0.087	0.086	0.203
0.185	0.010	0.766	0.039
0.213	0.068	0.718	0.001
0.146	0.477	0.231	0.146
0.253	0.088	0.251	0.408
0.078	0.068	0.767	0.087
0.584	0.001	0.319	0.096
0.060	0.087	0.824	0.029
>WTMWTCYCAGTW	2-WTMWTCYCAGTW	8.147195	-52.018028	0	T:134.0(13.84%),B:18.1(1.99%),P:1e-22	Tpos:36.0,Tstd:18.0,Bpos:34.0,Bstd:20.4,StrandBias:0.6,Multiplicity:1.01
0.400	0.001	0.195	0.404
0.121	0.156	0.074	0.649
0.385	0.249	0.142	0.224
0.438	0.140	0.051	0.371
0.085	0.017	0.001	0.897
0.001	0.997	0.001	0.001
0.001	0.490	0.001	0.508
0.017	0.965	0.001	0.017
0.861	0.001	0.001	0.137
0.176	0.226	0.547	0.051
0.001	0.376	0.087	0.536
0.387	0.158	0.051	0.403
>GTTCAAGYGATT	3-GTTCAAGYGATT	8.100251	-42.336774	0	T:72.0(7.44%),B:2.7(0.30%),P:1e-18	Tpos:36.3,Tstd:16.1,Bpos:37.3,Bstd:19.7,StrandBias:-0.4,Multiplicity:1.00
0.190	0.001	0.808	0.001
0.001	0.193	0.002	0.804
0.001	0.097	0.001	0.901
0.001	0.901	0.001	0.097
0.997	0.001	0.001	0.001
0.997	0.001	0.001	0.001
0.002	0.002	0.995	0.001
0.095	0.387	0.001	0.517
0.313	0.002	0.684	0.001
0.712	0.095	0.095	0.098
0.001	0.001	0.001	0.997
0.001	0.001	0.001	0.997
>AGWCCAGCCTGG	4-AGWCCAGCCTGG	7.304572	-35.973644	0	T:97.0(10.02%),B:14.6(1.61%),P:1e-15	Tpos:38.6,Tstd:17.4,Bpos:40.8,Bstd:22.3,StrandBias:0.1,Multiplicity:1.00
0.716	0.055	0.026	0.203
0.078	0.234	0.557	0.131
0.354	0.172	0.112	0.362
0.001	0.973	0.001	0.025
0.001	0.866	0.001	0.132
0.970	0.001	0.028	0.001
0.001	0.001	0.868	0.130
0.026	0.642	0.331	0.001
0.025	0.973	0.001	0.001
0.052	0.026	0.026	0.896
0.056	0.001	0.942	0.001
0.001	0.025	0.973	0.001
>TAGGGATGGGRT	5-TAGGGATGGGRT	8.090678	-31.732157	0	T:69.0(7.13%),B:6.8(0.75%),P:1e-13	Tpos:33.5,Tstd:19.9,Bpos:42.2,Bstd:16.9,StrandBias:0.4,Multiplicity:1.00
0.234	0.001	0.001	0.764
0.587	0.002	0.027	0.384
0.001	0.117	0.881	0.001
0.405	0.001	0.593	0.001
0.001	0.001	0.997	0.001
0.997	0.001	0.001	0.001
0.001	0.348	0.001	0.650
0.289	0.001	0.709	0.001
0.293	0.001	0.705	0.001
0.298	0.001	0.700	0.001
0.433	0.001	0.565	0.001
0.001	0.235	0.087	0.677
>GCTGCAGTGADC	6-GCTGCAGTGADC	10.190308	-26.891851	0	T:61.0(6.30%),B:6.6(0.73%),P:1e-11	Tpos:40.4,Tstd:22.0,Bpos:38.0,Bstd:23.3,StrandBias:1.1,Multiplicity:1.00
0.087	0.097	0.719	0.097
0.003	0.657	0.010	0.330
0.001	0.001	0.001	0.997
0.183	0.319	0.497	0.001
0.135	0.863	0.001	0.001
0.997	0.001	0.001	0.001
0.001	0.001	0.738	0.260
0.001	0.001	0.001	0.997
0.183	0.001	0.729	0.087
0.997	0.001	0.001	0.001
0.269	0.174	0.326	0.232
0.087	0.633	0.183	0.097
>WTTTTTTTATTT	7-WTTTTTTTATTT	8.571290	-24.143278	0	T:90.0(9.30%),B:21.7(2.39%),P:1e-10	Tpos:39.4,Tstd:18.7,Bpos:34.6,Bstd:14.9,StrandBias:0.2,Multiplicity:1.08
0.559	0.001	0.001	0.439
0.228	0.103	0.069	0.600
0.172	0.001	0.154	0.673
0.001	0.051	0.051	0.897
0.330	0.001	0.017	0.652
0.122	0.054	0.034	0.790
0.213	0.104	0.182	0.501
0.068	0.001	0.001	0.930
0.640	0.017	0.342	0.001
0.001	0.001	0.016	0.982
0.206	0.001	0.001	0.792
0.001	0.001	0.001	0.997
>CCACCACGCCCA	8-CCACCACGCCCA	9.917673	-22.745534	0	T:34.0(3.51%),B:0.0(0.00%),P:1e-9	Tpos:36.2,Tstd:18.8,Bpos:0.0,Bstd:0.0,StrandBias:-0.1,Multiplicity:1.00
0.078	0.757	0.068	0.097
0.087	0.796	0.020	0.097
0.691	0.135	0.053	0.121
0.101	0.691	0.097	0.111
0.135	0.686	0.082	0.097
0.578	0.194	0.107	0.121
0.155	0.447	0.136	0.263
0.112	0.232	0.506	0.150
0.140	0.613	0.131	0.116
0.125	0.792	0.034	0.049
0.087	0.796	0.053	0.064
0.655	0.131	0.098	0.116
>GGCTGGGA	1-GGCTGGGA	5.326369	-69.579116	0	T:360.0(37.19%),B:128.8(14.20%),P:1e-30	Tpos:37.9,Tstd:20.6,Bpos:33.2,Bstd:24.7,StrandBias:-0.2,Multiplicity:1.12
0.155	0.039	0.607	0.199
0.130	0.047	0.768	0.055
0.142	0.665	0.086	0.107
0.016	0.126	0.031	0.827
0.064	0.008	0.867	0.061
0.111	0.031	0.798	0.060
0.031	0.071	0.801	0.097
0.679	0.150	0.067	0.104
>TGGGACGC	2-TGGGACGC	6.136485	-55.891320	0	T:256.0(26.45%),B:78.9(8.70%),P:1e-24	Tpos:38.4,Tstd:21.2,Bpos:31.3,Bstd:23.0,StrandBias:0.1,Multiplicity:1.06
0.188	0.001	0.004	0.807
0.001	0.001	0.997	0.001
0.160	0.001	0.838	0.001
0.001	0.162	0.836	0.001
0.973	0.001	0.001	0.025
0.161	0.597	0.189	0.053
0.330	0.027	0.508	0.135
0.252	0.469	0.145	0.134
>AGSCYGGG	3-AGSCYGGG	5.984841	-55.755344	0	T:338.0(34.92%),B:132.5(14.61%),P:1e-24	Tpos:35.7,Tstd:19.6,Bpos:37.1,Bstd:25.7,StrandBias:0.1,Multiplicity:1.65
0.632	0.007	0.035	0.326
0.227	0.001	0.717	0.055
0.001	0.438	0.560	0.001
0.045	0.895	0.001	0.059
0.001	0.435	0.001	0.563
0.415	0.001	0.583	0.001
0.181	0.001	0.817	0.001
0.193	0.001	0.805	0.001
>CGTCTCGA	4-CGTCTCGA	5.203435	-42.166227	0	T:153.0(15.81%),B:35.0(3.86%),P:1e-18	Tpos:38.8,Tstd:20.8,Bpos:35.3,Bstd:20.1,StrandBias:-0.8,Multiplicity:1.10
0.109	0.742	0.028	0.121
0.286	0.048	0.510	0.156
0.024	0.073	0.025	0.878
0.024	0.915	0.060	0.001
0.048	0.036	0.001	0.915
0.060	0.787	0.036	0.117
0.109	0.157	0.570	0.164
0.700	0.048	0.108	0.144
>TATTTTMT	5-TATTTTMT	6.148051	-40.645356	0	T:326.0(33.68%),B:148.8(16.41%),P:1e-17	Tpos:37.3,Tstd:19.8,Bpos:36.9,Bstd:19.5,StrandBias:-0.3,Multiplicity:1.34
0.001	0.001	0.001	0.997
0.991	0.007	0.001	0.001
0.001	0.078	0.001	0.920
0.001	0.001	0.001	0.997
0.001	0.001	0.001	0.997
0.186	0.150	0.171	0.492
0.345	0.367	0.080	0.209
0.252	0.065	0.201	0.482
>CTTCAACC	6-CTTCAACC	5.710140	-40.202043	0	T:228.0(23.55%),B:81.4(8.97%),P:1e-17	Tpos:36.7,Tstd:19.7,Bpos:34.0,Bstd:23.4,StrandBias:-0.0,Multiplicity:1.12
0.001	0.600	0.120	0.279
0.001	0.111	0.014	0.874
0.001	0.001	0.146	0.852
0.001	0.586	0.412	0.001
0.863	0.001	0.014	0.122
0.630	0.056	0.137	0.177
0.226	0.492	0.239	0.043
0.080	0.716	0.001	0.203
>CAGGAGAA	7-CAGGAGAA	6.015088	-31.841714	0	T:92.0(9.50%),B:15.8(1.74%),P:1e-13	Tpos:37.2,Tstd:14.3,Bpos:44.0,Bstd:28.1,StrandBias:0.5,Multiplicity:1.01
0.001	0.997	0.001	0.001
0.997	0.001	0.001	0.001
0.158	0.129	0.712	0.001
0.001	0.001	0.956	0.042
0.997	0.001	0.001	0.001
0.001	0.001	0.997	0.001
0.997	0.001	0.001	0.001
0.956	0.042	0.001	0.001
>TCTTGGCT	8-TCTTGGCT	6.568013	-21.782197	0	T:124.0(12.81%),B:43.4(4.79%),P:1e-9	Tpos:40.3,Tstd:19.7,Bpos:35.6,Bstd:25.7,StrandBias:-0.2,Multiplicity:1.00
0.001	0.036	0.001	0.962
0.001	0.880	0.118	0.001
0.223	0.186	0.195	0.396
0.001	0.348	0.001	0.650
0.111	0.001	0.887	0.001
0.001	0.001	0.962	0.036
0.001	0.997	0.001	0.001
0.001	0.001	0.001	0.997
>GGTTACTT	9-GGTTACTT	6.370434	-17.100914	0	T:84.0(8.68%),B:26.1(2.88%),P:1e-7	Tpos:37.4,Tstd:20.9,Bpos:23.3,Bstd:18.3,StrandBias:0.0,Multiplicity:1.03
0.149	0.001	0.777	0.073
0.144	0.001	0.711	0.144
0.144	0.001	0.001	0.854
0.001	0.001	0.001	0.997
0.904	0.001	0.070	0.025
0.001	0.880	0.118	0.001
0.118	0.001	0.001	0.880
0.001	0.001	0.001	0.997
>GCCTGTAA	10-GCCTGTAA	7.575805	-16.604364	0	T:88.0(9.09%),B:29.5(3.26%),P:1e-7	Tpos:37.9,Tstd:17.8,Bpos:42.2,Bstd:26.1,StrandBias:0.7,Multiplicity:1.01
0.228	0.001	0.770	0.001
0.001	0.777	0.221	0.001
0.076	0.627	0.296	0.001
0.001	0.148	0.001	0.850
0.001	0.001	0.997	0.001
0.001	0.001	0.001	0.997
0.997	0.001	0.001	0.001
0.777	0.221	0.001	0.001
