>KGGGAGGCTGAG	1-KGGGAGGCTGAG	6.886616	-56.257450	0	T:260.0(26.86%),B:80.5(8.88%),P:1e-24	Tpos:39.4,Tstd:19.4,Bpos:38.7,Bstd:23.1,StrandBias:0.2,Multiplicity:1.23
0.194	0.108	0.299	0.399
0.135	0.010	0.797	0.058
0.009	0.001	0.981	0.009
0.106	0.096	0.779	0.019
0.624	0.087	0.086	0.203
0.185	0.010	0.766	0.039
0.213	0.068	0.718	0.001
0.146	0.477	0.231	0.146
0.253	0.088	0.251	0.408
0.078	0.068	0.767	0.087
0.584	0.001	0.319	0.096
0.060	0.087	0.824	0.029
>WTMWTCYCAGTW	2-WTMWTCYCAGTW	8.147195	-52.018028	0	T:134.0(13.84%),B:18.1(1.99%),P:1e-22	Tpos:36.0,Tstd:18.0,Bpos:34.0,Bstd:20.4,StrandBias:0.6,Multiplicity:1.01
0.400	0.001	0.195	0.404
0.121	0.156	0.074	0.649
0.385	0.249	0.142	0.224
0.438	0.140	0.051	0.371
0.085	0.017	0.001	0.897
0.001	0.997	0.001	0.001
0.001	0.490	0.001	0.508
0.017	0.965	0.001	0.017
0.861	0.001	0.001	0.137
0.176	0.226	0.547	0.051
0.001	0.376	0.087	0.536
0.387	0.158	0.051	0.403
>GTTCAAGYGATT	3-GTTCAAGYGATT	8.100251	-42.336774	0	T:72.0(7.44%),B:2.7(0.30%),P:1e-18	Tpos:36.3,Tstd:16.1,Bpos:37.3,Bstd:19.7,StrandBias:-0.4,Multiplicity:1.00
0.190	0.001	0.808	0.001
0.001	0.193	0.002	0.804
0.001	0.097	0.001	0.901
0.001	0.901	0.001	0.097
0.997	0.001	0.001	0.001
0.997	0.001	0.001	0.001
0.002	0.002	0.995	0.001
0.095	0.387	0.001	0.517
0.313	0.002	0.684	0.001
0.712	0.095	0.095	0.098
0.001	0.001	0.001	0.997
0.001	0.001	0.001	0.997
>AGWCCAGCCTGG	4-AGWCCAGCCTGG	7.304572	-35.973644	0	T:97.0(10.02%),B:14.6(1.61%),P:1e-15	Tpos:38.6,Tstd:17.4,Bpos:40.8,Bstd:22.3,StrandBias:0.1,Multiplicity:1.00
0.716	0.055	0.026	0.203
0.078	0.234	0.557	0.131
0.354	0.172	0.112	0.362
0.001	0.973	0.001	0.025
0.001	0.866	0.001	0.132
0.970	0.001	0.028	0.001
0.001	0.001	0.868	0.130
0.026	0.642	0.331	0.001
0.025	0.973	0.001	0.001
0.052	0.026	0.026	0.896
0.056	0.001	0.942	0.001
0.001	0.025	0.973	0.001
>TAGGGATGGGRT	5-TAGGGATGGGRT	8.090678	-31.732157	0	T:69.0(7.13%),B:6.8(0.75%),P:1e-13	Tpos:33.5,Tstd:19.9,Bpos:42.2,Bstd:16.9,StrandBias:0.4,Multiplicity:1.00
0.234	0.001	0.001	0.764
0.587	0.002	0.027	0.384
0.001	0.117	0.881	0.001
0.405	0.001	0.593	0.001
0.001	0.001	0.997	0.001
0.997	0.001	0.001	0.001
0.001	0.348	0.001	0.650
0.289	0.001	0.709	0.001
0.293	0.001	0.705	0.001
0.298	0.001	0.700	0.001
0.433	0.001	0.565	0.001
0.001	0.235	0.087	0.677
>GCTGCAGTGADC	6-GCTGCAGTGADC	10.190308	-26.891851	0	T:61.0(6.30%),B:6.6(0.73%),P:1e-11	Tpos:40.4,Tstd:22.0,Bpos:38.0,Bstd:23.3,StrandBias:1.1,Multiplicity:1.00
0.087	0.097	0.719	0.097
0.003	0.657	0.010	0.330
0.001	0.001	0.001	0.997
0.183	0.319	0.497	0.001
0.135	0.863	0.001	0.001
0.997	0.001	0.001	0.001
0.001	0.001	0.738	0.260
0.001	0.001	0.001	0.997
0.183	0.001	0.729	0.087
0.997	0.001	0.001	0.001
0.269	0.174	0.326	0.232
0.087	0.633	0.183	0.097
>WTTTTTTTATTT	7-WTTTTTTTATTT	8.571290	-24.143278	0	T:90.0(9.30%),B:21.7(2.39%),P:1e-10	Tpos:39.4,Tstd:18.7,Bpos:34.6,Bstd:14.9,StrandBias:0.2,Multiplicity:1.08
0.559	0.001	0.001	0.439
0.228	0.103	0.069	0.600
0.172	0.001	0.154	0.673
0.001	0.051	0.051	0.897
0.330	0.001	0.017	0.652
0.122	0.054	0.034	0.790
0.213	0.104	0.182	0.501
0.068	0.001	0.001	0.930
0.640	0.017	0.342	0.001
0.001	0.001	0.016	0.982
0.206	0.001	0.001	0.792
0.001	0.001	0.001	0.997
>CCACCACGCCCA	8-CCACCACGCCCA	9.917673	-22.745534	0	T:34.0(3.51%),B:0.0(0.00%),P:1e-9	Tpos:36.2,Tstd:18.8,Bpos:0.0,Bstd:0.0,StrandBias:-0.1,Multiplicity:1.00
0.078	0.757	0.068	0.097
0.087	0.796	0.020	0.097
0.691	0.135	0.053	0.121
0.101	0.691	0.097	0.111
0.135	0.686	0.082	0.097
0.578	0.194	0.107	0.121
0.155	0.447	0.136	0.263
0.112	0.232	0.506	0.150
0.140	0.613	0.131	0.116
0.125	0.792	0.034	0.049
0.087	0.796	0.053	0.064
0.655	0.131	0.098	0.116
