>TCCCAGCHHYHY	1-TCCCAGCHHYHY	7.477641	-155.358639	0	T:643.0(16.85%),B:197.9(4.92%),P:1e-67	Tpos:37.3,Tstd:20.5,Bpos:35.4,Bstd:21.9,StrandBias:0.0,Multiplicity:1.01
0.261	0.001	0.014	0.724
0.001	0.992	0.006	0.001
0.007	0.657	0.001	0.335
0.001	0.992	0.001	0.006
0.985	0.007	0.001	0.007
0.156	0.105	0.455	0.284
0.001	0.635	0.253	0.111
0.350	0.290	0.001	0.358
0.365	0.299	0.112	0.224
0.195	0.313	0.067	0.425
0.201	0.300	0.172	0.328
0.208	0.374	0.001	0.417
>DWNNAAATRWND	2-DWNNAAATRWND	5.999103	-123.354920	0	T:1699.0(44.51%),B:1116.7(27.77%),P:1e-53	Tpos:36.9,Tstd:19.1,Bpos:36.7,Bstd:19.0,StrandBias:0.2,Multiplicity:1.40
0.325	0.162	0.196	0.317
0.417	0.001	0.240	0.342
0.289	0.173	0.255	0.283
0.339	0.218	0.197	0.246
0.997	0.001	0.001	0.001
0.997	0.001	0.001	0.001
0.783	0.001	0.215	0.001
0.001	0.001	0.001	0.997
0.510	0.001	0.488	0.001
0.421	0.221	0.001	0.357
0.320	0.177	0.195	0.308
0.356	0.123	0.214	0.306
>CCTCAGCCTCCC	3-CCTCAGCCTCCC	9.535175	-111.019393	0	T:452.0(11.84%),B:133.2(3.31%),P:1e-48	Tpos:36.6,Tstd:18.1,Bpos:35.0,Bstd:24.2,StrandBias:-0.1,Multiplicity:1.12
0.073	0.745	0.018	0.164
0.019	0.889	0.001	0.091
0.001	0.072	0.001	0.926
0.018	0.796	0.074	0.112
0.603	0.040	0.170	0.187
0.095	0.036	0.850	0.019
0.001	0.782	0.036	0.181
0.055	0.725	0.001	0.219
0.018	0.018	0.001	0.963
0.001	0.691	0.054	0.254
0.001	0.962	0.018	0.019
0.037	0.758	0.018	0.187
>TGTAATCCCAGC	4-TGTAATCCCAGC	10.153755	-93.123341	0	T:279.0(7.31%),B:56.9(1.41%),P:1e-40	Tpos:34.3,Tstd:16.6,Bpos:38.5,Bstd:18.9,StrandBias:-0.1,Multiplicity:1.00
0.007	0.014	0.001	0.978
0.001	0.006	0.992	0.001
0.006	0.001	0.001	0.992
0.970	0.001	0.022	0.007
0.790	0.007	0.202	0.001
0.007	0.003	0.001	0.989
0.001	0.992	0.006	0.001
0.003	0.989	0.007	0.001
0.001	0.951	0.001	0.047
0.992	0.001	0.001	0.006
0.054	0.007	0.932	0.007
0.022	0.935	0.001	0.042
>AGRATTRCTTGA	5-AGRATTRCTTGA	8.117276	-82.633793	0	T:298.0(7.81%),B:76.7(1.91%),P:1e-35	Tpos:36.9,Tstd:17.6,Bpos:36.4,Bstd:21.2,StrandBias:0.4,Multiplicity:1.00
0.606	0.001	0.234	0.159
0.157	0.001	0.841	0.001
0.500	0.001	0.498	0.001
0.680	0.120	0.080	0.120
0.039	0.118	0.059	0.784
0.001	0.366	0.019	0.614
0.459	0.101	0.416	0.023
0.001	0.773	0.039	0.187
0.001	0.060	0.001	0.938
0.039	0.001	0.156	0.804
0.098	0.021	0.744	0.137
0.919	0.021	0.059	0.001
>ACCABGCCCAGC	6-ACCABGCCCAGC	8.942325	-74.093262	0	T:198.0(5.19%),B:33.6(0.84%),P:1e-32	Tpos:35.4,Tstd:20.8,Bpos:40.6,Bstd:24.7,StrandBias:0.2,Multiplicity:1.01
0.545	0.297	0.001	0.157
0.001	0.877	0.001	0.121
0.099	0.760	0.060	0.081
0.579	0.240	0.180	0.001
0.098	0.322	0.218	0.362
0.139	0.157	0.506	0.198
0.002	0.957	0.040	0.001
0.001	0.940	0.001	0.058
0.061	0.698	0.019	0.222
0.498	0.020	0.323	0.159
0.019	0.101	0.841	0.039
0.078	0.803	0.118	0.001
>CAGCCTGGGVAA	7-CAGCCTGGGVAA	8.211181	-62.146436	0	T:235.0(6.16%),B:63.5(1.58%),P:1e-26	Tpos:37.2,Tstd:20.2,Bpos:36.3,Bstd:20.0,StrandBias:-0.3,Multiplicity:1.01
0.210	0.579	0.129	0.082
0.685	0.026	0.082	0.207
0.080	0.118	0.636	0.166
0.026	0.713	0.231	0.030
0.103	0.866	0.016	0.015
0.234	0.001	0.003	0.762
0.073	0.015	0.801	0.111
0.155	0.007	0.757	0.081
0.122	0.104	0.767	0.007
0.259	0.333	0.227	0.181
0.689	0.130	0.133	0.048
0.564	0.177	0.148	0.111
>CCAGCTACTTGG	8-CCAGCTACTTGG	8.938311	-60.856587	0	T:236.0(6.18%),B:65.5(1.63%),P:1e-26	Tpos:34.7,Tstd:21.1,Bpos:30.9,Bstd:20.1,StrandBias:-0.6,Multiplicity:1.00
0.057	0.667	0.161	0.115
0.001	0.997	0.001	0.001
0.997	0.001	0.001	0.001
0.137	0.184	0.462	0.217
0.001	0.725	0.160	0.114
0.184	0.206	0.057	0.553
0.449	0.264	0.001	0.286
0.070	0.554	0.126	0.250
0.139	0.001	0.136	0.724
0.001	0.001	0.138	0.860
0.138	0.001	0.549	0.312
0.306	0.001	0.520	0.173
>CCARGGAWGVAG	9-CCARGGAWGVAG	7.096690	-51.931449	0	T:436.0(11.42%),B:213.8(5.32%),P:1e-22	Tpos:38.1,Tstd:20.8,Bpos:36.5,Bstd:24.7,StrandBias:0.1,Multiplicity:1.07
0.007	0.518	0.243	0.232
0.076	0.798	0.001	0.125
0.476	0.245	0.001	0.278
0.433	0.007	0.546	0.014
0.001	0.001	0.854	0.144
0.027	0.048	0.924	0.001
0.554	0.397	0.014	0.035
0.426	0.014	0.134	0.427
0.252	0.021	0.699	0.028
0.312	0.273	0.413	0.001
0.726	0.001	0.161	0.112
0.161	0.028	0.692	0.119
>ACTTTGGGAGVC	10-ACTTTGGGAGVC	10.539334	-49.951882	0	T:193.0(5.06%),B:53.2(1.32%),P:1e-21	Tpos:31.7,Tstd:22.6,Bpos:45.4,Bstd:27.7,StrandBias:0.1,Multiplicity:1.00
0.761	0.179	0.059	0.001
0.001	0.997	0.001	0.001
0.001	0.001	0.001	0.997
0.059	0.001	0.109	0.831
0.001	0.001	0.054	0.944
0.001	0.001	0.997	0.001
0.054	0.001	0.891	0.054
0.396	0.001	0.602	0.001
0.944	0.001	0.054	0.001
0.278	0.114	0.429	0.179
0.293	0.282	0.424	0.001
0.179	0.640	0.001	0.180
>YCCCAAGTAGCT	11-YCCCAAGTAGCT	8.702384	-49.075176	0	T:175.0(4.58%),B:44.4(1.10%),P:1e-21	Tpos:37.4,Tstd:17.8,Bpos:39.4,Bstd:20.4,StrandBias:-0.5,Multiplicity:1.00
0.188	0.393	0.001	0.418
0.001	0.872	0.085	0.042
0.042	0.915	0.001	0.042
0.042	0.956	0.001	0.001
0.528	0.258	0.171	0.043
0.864	0.093	0.001	0.042
0.001	0.001	0.991	0.007
0.008	0.171	0.203	0.618
0.862	0.087	0.043	0.008
0.136	0.001	0.555	0.308
0.359	0.598	0.001	0.042
0.303	0.136	0.001	0.560
>CAAGTASCTGGG	12-CAAGTASCTGGG	9.313843	-45.294679	0	T:173.0(4.53%),B:48.0(1.19%),P:1e-19	Tpos:38.8,Tstd:22.9,Bpos:14.8,Bstd:8.7,StrandBias:0.1,Multiplicity:1.00
0.240	0.527	0.232	0.001
0.555	0.001	0.338	0.106
0.660	0.001	0.001	0.338
0.001	0.157	0.693	0.149
0.106	0.001	0.240	0.653
0.595	0.322	0.082	0.001
0.001	0.362	0.464	0.173
0.001	0.997	0.001	0.001
0.074	0.001	0.001	0.924
0.001	0.001	0.997	0.001
0.001	0.001	0.849	0.149
0.001	0.001	0.997	0.001
>CACADAKAWATA	13-CACADAKAWATA	7.070417	-43.203044	0	T:592.0(15.51%),B:358.4(8.91%),P:1e-18	Tpos:36.3,Tstd:18.3,Bpos:37.3,Bstd:17.8,StrandBias:-0.4,Multiplicity:1.17
0.235	0.517	0.025	0.223
0.836	0.123	0.001	0.040
0.285	0.487	0.022	0.206
0.995	0.001	0.001	0.003
0.342	0.033	0.346	0.280
0.771	0.001	0.190	0.038
0.174	0.204	0.254	0.368
0.994	0.001	0.001	0.004
0.423	0.174	0.007	0.395
0.661	0.034	0.001	0.304
0.153	0.129	0.040	0.678
0.560	0.040	0.058	0.342
>AAGACCAGCCTG	14-AAGACCAGCCTG	9.984018	-34.909246	0	T:102.0(2.67%),B:20.1(0.50%),P:1e-15	Tpos:34.3,Tstd:21.6,Bpos:50.0,Bstd:13.1,StrandBias:-0.1,Multiplicity:1.00
0.836	0.001	0.162	0.001
0.997	0.001	0.001	0.001
0.244	0.078	0.676	0.002
0.599	0.201	0.001	0.199
0.038	0.727	0.152	0.083
0.244	0.675	0.080	0.001
0.725	0.001	0.002	0.272
0.001	0.189	0.769	0.041
0.076	0.722	0.201	0.001
0.316	0.682	0.001	0.001
0.120	0.001	0.001	0.878
0.151	0.001	0.847	0.001
>CMCABCTVCHCA	15-CMCABCTVCHCA	6.909679	-34.083008	0	T:272.0(7.13%),B:129.3(3.21%),P:1e-14	Tpos:35.8,Tstd:17.6,Bpos:35.8,Bstd:20.7,StrandBias:-0.6,Multiplicity:1.08
0.061	0.830	0.048	0.061
0.513	0.426	0.001	0.060
0.060	0.915	0.013	0.012
0.866	0.036	0.049	0.049
0.012	0.346	0.340	0.302
0.369	0.522	0.060	0.049
0.108	0.335	0.012	0.545
0.329	0.344	0.279	0.048
0.066	0.897	0.013	0.024
0.367	0.308	0.012	0.313
0.049	0.540	0.362	0.049
0.639	0.024	0.313	0.024
>TGGRGTTTCNCT	16-TGGRGTTTCNCT	8.638410	-28.685707	0	T:169.0(4.43%),B:67.4(1.68%),P:1e-12	Tpos:35.0,Tstd:20.1,Bpos:32.8,Bstd:22.9,StrandBias:0.5,Multiplicity:1.00
0.001	0.415	0.001	0.583
0.362	0.001	0.636	0.001
0.166	0.001	0.832	0.001
0.337	0.024	0.444	0.195
0.217	0.001	0.781	0.001
0.119	0.001	0.001	0.879
0.001	0.414	0.001	0.584
0.001	0.001	0.001	0.997
0.072	0.470	0.240	0.218
0.248	0.194	0.333	0.225
0.001	0.590	0.001	0.408
0.001	0.316	0.001	0.682
>GTGATCTSCCCA	17-GTGATCTSCCCA	8.189738	-26.126628	0	T:44.0(1.15%),B:3.0(0.07%),P:1e-11	Tpos:38.5,Tstd:17.3,Bpos:28.1,Bstd:15.1,StrandBias:-0.5,Multiplicity:1.00
0.162	0.258	0.428	0.152
0.266	0.126	0.021	0.587
0.260	0.057	0.647	0.036
0.559	0.031	0.258	0.152
0.245	0.173	0.186	0.397
0.252	0.542	0.167	0.039
0.273	0.209	0.005	0.513
0.041	0.294	0.415	0.250
0.023	0.779	0.175	0.023
0.031	0.946	0.010	0.013
0.276	0.531	0.015	0.178
0.474	0.031	0.212	0.283
>ATGATGGTTTCC	18-ATGATGGTTTCC	8.748090	-23.316352	0	T:51.0(1.34%),B:6.1(0.15%),P:1e-10	Tpos:40.2,Tstd:17.6,Bpos:30.8,Bstd:18.1,StrandBias:0.3,Multiplicity:1.00
0.546	0.194	0.168	0.092
0.239	0.102	0.157	0.502
0.170	0.291	0.529	0.010
0.481	0.095	0.171	0.253
0.102	0.003	0.072	0.823
0.014	0.014	0.825	0.147
0.229	0.003	0.594	0.174
0.003	0.143	0.133	0.721
0.024	0.232	0.102	0.642
0.089	0.007	0.099	0.805
0.089	0.649	0.242	0.020
0.154	0.508	0.014	0.324
>CGGCTCATTGCA	19-CGGCTCATTGCA	9.438233	-23.049619	0	T:53.0(1.39%),B:7.5(0.19%),P:1e-10	Tpos:43.7,Tstd:20.6,Bpos:54.3,Bstd:8.4,StrandBias:0.3,Multiplicity:1.00
0.177	0.498	0.151	0.174
0.218	0.053	0.507	0.222
0.110	0.117	0.606	0.167
0.136	0.627	0.120	0.117
0.108	0.080	0.034	0.778
0.088	0.735	0.103	0.074
0.717	0.139	0.041	0.103
0.091	0.155	0.088	0.666
0.069	0.052	0.107	0.772
0.076	0.122	0.640	0.162
0.103	0.734	0.069	0.094
0.724	0.091	0.034	0.151
>CCCAGGAGGTGG	20-CCCAGGAGGTGG	9.879597	-21.339007	0	T:67.0(1.76%),B:15.9(0.40%),P:1e-9	Tpos:38.6,Tstd:17.6,Bpos:38.3,Bstd:20.0,StrandBias:0.7,Multiplicity:1.00
0.044	0.810	0.001	0.145
0.001	0.899	0.001	0.099
0.045	0.528	0.050	0.377
0.709	0.001	0.289	0.001
0.001	0.001	0.997	0.001
0.044	0.001	0.954	0.001
0.726	0.089	0.001	0.184
0.001	0.089	0.866	0.044
0.005	0.140	0.570	0.285
0.001	0.001	0.001	0.997
0.051	0.001	0.658	0.290
0.089	0.089	0.733	0.089
>TTCATCCATBTH	21-TTCATCCATBTH	8.667584	-17.117360	0	T:57.0(1.49%),B:14.4(0.36%),P:1e-7	Tpos:34.9,Tstd:20.3,Bpos:37.1,Bstd:16.7,StrandBias:0.0,Multiplicity:1.04
0.012	0.299	0.055	0.634
0.171	0.171	0.116	0.542
0.030	0.922	0.018	0.030
0.626	0.037	0.006	0.331
0.164	0.024	0.263	0.549
0.036	0.556	0.140	0.268
0.030	0.660	0.018	0.292
0.653	0.018	0.018	0.311
0.018	0.018	0.037	0.927
0.092	0.329	0.359	0.220
0.012	0.330	0.012	0.646
0.269	0.317	0.073	0.341
>TTTCTAKTTTTA	22-TTTCTAKTTTTA	9.939143	-15.952931	0	T:101.0(2.65%),B:43.8(1.09%),P:1e-6	Tpos:34.8,Tstd:19.4,Bpos:46.1,Bstd:15.9,StrandBias:-0.6,Multiplicity:1.02
0.001	0.051	0.001	0.947
0.001	0.060	0.103	0.836
0.001	0.001	0.001	0.997
0.001	0.629	0.369	0.001
0.051	0.001	0.001	0.947
0.775	0.001	0.223	0.001
0.163	0.001	0.473	0.363
0.001	0.102	0.001	0.896
0.001	0.001	0.001	0.997
0.001	0.257	0.001	0.741
0.120	0.001	0.001	0.878
0.593	0.001	0.001	0.405
>CTWCWTYCTCAG	23-CTWCWTYCTCAG	10.763920	-13.693898	0	T:19.0(0.50%),B:0.0(0.00%),P:1e-5	Tpos:44.8,Tstd:15.2,Bpos:0.0,Bstd:0.0,StrandBias:-1.1,Multiplicity:1.00
0.001	0.735	0.001	0.263
0.001	0.378	0.001	0.620
0.453	0.001	0.001	0.545
0.051	0.621	0.327	0.001
0.299	0.269	0.001	0.430
0.001	0.102	0.001	0.896
0.230	0.391	0.001	0.379
0.001	0.997	0.001	0.001
0.258	0.212	0.001	0.529
0.001	0.997	0.001	0.001
0.947	0.001	0.001	0.051
0.001	0.001	0.997	0.001
>CTGGGTATATAC	24-CTGGGTATATAC	10.820875	-12.250140	0	T:17.0(0.45%),B:0.0(0.00%),P:1e-5	Tpos:40.3,Tstd:15.1,Bpos:0.0,Bstd:0.0,StrandBias:0.3,Multiplicity:1.00
0.001	0.622	0.001	0.376
0.001	0.001	0.001	0.997
0.001	0.001	0.997	0.001
0.185	0.001	0.622	0.192
0.057	0.017	0.790	0.136
0.356	0.135	0.001	0.508
0.689	0.001	0.309	0.001
0.001	0.001	0.303	0.695
0.628	0.327	0.036	0.009
0.001	0.174	0.001	0.824
0.863	0.001	0.001	0.135
0.001	0.653	0.208	0.138
>CTCGTGATCCAC	25-CTCGTGATCCAC	12.435219	-11.816778	0	T:25.0(0.65%),B:3.2(0.08%),P:1e-5	Tpos:33.3,Tstd:15.0,Bpos:65.2,Bstd:5.1,StrandBias:-1.5,Multiplicity:1.00
0.001	0.997	0.001	0.001
0.001	0.001	0.001	0.997
0.001	0.997	0.001	0.001
0.078	0.039	0.882	0.001
0.001	0.001	0.039	0.959
0.001	0.001	0.997	0.001
0.997	0.001	0.001	0.001
0.001	0.001	0.001	0.997
0.001	0.997	0.001	0.001
0.001	0.997	0.001	0.001
0.771	0.001	0.227	0.001
0.001	0.579	0.001	0.419
