>YCTCCCAR	1-YCTCCCAR	2.254522	-141.777364	0	T:1084.0(28.40%),B:534.4(13.29%),P:1e-61	Tpos:35.8,Tstd:20.7,Bpos:36.3,Bstd:23.0,StrandBias:-0.2,Multiplicity:1.09
0.001	0.483	0.001	0.515
0.001	0.632	0.001	0.366
0.001	0.001	0.001	0.997
0.001	0.997	0.001	0.001
0.001	0.997	0.001	0.001
0.001	0.997	0.001	0.001
0.654	0.344	0.001	0.001
0.561	0.001	0.437	0.001
>CCCAGCTA	2-CCCAGCTA	3.833720	-129.245766	0	T:1288.0(33.74%),B:729.9(18.15%),P:1e-56	Tpos:36.8,Tstd:19.6,Bpos:37.5,Bstd:23.5,StrandBias:0.1,Multiplicity:1.55
0.001	0.997	0.001	0.001
0.032	0.920	0.001	0.047
0.001	0.785	0.213	0.001
0.917	0.001	0.081	0.001
0.001	0.001	0.997	0.001
0.001	0.675	0.323	0.001
0.057	0.379	0.001	0.563
0.841	0.076	0.001	0.082
>ATTTATTT	3-ATTTATTT	6.238162	-107.722837	0	T:1164.0(30.50%),B:672.9(16.73%),P:1e-46	Tpos:36.4,Tstd:19.7,Bpos:36.6,Bstd:18.8,StrandBias:-0.2,Multiplicity:1.39
0.616	0.060	0.047	0.277
0.290	0.069	0.162	0.478
0.314	0.001	0.103	0.582
0.001	0.128	0.001	0.870
0.821	0.114	0.064	0.001
0.001	0.001	0.032	0.966
0.051	0.016	0.001	0.932
0.041	0.001	0.029	0.929
>ATCACAGG	4-ATCACAGG	6.012438	-75.768933	0	T:656.0(17.19%),B:330.2(8.21%),P:1e-32	Tpos:35.5,Tstd:18.7,Bpos:36.5,Bstd:22.6,StrandBias:0.3,Multiplicity:1.07
0.791	0.079	0.129	0.001
0.190	0.001	0.080	0.729
0.001	0.802	0.120	0.077
0.682	0.316	0.001	0.001
0.001	0.997	0.001	0.001
0.587	0.001	0.184	0.228
0.085	0.217	0.697	0.001
0.057	0.226	0.593	0.124
>TTTCTTTG	5-TTTCTTTG	4.892082	-73.009845	0	T:1391.0(36.44%),B:973.8(24.21%),P:1e-31	Tpos:37.2,Tstd:20.2,Bpos:36.4,Bstd:19.7,StrandBias:-0.1,Multiplicity:1.29
0.045	0.082	0.097	0.776
0.089	0.104	0.112	0.695
0.094	0.153	0.127	0.626
0.064	0.858	0.077	0.001
0.001	0.057	0.023	0.919
0.074	0.085	0.105	0.736
0.095	0.071	0.073	0.761
0.104	0.213	0.636	0.047
>ARATGANG	6-ARATGANG	5.790709	-72.663434	0	T:1004.0(26.30%),B:624.2(15.52%),P:1e-31	Tpos:38.9,Tstd:20.2,Bpos:38.5,Bstd:22.8,StrandBias:0.4,Multiplicity:1.12
0.763	0.007	0.229	0.001
0.431	0.001	0.521	0.047
0.997	0.001	0.001	0.001
0.065	0.007	0.001	0.927
0.001	0.257	0.741	0.001
0.480	0.034	0.306	0.180
0.266	0.245	0.219	0.270
0.222	0.112	0.485	0.180
>CAAGHRAT	7-CAAGHRAT	6.806673	-70.895302	0	T:504.0(13.20%),B:226.6(5.63%),P:1e-30	Tpos:37.1,Tstd:19.0,Bpos:36.5,Bstd:19.9,StrandBias:-0.4,Multiplicity:1.00
0.284	0.455	0.250	0.010
0.578	0.022	0.031	0.369
0.931	0.002	0.036	0.031
0.001	0.001	0.997	0.001
0.361	0.250	0.002	0.387
0.396	0.118	0.341	0.145
0.806	0.011	0.152	0.031
0.012	0.076	0.061	0.851
>HGGGATGG	8-HGGGATGG	7.459110	-58.246060	0	T:323.0(8.46%),B:122.4(3.04%),P:1e-25	Tpos:38.1,Tstd:21.6,Bpos:37.1,Bstd:22.7,StrandBias:-0.0,Multiplicity:1.02
0.390	0.331	0.001	0.278
0.322	0.001	0.676	0.001
0.338	0.068	0.593	0.001
0.001	0.001	0.997	0.001
0.997	0.001	0.001	0.001
0.001	0.087	0.034	0.878
0.001	0.022	0.863	0.114
0.265	0.001	0.733	0.001
>MCATKTAA	9-MCATKTAA	5.406566	-57.830798	0	T:861.0(22.56%),B:543.1(13.50%),P:1e-25	Tpos:37.4,Tstd:20.2,Bpos:37.2,Bstd:22.7,StrandBias:-0.2,Multiplicity:1.10
0.380	0.272	0.228	0.119
0.021	0.877	0.001	0.101
0.879	0.001	0.067	0.053
0.114	0.009	0.019	0.858
0.001	0.099	0.462	0.438
0.032	0.099	0.038	0.831
0.564	0.024	0.306	0.106
0.486	0.295	0.026	0.193
>SGTGATGG	10-SGTGATGG	6.266361	-55.709629	0	T:387.0(10.14%),B:170.6(4.24%),P:1e-24	Tpos:35.4,Tstd:20.7,Bpos:36.0,Bstd:22.5,StrandBias:0.2,Multiplicity:1.06
0.001	0.500	0.498	0.001
0.312	0.001	0.515	0.172
0.173	0.188	0.147	0.493
0.060	0.019	0.920	0.001
0.591	0.001	0.389	0.019
0.057	0.144	0.151	0.648
0.104	0.001	0.852	0.043
0.002	0.153	0.840	0.005
>TACAGGCG	11-TACAGGCG	7.376985	-37.702162	0	T:125.0(3.27%),B:29.7(0.74%),P:1e-16	Tpos:32.7,Tstd:17.1,Bpos:55.3,Bstd:16.0,StrandBias:0.3,Multiplicity:1.00
0.033	0.001	0.001	0.965
0.831	0.001	0.167	0.001
0.001	0.965	0.033	0.001
0.933	0.001	0.033	0.033
0.001	0.001	0.997	0.001
0.001	0.001	0.997	0.001
0.001	0.997	0.001	0.001
0.001	0.001	0.997	0.001
>CACCTCGG	12-CACCTCGG	5.316770	-33.151935	0	T:172.0(4.51%),B:62.7(1.56%),P:1e-14	Tpos:37.5,Tstd:21.0,Bpos:38.8,Bstd:22.9,StrandBias:0.4,Multiplicity:1.00
0.001	0.997	0.001	0.001
0.860	0.001	0.001	0.138
0.001	0.943	0.028	0.028
0.001	0.971	0.027	0.001
0.027	0.001	0.001	0.971
0.001	0.861	0.137	0.001
0.001	0.001	0.997	0.001
0.001	0.001	0.997	0.001
>AGACYGCA	13-AGACYGCA	6.908024	-29.776791	0	T:265.0(6.94%),B:133.3(3.31%),P:1e-12	Tpos:40.0,Tstd:21.2,Bpos:38.0,Bstd:23.0,StrandBias:-0.0,Multiplicity:1.02
0.548	0.221	0.001	0.230
0.001	0.210	0.553	0.236
0.745	0.253	0.001	0.001
0.001	0.997	0.001	0.001
0.001	0.437	0.042	0.520
0.008	0.001	0.990	0.001
0.001	0.951	0.047	0.001
0.869	0.001	0.001	0.129
>TAGAAACA	14-TAGAAACA	8.590209	-26.557145	0	T:125.0(3.27%),B:42.9(1.07%),P:1e-11	Tpos:34.2,Tstd:19.7,Bpos:44.7,Bstd:18.6,StrandBias:0.6,Multiplicity:1.00
0.001	0.001	0.001	0.997
0.997	0.001	0.001	0.001
0.001	0.001	0.997	0.001
0.997	0.001	0.001	0.001
0.997	0.001	0.001	0.001
0.631	0.118	0.250	0.001
0.001	0.841	0.157	0.001
0.841	0.157	0.001	0.001
>TCAGCGAC	15-TCAGCGAC	7.751347	-25.987747	0	T:36.0(0.94%),B:0.7(0.02%),P:1e-11	Tpos:33.8,Tstd:18.3,Bpos:19.0,Bstd:0.0,StrandBias:-0.8,Multiplicity:1.00
0.107	0.107	0.107	0.679
0.001	0.997	0.001	0.001
0.997	0.001	0.001	0.001
0.001	0.001	0.892	0.106
0.001	0.869	0.001	0.129
0.001	0.001	0.997	0.001
0.997	0.001	0.001	0.001
0.001	0.574	0.106	0.319
>CCACGTTG	16-CCACGTTG	7.114915	-22.111035	0	T:102.0(2.67%),B:34.9(0.87%),P:1e-9	Tpos:41.2,Tstd:21.1,Bpos:31.1,Bstd:22.4,StrandBias:-0.2,Multiplicity:1.00
0.001	0.813	0.105	0.081
0.001	0.810	0.001	0.188
0.895	0.052	0.052	0.001
0.022	0.727	0.053	0.198
0.001	0.001	0.997	0.001
0.210	0.053	0.053	0.684
0.031	0.368	0.001	0.600
0.001	0.169	0.829	0.001
>ATGGTTTC	17-ATGGTTTC	8.758013	-21.870023	0	T:68.0(1.78%),B:15.9(0.39%),P:1e-9	Tpos:40.9,Tstd:18.5,Bpos:34.9,Bstd:26.4,StrandBias:0.4,Multiplicity:1.00
0.997	0.001	0.001	0.001
0.001	0.026	0.001	0.972
0.001	0.001	0.997	0.001
0.001	0.001	0.997	0.001
0.001	0.001	0.001	0.997
0.001	0.001	0.001	0.997
0.001	0.001	0.132	0.866
0.230	0.768	0.001	0.001
>ACAAAGCG	18-ACAAAGCG	8.716099	-14.307813	0	T:29.0(0.76%),B:3.3(0.08%),P:1e-6	Tpos:37.3,Tstd:21.5,Bpos:31.9,Bstd:20.4,StrandBias:-0.8,Multiplicity:1.00
0.997	0.001	0.001	0.001
0.001	0.997	0.001	0.001
0.772	0.001	0.001	0.226
0.704	0.001	0.294	0.001
0.772	0.001	0.001	0.226
0.001	0.231	0.767	0.001
0.001	0.997	0.001	0.001
0.001	0.001	0.997	0.001
>GTTCAAGA	19-GTTCAAGA	8.696409	-12.881173	0	T:87.0(2.28%),B:39.7(0.99%),P:1e-5	Tpos:35.3,Tstd:18.3,Bpos:35.3,Bstd:23.1,StrandBias:-0.0,Multiplicity:1.00
0.001	0.001	0.997	0.001
0.042	0.001	0.001	0.956
0.001	0.001	0.001	0.997
0.001	0.808	0.190	0.001
0.850	0.001	0.148	0.001
0.997	0.001	0.001	0.001
0.001	0.190	0.808	0.001
0.997	0.001	0.001	0.001
>ACCGTGGC	20-ACCGTGGC	8.854589	-12.693314	0	T:31.0(0.81%),B:5.8(0.15%),P:1e-5	Tpos:32.0,Tstd:17.8,Bpos:27.1,Bstd:10.9,StrandBias:-0.1,Multiplicity:1.32
0.579	0.419	0.001	0.001
0.001	0.997	0.001	0.001
0.001	0.719	0.279	0.001
0.001	0.001	0.997	0.001
0.001	0.037	0.001	0.961
0.001	0.001	0.997	0.001
0.001	0.301	0.697	0.001
0.001	0.997	0.001	0.001
