>CYBGGGARGC	1-CYBGGGARGC	5.710199	-148.298371	0	T:945.0(24.76%),B:415.2(10.32%),P:1e-64	Tpos:36.9,Tstd:19.1,Bpos:36.7,Bstd:23.9,StrandBias:0.3,Multiplicity:1.16
0.001	0.686	0.001	0.312
0.001	0.504	0.001	0.494
0.154	0.248	0.264	0.333
0.290	0.001	0.708	0.001
0.001	0.001	0.997	0.001
0.001	0.001	0.997	0.001
0.997	0.001	0.001	0.001
0.402	0.001	0.509	0.088
0.186	0.001	0.755	0.058
0.179	0.611	0.001	0.209
>CTGGGATKRC	2-CTGGGATKRC	7.744510	-121.369831	0	T:472.0(12.37%),B:133.2(3.31%),P:1e-52	Tpos:35.3,Tstd:17.8,Bpos:39.0,Bstd:22.9,StrandBias:-0.1,Multiplicity:1.00
0.287	0.536	0.096	0.081
0.026	0.001	0.001	0.972
0.027	0.001	0.971	0.001
0.175	0.001	0.796	0.028
0.001	0.001	0.997	0.001
0.997	0.001	0.001	0.001
0.198	0.236	0.001	0.565
0.206	0.155	0.268	0.371
0.451	0.001	0.318	0.230
0.130	0.530	0.014	0.326
>WWWTATTTNW	3-WWWTATTTNW	6.426122	-99.808754	0	T:957.0(25.07%),B:517.7(12.87%),P:1e-43	Tpos:36.3,Tstd:19.2,Bpos:37.0,Bstd:18.4,StrandBias:-0.2,Multiplicity:1.26
0.451	0.208	0.022	0.319
0.353	0.087	0.113	0.447
0.370	0.091	0.182	0.357
0.021	0.293	0.001	0.685
0.774	0.001	0.224	0.001
0.001	0.047	0.001	0.951
0.153	0.038	0.107	0.702
0.115	0.001	0.001	0.883
0.272	0.258	0.161	0.308
0.312	0.230	0.050	0.408
>CACCACGCCC	4-CACCACGCCC	8.455331	-77.153588	0	T:180.0(4.72%),B:23.8(0.59%),P:1e-33	Tpos:33.6,Tstd:20.7,Bpos:29.4,Bstd:23.1,StrandBias:0.0,Multiplicity:1.00
0.010	0.979	0.001	0.010
0.979	0.010	0.010	0.001
0.001	0.978	0.001	0.020
0.001	0.968	0.010	0.021
0.749	0.001	0.249	0.001
0.001	0.799	0.001	0.199
0.001	0.010	0.988	0.001
0.010	0.988	0.001	0.001
0.001	0.997	0.001	0.001
0.011	0.838	0.011	0.140
>RATBACTTGA	5-RATBACTTGA	7.161011	-71.353933	0	T:418.0(10.95%),B:165.3(4.11%),P:1e-30	Tpos:37.9,Tstd:18.0,Bpos:35.6,Bstd:21.7,StrandBias:0.4,Multiplicity:1.01
0.525	0.034	0.440	0.001
0.833	0.034	0.098	0.035
0.057	0.001	0.001	0.941
0.130	0.340	0.197	0.333
0.406	0.147	0.256	0.191
0.001	0.866	0.023	0.110
0.001	0.145	0.109	0.745
0.088	0.012	0.039	0.861
0.001	0.114	0.834	0.051
0.930	0.001	0.023	0.046
>TGAGACAGGA	6-TGAGACAGGA	8.085197	-64.619808	0	T:261.0(6.84%),B:75.7(1.88%),P:1e-28	Tpos:35.4,Tstd:16.0,Bpos:38.4,Bstd:23.0,StrandBias:0.4,Multiplicity:1.00
0.083	0.110	0.053	0.754
0.055	0.041	0.862	0.042
0.893	0.014	0.058	0.035
0.078	0.035	0.846	0.041
0.652	0.028	0.258	0.062
0.084	0.833	0.035	0.048
0.837	0.014	0.058	0.091
0.040	0.069	0.822	0.069
0.152	0.071	0.708	0.069
0.806	0.055	0.111	0.028
>CCAGGAGTTM	7-CCAGGAGTTM	6.810845	-61.955634	0	T:407.0(10.66%),B:173.7(4.32%),P:1e-26	Tpos:35.5,Tstd:18.4,Bpos:40.8,Bstd:20.8,StrandBias:-0.1,Multiplicity:1.01
0.065	0.816	0.082	0.037
0.349	0.553	0.001	0.097
0.983	0.001	0.001	0.015
0.266	0.001	0.668	0.065
0.001	0.298	0.700	0.001
0.819	0.065	0.115	0.001
0.282	0.183	0.534	0.001
0.001	0.033	0.001	0.965
0.001	0.082	0.264	0.653
0.263	0.384	0.220	0.134
>TTCTCAGCNA	8-TTCTCAGCNA	7.098528	-51.431534	0	T:261.0(6.84%),B:93.0(2.31%),P:1e-22	Tpos:38.4,Tstd:18.6,Bpos:35.5,Bstd:24.0,StrandBias:-0.2,Multiplicity:1.02
0.034	0.066	0.358	0.542
0.016	0.034	0.051	0.899
0.033	0.933	0.017	0.017
0.198	0.198	0.001	0.603
0.082	0.901	0.001	0.016
0.947	0.001	0.035	0.017
0.086	0.035	0.813	0.066
0.217	0.416	0.118	0.250
0.167	0.314	0.289	0.231
0.923	0.060	0.001	0.016
>CCCAGCCTGR	9-CCCAGCCTGR	7.107293	-47.989892	0	T:390.0(10.22%),B:187.6(4.66%),P:1e-20	Tpos:38.2,Tstd:20.7,Bpos:37.7,Bstd:21.3,StrandBias:0.0,Multiplicity:1.03
0.153	0.521	0.123	0.203
0.060	0.634	0.026	0.280
0.136	0.816	0.001	0.047
0.952	0.012	0.035	0.001
0.001	0.012	0.865	0.122
0.001	0.579	0.419	0.001
0.119	0.868	0.001	0.012
0.076	0.035	0.072	0.817
0.060	0.131	0.701	0.108
0.332	0.144	0.440	0.083
>GAAAGAAAAT	10-GAAAGAAAAT	8.254344	-47.087974	0	T:280.0(7.34%),B:111.7(2.78%),P:1e-20	Tpos:37.9,Tstd:19.3,Bpos:37.8,Bstd:17.1,StrandBias:0.2,Multiplicity:1.07
0.201	0.277	0.430	0.093
0.832	0.029	0.135	0.004
0.854	0.069	0.063	0.014
0.951	0.001	0.039	0.009
0.001	0.179	0.733	0.087
0.878	0.059	0.001	0.062
0.884	0.010	0.010	0.096
0.926	0.001	0.009	0.064
0.873	0.078	0.048	0.001
0.136	0.152	0.043	0.669
>CYKCCCACCT	11-CYKCCCACCT	7.470116	-41.455548	0	T:134.0(3.51%),B:30.5(0.76%),P:1e-18	Tpos:35.7,Tstd:20.0,Bpos:46.3,Bstd:24.4,StrandBias:-0.3,Multiplicity:1.03
0.159	0.609	0.169	0.063
0.190	0.450	0.006	0.354
0.215	0.076	0.371	0.338
0.078	0.823	0.098	0.001
0.141	0.807	0.001	0.051
0.003	0.742	0.020	0.235
0.484	0.065	0.300	0.151
0.102	0.543	0.171	0.184
0.068	0.742	0.089	0.101
0.150	0.188	0.088	0.574
>CYCATCTCTA	12-CYCATCTCTA	7.541664	-40.271808	0	T:235.0(6.16%),B:92.0(2.29%),P:1e-17	Tpos:38.1,Tstd:19.6,Bpos:38.0,Bstd:24.7,StrandBias:-0.3,Multiplicity:1.01
0.149	0.737	0.113	0.001
0.155	0.460	0.001	0.385
0.001	0.910	0.001	0.088
0.997	0.001	0.001	0.001
0.001	0.001	0.001	0.997
0.044	0.618	0.022	0.316
0.001	0.021	0.001	0.977
0.180	0.699	0.120	0.001
0.265	0.044	0.022	0.669
0.542	0.163	0.270	0.025
>CAAGATGGTG	13-CAAGATGGTG	7.600700	-38.903527	0	T:153.0(4.01%),B:43.7(1.09%),P:1e-16	Tpos:37.3,Tstd:21.2,Bpos:40.1,Bstd:20.6,StrandBias:0.6,Multiplicity:1.01
0.082	0.815	0.102	0.001
0.683	0.021	0.161	0.135
0.612	0.062	0.167	0.159
0.020	0.176	0.803	0.001
0.639	0.001	0.239	0.121
0.196	0.041	0.001	0.762
0.001	0.062	0.936	0.001
0.040	0.001	0.857	0.102
0.226	0.041	0.071	0.662
0.008	0.001	0.604	0.387
>GAAACCATCW	14-GAAACCATCW	8.844773	-38.580350	0	T:72.0(1.89%),B:5.6(0.14%),P:1e-16	Tpos:39.6,Tstd:18.2,Bpos:43.4,Bstd:11.9,StrandBias:0.1,Multiplicity:1.00
0.001	0.036	0.890	0.073
0.997	0.001	0.001	0.001
0.557	0.001	0.187	0.255
0.889	0.001	0.109	0.001
0.001	0.997	0.001	0.001
0.001	0.997	0.001	0.001
0.997	0.001	0.001	0.001
0.232	0.001	0.036	0.731
0.001	0.835	0.123	0.041
0.374	0.009	0.169	0.448
>TTCTAYATTT	15-TTCTAYATTT	7.209036	-37.311629	0	T:175.0(4.58%),B:58.9(1.46%),P:1e-16	Tpos:40.1,Tstd:20.0,Bpos:31.7,Bstd:16.8,StrandBias:0.4,Multiplicity:1.01
0.073	0.078	0.151	0.698
0.109	0.146	0.168	0.577
0.019	0.612	0.338	0.031
0.234	0.109	0.017	0.640
0.529	0.012	0.199	0.260
0.016	0.424	0.268	0.291
0.716	0.092	0.138	0.054
0.010	0.036	0.050	0.904
0.029	0.193	0.170	0.608
0.163	0.070	0.053	0.714
>GCACACGCCT	16-GCACACGCCT	8.089183	-34.971470	0	T:173.0(4.53%),B:61.0(1.52%),P:1e-15	Tpos:33.1,Tstd:16.2,Bpos:35.0,Bstd:22.0,StrandBias:-0.2,Multiplicity:1.00
0.124	0.001	0.784	0.091
0.030	0.903	0.001	0.066
0.681	0.061	0.001	0.257
0.001	0.579	0.301	0.119
0.573	0.121	0.305	0.001
0.001	0.710	0.001	0.288
0.061	0.001	0.905	0.033
0.032	0.904	0.002	0.062
0.059	0.939	0.001	0.001
0.184	0.001	0.001	0.814
>CAAGTAGCTG	17-CAAGTAGCTG	8.796616	-33.892117	0	T:156.0(4.09%),B:51.2(1.27%),P:1e-14	Tpos:32.6,Tstd:17.2,Bpos:35.6,Bstd:16.9,StrandBias:0.5,Multiplicity:1.00
0.073	0.850	0.012	0.065
0.463	0.244	0.292	0.001
0.804	0.122	0.001	0.073
0.001	0.001	0.938	0.060
0.126	0.012	0.249	0.613
0.812	0.001	0.186	0.001
0.001	0.001	0.987	0.011
0.121	0.877	0.001	0.001
0.060	0.001	0.001	0.938
0.001	0.060	0.938	0.001
>AATGGRGTYT	18-AATGGRGTYT	7.366703	-31.719395	0	T:184.0(4.82%),B:73.0(1.81%),P:1e-13	Tpos:37.2,Tstd:18.5,Bpos:35.9,Bstd:22.4,StrandBias:0.4,Multiplicity:1.01
0.624	0.001	0.290	0.085
0.752	0.082	0.083	0.083
0.027	0.281	0.001	0.691
0.135	0.028	0.810	0.027
0.113	0.109	0.751	0.027
0.390	0.027	0.501	0.082
0.219	0.027	0.753	0.001
0.084	0.001	0.001	0.914
0.005	0.525	0.028	0.442
0.084	0.081	0.001	0.834
>ATGATGGTGG	19-ATGATGGTGG	7.551865	-28.900154	0	T:87.0(2.28%),B:18.3(0.46%),P:1e-12	Tpos:36.9,Tstd:18.5,Bpos:36.7,Bstd:14.0,StrandBias:-0.1,Multiplicity:1.04
0.713	0.093	0.108	0.086
0.086	0.031	0.082	0.801
0.081	0.068	0.809	0.042
0.802	0.053	0.083	0.062
0.100	0.050	0.060	0.790
0.017	0.036	0.873	0.074
0.105	0.036	0.770	0.089
0.063	0.028	0.063	0.846
0.103	0.036	0.794	0.067
0.070	0.029	0.812	0.089
>AAATGATRAM	20-AAATGATRAM	9.040242	-27.292570	0	T:86.0(2.25%),B:19.5(0.48%),P:1e-11	Tpos:40.7,Tstd:19.3,Bpos:41.9,Bstd:19.4,StrandBias:0.7,Multiplicity:1.01
0.997	0.001	0.001	0.001
0.496	0.159	0.291	0.053
0.997	0.001	0.001	0.001
0.342	0.001	0.001	0.656
0.056	0.001	0.942	0.001
0.942	0.056	0.001	0.001
0.001	0.001	0.001	0.997
0.421	0.129	0.449	0.001
0.901	0.004	0.001	0.094
0.331	0.464	0.204	0.001
>CTCGGCTCAT	21-CTCGGCTCAT	8.033468	-26.909580	0	T:102.0(2.67%),B:28.7(0.71%),P:1e-11	Tpos:42.9,Tstd:21.0,Bpos:41.7,Bstd:19.2,StrandBias:-0.2,Multiplicity:1.02
0.001	0.947	0.051	0.001
0.002	0.155	0.052	0.791
0.258	0.473	0.053	0.216
0.206	0.001	0.630	0.163
0.052	0.052	0.793	0.103
0.103	0.690	0.052	0.155
0.051	0.002	0.001	0.946
0.001	0.944	0.002	0.053
0.947	0.001	0.001	0.051
0.002	0.049	0.001	0.948
>TGCAAACTCC	22-TGCAAACTCC	7.420643	-24.605826	0	T:99.0(2.59%),B:29.4(0.73%),P:1e-10	Tpos:39.6,Tstd:20.1,Bpos:31.5,Bstd:23.1,StrandBias:-0.3,Multiplicity:1.00
0.001	0.308	0.001	0.690
0.013	0.001	0.973	0.013
0.013	0.968	0.001	0.018
0.997	0.001	0.001	0.001
0.985	0.001	0.001	0.013
0.616	0.382	0.001	0.001
0.001	0.997	0.001	0.001
0.013	0.001	0.001	0.985
0.001	0.703	0.295	0.001
0.001	0.717	0.001	0.281
>CGCTCTGTCA	23-CGCTCTGTCA	8.566423	-20.226760	0	T:59.0(1.55%),B:12.9(0.32%),P:1e-8	Tpos:35.1,Tstd:18.0,Bpos:25.3,Bstd:13.1,StrandBias:0.7,Multiplicity:1.00
0.082	0.680	0.100	0.138
0.111	0.264	0.477	0.148
0.066	0.835	0.033	0.066
0.099	0.132	0.016	0.753
0.001	0.917	0.049	0.033
0.049	0.049	0.001	0.901
0.049	0.033	0.852	0.066
0.033	0.001	0.033	0.933
0.034	0.850	0.082	0.034
0.824	0.033	0.061	0.082
>CGGGGCAGGC	24-CGGGGCAGGC	9.784093	-17.455421	0	T:39.0(1.02%),B:5.3(0.13%),P:1e-7	Tpos:37.9,Tstd:18.9,Bpos:37.8,Bstd:11.4,StrandBias:0.8,Multiplicity:1.00
0.001	0.997	0.001	0.001
0.370	0.001	0.628	0.001
0.097	0.218	0.684	0.001
0.001	0.001	0.997	0.001
0.001	0.001	0.997	0.001
0.001	0.687	0.311	0.001
0.997	0.001	0.001	0.001
0.001	0.001	0.699	0.299
0.001	0.001	0.997	0.001
0.001	0.997	0.001	0.001
>CAACTACCTC	25-CAACTACCTC	7.775583	-16.543352	0	T:42.0(1.10%),B:7.1(0.18%),P:1e-7	Tpos:42.6,Tstd:20.0,Bpos:41.6,Bstd:19.0,StrandBias:-0.5,Multiplicity:1.00
0.080	0.721	0.107	0.092
0.847	0.015	0.031	0.107
0.782	0.017	0.093	0.108
0.094	0.782	0.046	0.078
0.031	0.092	0.015	0.862
0.783	0.108	0.047	0.062
0.092	0.831	0.015	0.062
0.093	0.831	0.015	0.061
0.078	0.015	0.031	0.876
0.139	0.706	0.047	0.108
