>SAGGVAGVRG	1-SAGGVAGVRG	6.225633	-38.531331	0	T:221.0(24.58%),B:80.1(9.48%),P:1e-16	Tpos:36.6,Tstd:17.5,Bpos:37.6,Bstd:28.9,StrandBias:0.6,Multiplicity:1.60
0.187	0.413	0.379	0.021
0.826	0.033	0.062	0.079
0.079	0.012	0.863	0.046
0.046	0.046	0.795	0.113
0.262	0.345	0.255	0.137
0.485	0.183	0.066	0.266
0.183	0.054	0.613	0.150
0.295	0.330	0.367	0.008
0.417	0.222	0.320	0.042
0.079	0.075	0.775	0.071
>TACCTGTAAT	2-TACCTGTAAT	8.219861	-37.073765	0	T:71.0(7.90%),B:5.0(0.59%),P:1e-16	Tpos:34.8,Tstd:21.6,Bpos:34.4,Bstd:12.2,StrandBias:0.3,Multiplicity:1.00
0.001	0.123	0.001	0.875
0.741	0.001	0.191	0.067
0.207	0.578	0.034	0.181
0.074	0.858	0.034	0.034
0.066	0.001	0.001	0.932
0.100	0.067	0.832	0.001
0.001	0.200	0.033	0.766
0.779	0.147	0.040	0.034
0.669	0.001	0.257	0.073
0.100	0.001	0.001	0.898
>GNBYCACTGC	3-GNBYCACTGC	6.251086	-35.556225	0	T:194.0(21.58%),B:67.1(7.94%),P:1e-15	Tpos:37.4,Tstd:19.2,Bpos:35.8,Bstd:22.9,StrandBias:0.2,Multiplicity:1.12
0.131	0.084	0.515	0.270
0.292	0.290	0.265	0.153
0.144	0.353	0.291	0.212
0.001	0.398	0.063	0.538
0.001	0.854	0.001	0.144
0.735	0.020	0.021	0.224
0.001	0.878	0.120	0.001
0.001	0.039	0.001	0.959
0.039	0.001	0.959	0.001
0.148	0.496	0.061	0.295
>CTGGKTTCAA	4-CTGGKTTCAA	7.359442	-32.017349	0	T:117.0(13.01%),B:27.8(3.29%),P:1e-13	Tpos:37.0,Tstd:18.2,Bpos:42.5,Bstd:22.1,StrandBias:-0.1,Multiplicity:1.08
0.001	0.802	0.001	0.196
0.102	0.252	0.001	0.645
0.285	0.001	0.681	0.033
0.163	0.001	0.835	0.001
0.002	0.137	0.425	0.436
0.002	0.369	0.001	0.628
0.032	0.001	0.001	0.966
0.001	0.997	0.001	0.001
0.735	0.001	0.033	0.231
0.664	0.001	0.266	0.069
>AGTAGCTGGG	5-AGTAGCTGGG	7.822519	-31.873976	0	T:87.0(9.68%),B:13.8(1.63%),P:1e-13	Tpos:34.5,Tstd:20.3,Bpos:31.2,Bstd:19.4,StrandBias:-0.6,Multiplicity:1.07
0.910	0.001	0.053	0.036
0.073	0.071	0.710	0.146
0.106	0.089	0.142	0.663
0.733	0.036	0.160	0.071
0.124	0.089	0.733	0.054
0.071	0.804	0.054	0.071
0.018	0.106	0.018	0.858
0.001	0.001	0.910	0.088
0.018	0.035	0.912	0.035
0.106	0.071	0.805	0.018
>AGCCGAGATG	6-AGCCGAGATG	7.045017	-30.340575	0	T:45.0(5.01%),B:0.5(0.06%),P:1e-13	Tpos:45.3,Tstd:21.1,Bpos:61.0,Bstd:0.0,StrandBias:1.4,Multiplicity:1.00
0.817	0.001	0.181	0.001
0.001	0.001	0.997	0.001
0.001	0.817	0.001	0.181
0.001	0.997	0.001	0.001
0.050	0.052	0.897	0.001
0.817	0.001	0.181	0.001
0.001	0.001	0.997	0.001
0.899	0.050	0.050	0.001
0.181	0.001	0.001	0.817
0.001	0.053	0.931	0.015
>AARWGATGRK	7-AARWGATGRK	6.170319	-29.512436	0	T:219.0(24.36%),B:93.8(11.10%),P:1e-12	Tpos:35.6,Tstd:17.9,Bpos:36.7,Bstd:17.0,StrandBias:0.3,Multiplicity:1.08
0.450	0.117	0.152	0.280
0.766	0.001	0.232	0.001
0.503	0.001	0.495	0.001
0.432	0.001	0.105	0.462
0.363	0.001	0.635	0.001
0.810	0.108	0.081	0.001
0.001	0.001	0.001	0.997
0.104	0.001	0.884	0.011
0.373	0.001	0.486	0.140
0.197	0.093	0.370	0.340
>YGGGAGGCDG	8-YGGGAGGCDG	8.862248	-25.949092	0	T:101.0(11.23%),B:25.3(2.99%),P:1e-11	Tpos:35.1,Tstd:21.8,Bpos:43.2,Bstd:5.1,StrandBias:0.0,Multiplicity:1.00
0.172	0.374	0.001	0.453
0.001	0.001	0.948	0.050
0.001	0.001	0.997	0.001
0.001	0.204	0.794	0.001
0.623	0.325	0.001	0.051
0.001	0.001	0.997	0.001
0.120	0.154	0.725	0.001
0.001	0.887	0.111	0.001
0.390	0.001	0.281	0.328
0.001	0.154	0.794	0.051
>AGBRAGACYM	9-AGBRAGACYM	6.525030	-21.787489	0	T:125.0(13.90%),B:44.4(5.26%),P:1e-9	Tpos:37.6,Tstd:20.8,Bpos:41.5,Bstd:20.2,StrandBias:0.2,Multiplicity:1.02
0.786	0.001	0.212	0.001
0.269	0.001	0.729	0.001
0.036	0.244	0.378	0.341
0.482	0.002	0.407	0.110
0.927	0.001	0.001	0.071
0.377	0.001	0.621	0.001
0.900	0.001	0.065	0.034
0.001	0.566	0.134	0.299
0.033	0.478	0.001	0.488
0.468	0.498	0.033	0.001
>AAATGAGGCA	10-AAATGAGGCA	8.212091	-21.509738	0	T:40.0(4.45%),B:2.9(0.34%),P:1e-9	Tpos:34.5,Tstd:18.1,Bpos:27.0,Bstd:15.8,StrandBias:0.6,Multiplicity:1.05
0.908	0.044	0.001	0.047
0.811	0.003	0.090	0.096
0.816	0.003	0.048	0.133
0.044	0.003	0.001	0.952
0.137	0.092	0.627	0.144
0.951	0.001	0.047	0.001
0.048	0.089	0.819	0.044
0.284	0.001	0.626	0.089
0.149	0.566	0.090	0.195
0.997	0.001	0.001	0.001
>CGTGGTGGCG	11-CGTGGTGGCG	7.696099	-17.989217	0	T:31.0(3.45%),B:1.1(0.13%),P:1e-7	Tpos:38.8,Tstd:17.4,Bpos:40.9,Bstd:19.2,StrandBias:-0.2,Multiplicity:1.00
0.063	0.623	0.167	0.147
0.127	0.102	0.629	0.142
0.054	0.078	0.121	0.747
0.018	0.042	0.869	0.071
0.065	0.066	0.839	0.030
0.108	0.059	0.122	0.711
0.059	0.048	0.839	0.054
0.110	0.096	0.705	0.089
0.107	0.476	0.236	0.181
0.168	0.114	0.572	0.146
>ATAAATATKT	12-ATAAATATKT	6.992010	-17.177201	0	T:99.0(11.01%),B:35.5(4.21%),P:1e-7	Tpos:36.7,Tstd:18.8,Bpos:34.0,Bstd:14.3,StrandBias:0.2,Multiplicity:1.13
0.516	0.035	0.162	0.287
0.334	0.001	0.017	0.648
0.997	0.001	0.001	0.001
0.638	0.181	0.036	0.145
0.750	0.054	0.017	0.179
0.017	0.372	0.070	0.541
0.946	0.001	0.052	0.001
0.123	0.017	0.140	0.720
0.111	0.019	0.442	0.428
0.001	0.069	0.001	0.929
>AGTAGAGACG	13-AGTAGAGACG	4.735714	-12.653969	0	T:38.0(4.23%),B:7.9(0.94%),P:1e-5	Tpos:39.6,Tstd:21.7,Bpos:42.3,Bstd:16.7,StrandBias:0.4,Multiplicity:1.00
0.806	0.001	0.001	0.192
0.001	0.001	0.997	0.001
0.001	0.001	0.001	0.997
0.997	0.001	0.001	0.001
0.001	0.001	0.997	0.001
0.997	0.001	0.001	0.001
0.001	0.001	0.997	0.001
0.997	0.001	0.001	0.001
0.001	0.578	0.001	0.420
0.001	0.001	0.997	0.001
>NKNBTCCCAGSY	1-NKNBTCCCAGSY	5.954436	-45.803366	0	T:360.0(40.04%),B:167.4(19.81%),P:1e-19	Tpos:37.1,Tstd:18.4,Bpos:34.5,Bstd:26.4,StrandBias:-0.0,Multiplicity:1.23
0.249	0.282	0.188	0.281
0.102	0.239	0.259	0.399
0.286	0.306	0.184	0.224
0.158	0.326	0.194	0.322
0.178	0.200	0.157	0.465
0.001	0.997	0.001	0.001
0.001	0.997	0.001	0.001
0.001	0.997	0.001	0.001
0.997	0.001	0.001	0.001
0.266	0.102	0.623	0.009
0.060	0.471	0.444	0.026
0.175	0.319	0.145	0.361
>ATTCTYCTGCCT	2-ATTCTYCTGCCT	8.106673	-42.905241	0	T:98.0(10.90%),B:10.8(1.27%),P:1e-18	Tpos:36.3,Tstd:14.4,Bpos:42.2,Bstd:30.0,StrandBias:-0.6,Multiplicity:1.01
0.692	0.001	0.102	0.205
0.050	0.001	0.001	0.948
0.001	0.155	0.001	0.843
0.001	0.846	0.051	0.102
0.102	0.001	0.051	0.846
0.053	0.426	0.051	0.469
0.001	0.944	0.002	0.053
0.051	0.051	0.001	0.897
0.103	0.051	0.743	0.103
0.001	0.845	0.001	0.153
0.001	0.997	0.001	0.001
0.001	0.001	0.001	0.997
>AACYCRGGAGGC	3-AACYCRGGAGGC	4.660259	-34.620757	0	T:116.0(12.90%),B:24.0(2.84%),P:1e-15	Tpos:35.0,Tstd:21.1,Bpos:43.4,Bstd:22.7,StrandBias:0.4,Multiplicity:1.16
0.750	0.001	0.001	0.248
0.559	0.373	0.001	0.067
0.001	0.802	0.001	0.196
0.001	0.545	0.001	0.453
0.213	0.785	0.001	0.001
0.467	0.001	0.531	0.001
0.001	0.001	0.997	0.001
0.001	0.034	0.773	0.192
0.997	0.001	0.001	0.001
0.001	0.001	0.997	0.001
0.001	0.001	0.807	0.191
0.001	0.500	0.184	0.315
>WHNCTGTAAHNN	4-WHNCTGTAAHNN	4.707527	-29.250190	0	T:52.0(5.78%),B:2.6(0.30%),P:1e-12	Tpos:34.8,Tstd:20.6,Bpos:32.3,Bstd:15.5,StrandBias:0.2,Multiplicity:1.00
0.232	0.211	0.180	0.377
0.358	0.216	0.182	0.244
0.182	0.330	0.231	0.257
0.233	0.419	0.177	0.171
0.204	0.133	0.141	0.522
0.160	0.155	0.523	0.162
0.150	0.174	0.166	0.510
0.485	0.163	0.187	0.164
0.468	0.177	0.151	0.204
0.269	0.202	0.177	0.352
0.252	0.324	0.207	0.216
0.215	0.330	0.224	0.231
>AYCTTGGCTYMC	5-AYCTTGGCTYMC	8.702577	-28.929676	0	T:55.0(6.12%),B:3.4(0.40%),P:1e-12	Tpos:42.4,Tstd:20.7,Bpos:11.8,Bstd:1.6,StrandBias:-0.9,Multiplicity:1.00
0.715	0.046	0.189	0.050
0.023	0.352	0.237	0.388
0.046	0.718	0.003	0.233
0.116	0.169	0.214	0.501
0.023	0.265	0.167	0.545
0.170	0.001	0.804	0.025
0.162	0.002	0.767	0.069
0.024	0.928	0.047	0.001
0.024	0.162	0.001	0.813
0.141	0.386	0.168	0.305
0.360	0.405	0.190	0.046
0.121	0.736	0.116	0.027
>CGCCACTGTACT	6-CGCCACTGTACT	8.874828	-18.580416	0	T:44.0(4.89%),B:5.1(0.60%),P:1e-8	Tpos:40.7,Tstd:15.5,Bpos:27.0,Bstd:3.8,StrandBias:0.3,Multiplicity:1.00
0.288	0.513	0.001	0.198
0.394	0.001	0.604	0.001
0.001	0.890	0.001	0.108
0.001	0.815	0.001	0.183
0.817	0.001	0.001	0.181
0.001	0.791	0.001	0.207
0.001	0.001	0.001	0.997
0.001	0.001	0.997	0.001
0.011	0.078	0.001	0.910
0.648	0.273	0.001	0.078
0.001	0.791	0.001	0.207
0.001	0.350	0.001	0.648
>AAACTCCGTCTC	7-AAACTCCGTCTC	7.834514	-17.391684	0	T:26.0(2.89%),B:1.0(0.11%),P:1e-7	Tpos:42.9,Tstd:18.5,Bpos:57.1,Bstd:3.1,StrandBias:0.7,Multiplicity:1.00
0.538	0.145	0.140	0.177
0.565	0.133	0.157	0.145
0.593	0.167	0.091	0.149
0.149	0.579	0.113	0.159
0.155	0.125	0.061	0.659
0.108	0.591	0.147	0.154
0.193	0.498	0.103	0.206
0.169	0.150	0.458	0.223
0.094	0.133	0.093	0.680
0.132	0.613	0.110	0.145
0.148	0.120	0.066	0.666
0.128	0.563	0.122	0.187
>GCACTTTGGGAG	8-GCACTTTGGGAG	9.756664	-13.855385	0	T:62.0(6.90%),B:18.3(2.17%),P:1e-6	Tpos:35.7,Tstd:19.5,Bpos:59.0,Bstd:0.0,StrandBias:-0.1,Multiplicity:1.00
0.006	0.001	0.876	0.117
0.118	0.641	0.118	0.123
0.758	0.118	0.006	0.118
0.117	0.876	0.001	0.006
0.001	0.001	0.117	0.881
0.001	0.001	0.001	0.997
0.001	0.001	0.234	0.764
0.001	0.001	0.997	0.001
0.001	0.117	0.881	0.001
0.117	0.001	0.881	0.001
0.881	0.001	0.117	0.001
0.001	0.001	0.881	0.117
>CTAAAAATAAAA	9-CTAAAAATAAAA	9.537122	-13.035929	0	T:49.0(5.45%),B:12.1(1.43%),P:1e-5	Tpos:42.0,Tstd:19.8,Bpos:26.1,Bstd:10.3,StrandBias:-1.0,Multiplicity:1.04
0.067	0.540	0.254	0.139
0.066	0.121	0.001	0.812
0.654	0.079	0.134	0.133
0.812	0.066	0.121	0.001
0.879	0.060	0.060	0.001
0.997	0.001	0.001	0.001
0.981	0.001	0.017	0.001
0.139	0.060	0.001	0.800
0.879	0.060	0.001	0.060
0.800	0.072	0.061	0.067
0.801	0.060	0.001	0.138
0.928	0.001	0.011	0.060
>ATCCCAGC	1-ATCCCAGC	5.558434	-54.525814	0	T:267.0(29.70%),B:88.2(10.44%),P:1e-23	Tpos:36.6,Tstd:20.3,Bpos:33.2,Bstd:23.5,StrandBias:0.2,Multiplicity:1.10
0.541	0.335	0.096	0.028
0.080	0.111	0.256	0.553
0.001	0.712	0.041	0.246
0.014	0.806	0.079	0.101
0.028	0.842	0.028	0.102
0.706	0.128	0.138	0.028
0.239	0.104	0.539	0.118
0.041	0.594	0.168	0.197
>GMAGAGAH	2-GMAGAGAH	5.163480	-39.419729	0	T:364.0(40.49%),B:183.0(21.66%),P:1e-17	Tpos:38.5,Tstd:20.1,Bpos:35.7,Bstd:22.6,StrandBias:0.3,Multiplicity:1.20
0.293	0.177	0.529	0.001
0.396	0.545	0.013	0.046
0.662	0.152	0.001	0.185
0.362	0.025	0.612	0.001
0.935	0.001	0.001	0.063
0.001	0.001	0.997	0.001
0.987	0.011	0.001	0.001
0.328	0.323	0.001	0.348
>TCTGCCTC	3-TCTGCCTC	6.246678	-37.166592	0	T:221.0(24.58%),B:82.9(9.82%),P:1e-16	Tpos:36.9,Tstd:17.8,Bpos:37.4,Bstd:28.0,StrandBias:-0.4,Multiplicity:1.42
0.036	0.176	0.001	0.787
0.001	0.997	0.001	0.001
0.151	0.001	0.098	0.750
0.001	0.001	0.918	0.080
0.009	0.765	0.001	0.225
0.001	0.956	0.001	0.042
0.001	0.001	0.001	0.997
0.001	0.944	0.020	0.035
>CAGCCTGG	4-CAGCCTGG	6.117268	-32.864244	0	T:132.0(14.68%),B:35.0(4.14%),P:1e-14	Tpos:38.3,Tstd:20.1,Bpos:43.7,Bstd:22.5,StrandBias:0.1,Multiplicity:1.05
0.023	0.960	0.001	0.016
0.876	0.030	0.068	0.026
0.008	0.001	0.990	0.001
0.001	0.680	0.318	0.001
0.001	0.997	0.001	0.001
0.001	0.001	0.015	0.983
0.010	0.010	0.934	0.046
0.030	0.078	0.834	0.058
>GGCTCACG	5-GGCTCACG	5.875196	-27.265754	0	T:151.0(16.80%),B:52.3(6.20%),P:1e-11	Tpos:38.1,Tstd:19.2,Bpos:37.8,Bstd:26.2,StrandBias:-0.2,Multiplicity:1.18
0.101	0.032	0.801	0.066
0.073	0.103	0.789	0.035
0.152	0.607	0.069	0.172
0.103	0.068	0.051	0.778
0.025	0.895	0.051	0.029
0.781	0.121	0.051	0.047
0.182	0.603	0.113	0.102
0.080	0.059	0.758	0.103
>GGCGGGAA	6-GGCGGGAA	7.614071	-24.491450	0	T:48.0(5.34%),B:3.4(0.40%),P:1e-10	Tpos:38.5,Tstd:20.3,Bpos:51.9,Bstd:4.3,StrandBias:0.8,Multiplicity:1.00
0.001	0.001	0.997	0.001
0.034	0.139	0.826	0.001
0.001	0.833	0.001	0.165
0.001	0.001	0.997	0.001
0.001	0.001	0.997	0.001
0.001	0.001	0.997	0.001
0.652	0.278	0.069	0.001
0.826	0.001	0.139	0.034
>TTATTTTA	7-TTATTTTA	7.722304	-22.846813	0	T:85.0(9.45%),B:20.3(2.40%),P:1e-9	Tpos:37.3,Tstd:19.7,Bpos:35.3,Bstd:17.6,StrandBias:0.0,Multiplicity:1.10
0.125	0.063	0.071	0.741
0.056	0.001	0.001	0.942
0.898	0.001	0.100	0.001
0.001	0.037	0.031	0.931
0.001	0.001	0.030	0.968
0.101	0.023	0.001	0.875
0.090	0.001	0.001	0.908
0.903	0.053	0.001	0.043
>GGAAGATG	8-GGAAGATG	7.236226	-20.819256	0	T:53.0(5.90%),B:7.1(0.84%),P:1e-9	Tpos:35.0,Tstd:20.9,Bpos:29.9,Bstd:14.4,StrandBias:0.1,Multiplicity:1.02
0.172	0.001	0.826	0.001
0.068	0.057	0.874	0.001
0.799	0.028	0.115	0.058
0.913	0.001	0.001	0.085
0.212	0.057	0.730	0.001
0.997	0.001	0.001	0.001
0.001	0.028	0.057	0.914
0.001	0.028	0.970	0.001
>GGTGACGG	9-GGTGACGG	5.913031	-20.384529	0	T:78.0(8.68%),B:19.5(2.31%),P:1e-8	Tpos:36.9,Tstd:20.5,Bpos:40.3,Bstd:24.1,StrandBias:0.7,Multiplicity:1.10
0.055	0.056	0.845	0.044
0.045	0.140	0.760	0.055
0.089	0.022	0.149	0.740
0.033	0.092	0.853	0.022
0.683	0.163	0.099	0.055
0.110	0.692	0.096	0.102
0.084	0.033	0.636	0.247
0.070	0.033	0.809	0.088
>AAACTCCR	10-AAACTCCR	6.218987	-20.065642	0	T:111.0(12.35%),B:38.6(4.57%),P:1e-8	Tpos:36.1,Tstd:20.5,Bpos:36.1,Bstd:26.2,StrandBias:-0.1,Multiplicity:1.03
0.894	0.035	0.047	0.024
0.880	0.012	0.084	0.024
0.589	0.250	0.067	0.094
0.078	0.840	0.035	0.047
0.091	0.157	0.035	0.717
0.076	0.824	0.088	0.012
0.024	0.858	0.036	0.082
0.306	0.179	0.416	0.099
>CGCAGTGG	11-CGCAGTGG	6.813720	-13.719198	0	T:67.0(7.45%),B:21.5(2.54%),P:1e-5	Tpos:41.7,Tstd:18.8,Bpos:27.1,Bstd:19.7,StrandBias:-0.8,Multiplicity:1.02
0.001	0.848	0.001	0.150
0.001	0.315	0.579	0.105
0.001	0.894	0.001	0.104
0.788	0.001	0.210	0.001
0.001	0.001	0.997	0.001
0.001	0.104	0.001	0.894
0.001	0.001	0.997	0.001
0.001	0.001	0.935	0.063
>AGGACGGA	12-AGGACGGA	5.887320	-12.767734	0	T:36.0(4.00%),B:6.5(0.77%),P:1e-5	Tpos:32.2,Tstd:18.3,Bpos:36.3,Bstd:10.5,StrandBias:-0.4,Multiplicity:1.06
0.670	0.048	0.189	0.093
0.166	0.051	0.649	0.134
0.074	0.107	0.741	0.078
0.653	0.126	0.120	0.101
0.213	0.467	0.221	0.099
0.181	0.081	0.591	0.147
0.164	0.126	0.615	0.095
0.618	0.111	0.154	0.117
>ACYGACCC	13-ACYGACCC	5.861858	-11.787933	0	T:77.0(8.57%),B:30.2(3.57%),P:1e-5	Tpos:32.4,Tstd:19.5,Bpos:40.8,Bstd:15.0,StrandBias:0.8,Multiplicity:1.02
0.984	0.014	0.001	0.001
0.001	0.861	0.137	0.001
0.063	0.396	0.015	0.526
0.014	0.386	0.599	0.001
0.776	0.015	0.015	0.194
0.001	0.805	0.193	0.001
0.193	0.677	0.129	0.001
0.001	0.997	0.001	0.001
