>SAGGVAGVRG	1-SAGGVAGVRG	6.225633	-38.531331	0	T:221.0(24.58%),B:80.1(9.48%),P:1e-16	Tpos:36.6,Tstd:17.5,Bpos:37.6,Bstd:28.9,StrandBias:0.6,Multiplicity:1.60
0.187	0.413	0.379	0.021
0.826	0.033	0.062	0.079
0.079	0.012	0.863	0.046
0.046	0.046	0.795	0.113
0.262	0.345	0.255	0.137
0.485	0.183	0.066	0.266
0.183	0.054	0.613	0.150
0.295	0.330	0.367	0.008
0.417	0.222	0.320	0.042
0.079	0.075	0.775	0.071
>TACCTGTAAT	2-TACCTGTAAT	8.219861	-37.073765	0	T:71.0(7.90%),B:5.0(0.59%),P:1e-16	Tpos:34.8,Tstd:21.6,Bpos:34.4,Bstd:12.2,StrandBias:0.3,Multiplicity:1.00
0.001	0.123	0.001	0.875
0.741	0.001	0.191	0.067
0.207	0.578	0.034	0.181
0.074	0.858	0.034	0.034
0.066	0.001	0.001	0.932
0.100	0.067	0.832	0.001
0.001	0.200	0.033	0.766
0.779	0.147	0.040	0.034
0.669	0.001	0.257	0.073
0.100	0.001	0.001	0.898
>GNBYCACTGC	3-GNBYCACTGC	6.251086	-35.556225	0	T:194.0(21.58%),B:67.1(7.94%),P:1e-15	Tpos:37.4,Tstd:19.2,Bpos:35.8,Bstd:22.9,StrandBias:0.2,Multiplicity:1.12
0.131	0.084	0.515	0.270
0.292	0.290	0.265	0.153
0.144	0.353	0.291	0.212
0.001	0.398	0.063	0.538
0.001	0.854	0.001	0.144
0.735	0.020	0.021	0.224
0.001	0.878	0.120	0.001
0.001	0.039	0.001	0.959
0.039	0.001	0.959	0.001
0.148	0.496	0.061	0.295
>CTGGKTTCAA	4-CTGGKTTCAA	7.359442	-32.017349	0	T:117.0(13.01%),B:27.8(3.29%),P:1e-13	Tpos:37.0,Tstd:18.2,Bpos:42.5,Bstd:22.1,StrandBias:-0.1,Multiplicity:1.08
0.001	0.802	0.001	0.196
0.102	0.252	0.001	0.645
0.285	0.001	0.681	0.033
0.163	0.001	0.835	0.001
0.002	0.137	0.425	0.436
0.002	0.369	0.001	0.628
0.032	0.001	0.001	0.966
0.001	0.997	0.001	0.001
0.735	0.001	0.033	0.231
0.664	0.001	0.266	0.069
>AGTAGCTGGG	5-AGTAGCTGGG	7.822519	-31.873976	0	T:87.0(9.68%),B:13.8(1.63%),P:1e-13	Tpos:34.5,Tstd:20.3,Bpos:31.2,Bstd:19.4,StrandBias:-0.6,Multiplicity:1.07
0.910	0.001	0.053	0.036
0.073	0.071	0.710	0.146
0.106	0.089	0.142	0.663
0.733	0.036	0.160	0.071
0.124	0.089	0.733	0.054
0.071	0.804	0.054	0.071
0.018	0.106	0.018	0.858
0.001	0.001	0.910	0.088
0.018	0.035	0.912	0.035
0.106	0.071	0.805	0.018
>AGCCGAGATG	6-AGCCGAGATG	7.045017	-30.340575	0	T:45.0(5.01%),B:0.5(0.06%),P:1e-13	Tpos:45.3,Tstd:21.1,Bpos:61.0,Bstd:0.0,StrandBias:1.4,Multiplicity:1.00
0.817	0.001	0.181	0.001
0.001	0.001	0.997	0.001
0.001	0.817	0.001	0.181
0.001	0.997	0.001	0.001
0.050	0.052	0.897	0.001
0.817	0.001	0.181	0.001
0.001	0.001	0.997	0.001
0.899	0.050	0.050	0.001
0.181	0.001	0.001	0.817
0.001	0.053	0.931	0.015
>AARWGATGRK	7-AARWGATGRK	6.170319	-29.512436	0	T:219.0(24.36%),B:93.8(11.10%),P:1e-12	Tpos:35.6,Tstd:17.9,Bpos:36.7,Bstd:17.0,StrandBias:0.3,Multiplicity:1.08
0.450	0.117	0.152	0.280
0.766	0.001	0.232	0.001
0.503	0.001	0.495	0.001
0.432	0.001	0.105	0.462
0.363	0.001	0.635	0.001
0.810	0.108	0.081	0.001
0.001	0.001	0.001	0.997
0.104	0.001	0.884	0.011
0.373	0.001	0.486	0.140
0.197	0.093	0.370	0.340
>YGGGAGGCDG	8-YGGGAGGCDG	8.862248	-25.949092	0	T:101.0(11.23%),B:25.3(2.99%),P:1e-11	Tpos:35.1,Tstd:21.8,Bpos:43.2,Bstd:5.1,StrandBias:0.0,Multiplicity:1.00
0.172	0.374	0.001	0.453
0.001	0.001	0.948	0.050
0.001	0.001	0.997	0.001
0.001	0.204	0.794	0.001
0.623	0.325	0.001	0.051
0.001	0.001	0.997	0.001
0.120	0.154	0.725	0.001
0.001	0.887	0.111	0.001
0.390	0.001	0.281	0.328
0.001	0.154	0.794	0.051
>AGBRAGACYM	9-AGBRAGACYM	6.525030	-21.787489	0	T:125.0(13.90%),B:44.4(5.26%),P:1e-9	Tpos:37.6,Tstd:20.8,Bpos:41.5,Bstd:20.2,StrandBias:0.2,Multiplicity:1.02
0.786	0.001	0.212	0.001
0.269	0.001	0.729	0.001
0.036	0.244	0.378	0.341
0.482	0.002	0.407	0.110
0.927	0.001	0.001	0.071
0.377	0.001	0.621	0.001
0.900	0.001	0.065	0.034
0.001	0.566	0.134	0.299
0.033	0.478	0.001	0.488
0.468	0.498	0.033	0.001
>AAATGAGGCA	10-AAATGAGGCA	8.212091	-21.509738	0	T:40.0(4.45%),B:2.9(0.34%),P:1e-9	Tpos:34.5,Tstd:18.1,Bpos:27.0,Bstd:15.8,StrandBias:0.6,Multiplicity:1.05
0.908	0.044	0.001	0.047
0.811	0.003	0.090	0.096
0.816	0.003	0.048	0.133
0.044	0.003	0.001	0.952
0.137	0.092	0.627	0.144
0.951	0.001	0.047	0.001
0.048	0.089	0.819	0.044
0.284	0.001	0.626	0.089
0.149	0.566	0.090	0.195
0.997	0.001	0.001	0.001
>CGTGGTGGCG	11-CGTGGTGGCG	7.696099	-17.989217	0	T:31.0(3.45%),B:1.1(0.13%),P:1e-7	Tpos:38.8,Tstd:17.4,Bpos:40.9,Bstd:19.2,StrandBias:-0.2,Multiplicity:1.00
0.063	0.623	0.167	0.147
0.127	0.102	0.629	0.142
0.054	0.078	0.121	0.747
0.018	0.042	0.869	0.071
0.065	0.066	0.839	0.030
0.108	0.059	0.122	0.711
0.059	0.048	0.839	0.054
0.110	0.096	0.705	0.089
0.107	0.476	0.236	0.181
0.168	0.114	0.572	0.146
>ATAAATATKT	12-ATAAATATKT	6.992010	-17.177201	0	T:99.0(11.01%),B:35.5(4.21%),P:1e-7	Tpos:36.7,Tstd:18.8,Bpos:34.0,Bstd:14.3,StrandBias:0.2,Multiplicity:1.13
0.516	0.035	0.162	0.287
0.334	0.001	0.017	0.648
0.997	0.001	0.001	0.001
0.638	0.181	0.036	0.145
0.750	0.054	0.017	0.179
0.017	0.372	0.070	0.541
0.946	0.001	0.052	0.001
0.123	0.017	0.140	0.720
0.111	0.019	0.442	0.428
0.001	0.069	0.001	0.929
>AGTAGAGACG	13-AGTAGAGACG	4.735714	-12.653969	0	T:38.0(4.23%),B:7.9(0.94%),P:1e-5	Tpos:39.6,Tstd:21.7,Bpos:42.3,Bstd:16.7,StrandBias:0.4,Multiplicity:1.00
0.806	0.001	0.001	0.192
0.001	0.001	0.997	0.001
0.001	0.001	0.001	0.997
0.997	0.001	0.001	0.001
0.001	0.001	0.997	0.001
0.997	0.001	0.001	0.001
0.001	0.001	0.997	0.001
0.997	0.001	0.001	0.001
0.001	0.578	0.001	0.420
0.001	0.001	0.997	0.001
