>NKNBTCCCAGSY	1-NKNBTCCCAGSY	5.954436	-45.803366	0	T:360.0(40.04%),B:167.4(19.81%),P:1e-19	Tpos:37.1,Tstd:18.4,Bpos:34.5,Bstd:26.4,StrandBias:-0.0,Multiplicity:1.23
0.249	0.282	0.188	0.281
0.102	0.239	0.259	0.399
0.286	0.306	0.184	0.224
0.158	0.326	0.194	0.322
0.178	0.200	0.157	0.465
0.001	0.997	0.001	0.001
0.001	0.997	0.001	0.001
0.001	0.997	0.001	0.001
0.997	0.001	0.001	0.001
0.266	0.102	0.623	0.009
0.060	0.471	0.444	0.026
0.175	0.319	0.145	0.361
>ATTCTYCTGCCT	2-ATTCTYCTGCCT	8.106673	-42.905241	0	T:98.0(10.90%),B:10.8(1.27%),P:1e-18	Tpos:36.3,Tstd:14.4,Bpos:42.2,Bstd:30.0,StrandBias:-0.6,Multiplicity:1.01
0.692	0.001	0.102	0.205
0.050	0.001	0.001	0.948
0.001	0.155	0.001	0.843
0.001	0.846	0.051	0.102
0.102	0.001	0.051	0.846
0.053	0.426	0.051	0.469
0.001	0.944	0.002	0.053
0.051	0.051	0.001	0.897
0.103	0.051	0.743	0.103
0.001	0.845	0.001	0.153
0.001	0.997	0.001	0.001
0.001	0.001	0.001	0.997
>AACYCRGGAGGC	3-AACYCRGGAGGC	4.660259	-34.620757	0	T:116.0(12.90%),B:24.0(2.84%),P:1e-15	Tpos:35.0,Tstd:21.1,Bpos:43.4,Bstd:22.7,StrandBias:0.4,Multiplicity:1.16
0.750	0.001	0.001	0.248
0.559	0.373	0.001	0.067
0.001	0.802	0.001	0.196
0.001	0.545	0.001	0.453
0.213	0.785	0.001	0.001
0.467	0.001	0.531	0.001
0.001	0.001	0.997	0.001
0.001	0.034	0.773	0.192
0.997	0.001	0.001	0.001
0.001	0.001	0.997	0.001
0.001	0.001	0.807	0.191
0.001	0.500	0.184	0.315
>WHNCTGTAAHNN	4-WHNCTGTAAHNN	4.707527	-29.250190	0	T:52.0(5.78%),B:2.6(0.30%),P:1e-12	Tpos:34.8,Tstd:20.6,Bpos:32.3,Bstd:15.5,StrandBias:0.2,Multiplicity:1.00
0.232	0.211	0.180	0.377
0.358	0.216	0.182	0.244
0.182	0.330	0.231	0.257
0.233	0.419	0.177	0.171
0.204	0.133	0.141	0.522
0.160	0.155	0.523	0.162
0.150	0.174	0.166	0.510
0.485	0.163	0.187	0.164
0.468	0.177	0.151	0.204
0.269	0.202	0.177	0.352
0.252	0.324	0.207	0.216
0.215	0.330	0.224	0.231
>AYCTTGGCTYMC	5-AYCTTGGCTYMC	8.702577	-28.929676	0	T:55.0(6.12%),B:3.4(0.40%),P:1e-12	Tpos:42.4,Tstd:20.7,Bpos:11.8,Bstd:1.6,StrandBias:-0.9,Multiplicity:1.00
0.715	0.046	0.189	0.050
0.023	0.352	0.237	0.388
0.046	0.718	0.003	0.233
0.116	0.169	0.214	0.501
0.023	0.265	0.167	0.545
0.170	0.001	0.804	0.025
0.162	0.002	0.767	0.069
0.024	0.928	0.047	0.001
0.024	0.162	0.001	0.813
0.141	0.386	0.168	0.305
0.360	0.405	0.190	0.046
0.121	0.736	0.116	0.027
>CGCCACTGTACT	6-CGCCACTGTACT	8.874828	-18.580416	0	T:44.0(4.89%),B:5.1(0.60%),P:1e-8	Tpos:40.7,Tstd:15.5,Bpos:27.0,Bstd:3.8,StrandBias:0.3,Multiplicity:1.00
0.288	0.513	0.001	0.198
0.394	0.001	0.604	0.001
0.001	0.890	0.001	0.108
0.001	0.815	0.001	0.183
0.817	0.001	0.001	0.181
0.001	0.791	0.001	0.207
0.001	0.001	0.001	0.997
0.001	0.001	0.997	0.001
0.011	0.078	0.001	0.910
0.648	0.273	0.001	0.078
0.001	0.791	0.001	0.207
0.001	0.350	0.001	0.648
>AAACTCCGTCTC	7-AAACTCCGTCTC	7.834514	-17.391684	0	T:26.0(2.89%),B:1.0(0.11%),P:1e-7	Tpos:42.9,Tstd:18.5,Bpos:57.1,Bstd:3.1,StrandBias:0.7,Multiplicity:1.00
0.538	0.145	0.140	0.177
0.565	0.133	0.157	0.145
0.593	0.167	0.091	0.149
0.149	0.579	0.113	0.159
0.155	0.125	0.061	0.659
0.108	0.591	0.147	0.154
0.193	0.498	0.103	0.206
0.169	0.150	0.458	0.223
0.094	0.133	0.093	0.680
0.132	0.613	0.110	0.145
0.148	0.120	0.066	0.666
0.128	0.563	0.122	0.187
>GCACTTTGGGAG	8-GCACTTTGGGAG	9.756664	-13.855385	0	T:62.0(6.90%),B:18.3(2.17%),P:1e-6	Tpos:35.7,Tstd:19.5,Bpos:59.0,Bstd:0.0,StrandBias:-0.1,Multiplicity:1.00
0.006	0.001	0.876	0.117
0.118	0.641	0.118	0.123
0.758	0.118	0.006	0.118
0.117	0.876	0.001	0.006
0.001	0.001	0.117	0.881
0.001	0.001	0.001	0.997
0.001	0.001	0.234	0.764
0.001	0.001	0.997	0.001
0.001	0.117	0.881	0.001
0.117	0.001	0.881	0.001
0.881	0.001	0.117	0.001
0.001	0.001	0.881	0.117
>CTAAAAATAAAA	9-CTAAAAATAAAA	9.537122	-13.035929	0	T:49.0(5.45%),B:12.1(1.43%),P:1e-5	Tpos:42.0,Tstd:19.8,Bpos:26.1,Bstd:10.3,StrandBias:-1.0,Multiplicity:1.04
0.067	0.540	0.254	0.139
0.066	0.121	0.001	0.812
0.654	0.079	0.134	0.133
0.812	0.066	0.121	0.001
0.879	0.060	0.060	0.001
0.997	0.001	0.001	0.001
0.981	0.001	0.017	0.001
0.139	0.060	0.001	0.800
0.879	0.060	0.001	0.060
0.800	0.072	0.061	0.067
0.801	0.060	0.001	0.138
0.928	0.001	0.011	0.060
