>ATCCCAGC	1-ATCCCAGC	5.558434	-54.525814	0	T:267.0(29.70%),B:88.2(10.44%),P:1e-23	Tpos:36.6,Tstd:20.3,Bpos:33.2,Bstd:23.5,StrandBias:0.2,Multiplicity:1.10
0.541	0.335	0.096	0.028
0.080	0.111	0.256	0.553
0.001	0.712	0.041	0.246
0.014	0.806	0.079	0.101
0.028	0.842	0.028	0.102
0.706	0.128	0.138	0.028
0.239	0.104	0.539	0.118
0.041	0.594	0.168	0.197
>GMAGAGAH	2-GMAGAGAH	5.163480	-39.419729	0	T:364.0(40.49%),B:183.0(21.66%),P:1e-17	Tpos:38.5,Tstd:20.1,Bpos:35.7,Bstd:22.6,StrandBias:0.3,Multiplicity:1.20
0.293	0.177	0.529	0.001
0.396	0.545	0.013	0.046
0.662	0.152	0.001	0.185
0.362	0.025	0.612	0.001
0.935	0.001	0.001	0.063
0.001	0.001	0.997	0.001
0.987	0.011	0.001	0.001
0.328	0.323	0.001	0.348
>TCTGCCTC	3-TCTGCCTC	6.246678	-37.166592	0	T:221.0(24.58%),B:82.9(9.82%),P:1e-16	Tpos:36.9,Tstd:17.8,Bpos:37.4,Bstd:28.0,StrandBias:-0.4,Multiplicity:1.42
0.036	0.176	0.001	0.787
0.001	0.997	0.001	0.001
0.151	0.001	0.098	0.750
0.001	0.001	0.918	0.080
0.009	0.765	0.001	0.225
0.001	0.956	0.001	0.042
0.001	0.001	0.001	0.997
0.001	0.944	0.020	0.035
>CAGCCTGG	4-CAGCCTGG	6.117268	-32.864244	0	T:132.0(14.68%),B:35.0(4.14%),P:1e-14	Tpos:38.3,Tstd:20.1,Bpos:43.7,Bstd:22.5,StrandBias:0.1,Multiplicity:1.05
0.023	0.960	0.001	0.016
0.876	0.030	0.068	0.026
0.008	0.001	0.990	0.001
0.001	0.680	0.318	0.001
0.001	0.997	0.001	0.001
0.001	0.001	0.015	0.983
0.010	0.010	0.934	0.046
0.030	0.078	0.834	0.058
>GGCTCACG	5-GGCTCACG	5.875196	-27.265754	0	T:151.0(16.80%),B:52.3(6.20%),P:1e-11	Tpos:38.1,Tstd:19.2,Bpos:37.8,Bstd:26.2,StrandBias:-0.2,Multiplicity:1.18
0.101	0.032	0.801	0.066
0.073	0.103	0.789	0.035
0.152	0.607	0.069	0.172
0.103	0.068	0.051	0.778
0.025	0.895	0.051	0.029
0.781	0.121	0.051	0.047
0.182	0.603	0.113	0.102
0.080	0.059	0.758	0.103
>GGCGGGAA	6-GGCGGGAA	7.614071	-24.491450	0	T:48.0(5.34%),B:3.4(0.40%),P:1e-10	Tpos:38.5,Tstd:20.3,Bpos:51.9,Bstd:4.3,StrandBias:0.8,Multiplicity:1.00
0.001	0.001	0.997	0.001
0.034	0.139	0.826	0.001
0.001	0.833	0.001	0.165
0.001	0.001	0.997	0.001
0.001	0.001	0.997	0.001
0.001	0.001	0.997	0.001
0.652	0.278	0.069	0.001
0.826	0.001	0.139	0.034
>TTATTTTA	7-TTATTTTA	7.722304	-22.846813	0	T:85.0(9.45%),B:20.3(2.40%),P:1e-9	Tpos:37.3,Tstd:19.7,Bpos:35.3,Bstd:17.6,StrandBias:0.0,Multiplicity:1.10
0.125	0.063	0.071	0.741
0.056	0.001	0.001	0.942
0.898	0.001	0.100	0.001
0.001	0.037	0.031	0.931
0.001	0.001	0.030	0.968
0.101	0.023	0.001	0.875
0.090	0.001	0.001	0.908
0.903	0.053	0.001	0.043
>GGAAGATG	8-GGAAGATG	7.236226	-20.819256	0	T:53.0(5.90%),B:7.1(0.84%),P:1e-9	Tpos:35.0,Tstd:20.9,Bpos:29.9,Bstd:14.4,StrandBias:0.1,Multiplicity:1.02
0.172	0.001	0.826	0.001
0.068	0.057	0.874	0.001
0.799	0.028	0.115	0.058
0.913	0.001	0.001	0.085
0.212	0.057	0.730	0.001
0.997	0.001	0.001	0.001
0.001	0.028	0.057	0.914
0.001	0.028	0.970	0.001
>GGTGACGG	9-GGTGACGG	5.913031	-20.384529	0	T:78.0(8.68%),B:19.5(2.31%),P:1e-8	Tpos:36.9,Tstd:20.5,Bpos:40.3,Bstd:24.1,StrandBias:0.7,Multiplicity:1.10
0.055	0.056	0.845	0.044
0.045	0.140	0.760	0.055
0.089	0.022	0.149	0.740
0.033	0.092	0.853	0.022
0.683	0.163	0.099	0.055
0.110	0.692	0.096	0.102
0.084	0.033	0.636	0.247
0.070	0.033	0.809	0.088
>AAACTCCR	10-AAACTCCR	6.218987	-20.065642	0	T:111.0(12.35%),B:38.6(4.57%),P:1e-8	Tpos:36.1,Tstd:20.5,Bpos:36.1,Bstd:26.2,StrandBias:-0.1,Multiplicity:1.03
0.894	0.035	0.047	0.024
0.880	0.012	0.084	0.024
0.589	0.250	0.067	0.094
0.078	0.840	0.035	0.047
0.091	0.157	0.035	0.717
0.076	0.824	0.088	0.012
0.024	0.858	0.036	0.082
0.306	0.179	0.416	0.099
>CGCAGTGG	11-CGCAGTGG	6.813720	-13.719198	0	T:67.0(7.45%),B:21.5(2.54%),P:1e-5	Tpos:41.7,Tstd:18.8,Bpos:27.1,Bstd:19.7,StrandBias:-0.8,Multiplicity:1.02
0.001	0.848	0.001	0.150
0.001	0.315	0.579	0.105
0.001	0.894	0.001	0.104
0.788	0.001	0.210	0.001
0.001	0.001	0.997	0.001
0.001	0.104	0.001	0.894
0.001	0.001	0.997	0.001
0.001	0.001	0.935	0.063
>AGGACGGA	12-AGGACGGA	5.887320	-12.767734	0	T:36.0(4.00%),B:6.5(0.77%),P:1e-5	Tpos:32.2,Tstd:18.3,Bpos:36.3,Bstd:10.5,StrandBias:-0.4,Multiplicity:1.06
0.670	0.048	0.189	0.093
0.166	0.051	0.649	0.134
0.074	0.107	0.741	0.078
0.653	0.126	0.120	0.101
0.213	0.467	0.221	0.099
0.181	0.081	0.591	0.147
0.164	0.126	0.615	0.095
0.618	0.111	0.154	0.117
>ACYGACCC	13-ACYGACCC	5.861858	-11.787933	0	T:77.0(8.57%),B:30.2(3.57%),P:1e-5	Tpos:32.4,Tstd:19.5,Bpos:40.8,Bstd:15.0,StrandBias:0.8,Multiplicity:1.02
0.984	0.014	0.001	0.001
0.001	0.861	0.137	0.001
0.063	0.396	0.015	0.526
0.014	0.386	0.599	0.001
0.776	0.015	0.015	0.194
0.001	0.805	0.193	0.001
0.193	0.677	0.129	0.001
0.001	0.997	0.001	0.001
