>WWDGCAAAYA	1-WWDGCAAAYA	5.476892	-107.055315	0	T:528.0(56.53%),B:180.9(22.85%),P:1e-46	Tpos:36.5,Tstd:19.6,Bpos:39.6,Bstd:21.9,StrandBias:-0.1,Multiplicity:1.48
0.364	0.189	0.140	0.307
0.373	0.168	0.197	0.262
0.316	0.118	0.320	0.246
0.218	0.160	0.393	0.229
0.193	0.500	0.004	0.304
0.950	0.048	0.001	0.001
0.959	0.008	0.032	0.001
0.959	0.004	0.001	0.036
0.004	0.447	0.213	0.336
0.583	0.167	0.082	0.168
>AGCTTTGCTT	2-AGCTTTGCTT	6.289866	-60.804456	0	T:226.0(24.20%),B:47.7(6.03%),P:1e-26	Tpos:39.2,Tstd:20.5,Bpos:44.6,Bstd:17.5,StrandBias:0.1,Multiplicity:1.07
0.781	0.001	0.059	0.159
0.059	0.001	0.664	0.276
0.281	0.679	0.039	0.001
0.039	0.078	0.001	0.882
0.019	0.042	0.079	0.860
0.001	0.001	0.116	0.882
0.141	0.240	0.600	0.019
0.098	0.700	0.001	0.201
0.176	0.038	0.001	0.785
0.001	0.118	0.317	0.564
>DCATTCCTKG	3-DCATTCCTKG	5.413319	-52.601264	0	T:160.0(17.13%),B:24.8(3.13%),P:1e-22	Tpos:36.4,Tstd:18.5,Bpos:38.8,Bstd:17.4,StrandBias:-0.3,Multiplicity:1.15
0.344	0.042	0.248	0.367
0.222	0.445	0.106	0.227
0.524	0.310	0.061	0.105
0.247	0.095	0.058	0.600
0.214	0.081	0.131	0.574
0.077	0.641	0.150	0.132
0.076	0.792	0.031	0.101
0.094	0.268	0.036	0.602
0.196	0.032	0.353	0.419
0.092	0.317	0.497	0.094
>TKSCTGSCTN	4-TKSCTGSCTN	7.270452	-41.538447	0	T:84.0(8.99%),B:4.5(0.57%),P:1e-18	Tpos:40.4,Tstd:19.5,Bpos:40.1,Bstd:13.7,StrandBias:0.2,Multiplicity:1.06
0.001	0.151	0.253	0.595
0.022	0.195	0.362	0.421
0.151	0.488	0.340	0.021
0.001	0.638	0.001	0.360
0.158	0.001	0.001	0.840
0.001	0.001	0.667	0.331
0.136	0.412	0.451	0.001
0.001	0.992	0.001	0.006
0.325	0.001	0.001	0.673
0.276	0.253	0.245	0.225
>WCATTTATCT	5-WCATTTATCT	7.910794	-39.523147	0	T:97.0(10.39%),B:9.4(1.19%),P:1e-17	Tpos:38.0,Tstd:20.3,Bpos:34.8,Bstd:14.4,StrandBias:0.2,Multiplicity:1.00
0.411	0.040	0.157	0.392
0.119	0.431	0.275	0.175
0.509	0.156	0.077	0.258
0.098	0.192	0.038	0.672
0.019	0.058	0.001	0.922
0.057	0.001	0.038	0.904
0.880	0.118	0.001	0.001
0.001	0.076	0.001	0.922
0.019	0.961	0.001	0.019
0.059	0.038	0.019	0.884
>CTGGAAGCAG	6-CTGGAAGCAG	7.255769	-30.554861	0	T:69.0(7.39%),B:5.9(0.74%),P:1e-13	Tpos:38.8,Tstd:18.5,Bpos:32.9,Bstd:12.4,StrandBias:0.6,Multiplicity:1.05
0.058	0.734	0.075	0.133
0.160	0.058	0.031	0.751
0.117	0.015	0.781	0.087
0.058	0.060	0.853	0.029
0.909	0.060	0.016	0.015
0.854	0.015	0.102	0.029
0.073	0.031	0.807	0.089
0.045	0.781	0.087	0.087
0.762	0.044	0.029	0.165
0.089	0.058	0.795	0.058
>GRGGGCGGGG	7-GRGGGCGGGG	7.973974	-26.161404	0	T:51.0(5.46%),B:2.9(0.37%),P:1e-11	Tpos:37.8,Tstd:20.5,Bpos:44.3,Bstd:19.2,StrandBias:0.2,Multiplicity:1.11
0.085	0.042	0.740	0.133
0.546	0.001	0.452	0.001
0.320	0.001	0.678	0.001
0.042	0.223	0.734	0.001
0.001	0.001	0.997	0.001
0.084	0.831	0.001	0.084
0.141	0.048	0.575	0.236
0.001	0.001	0.997	0.001
0.001	0.090	0.908	0.001
0.084	0.127	0.788	0.001
>GCCGCSGCGG	8-GCCGCSGCGG	7.552556	-23.033415	0	T:37.0(3.96%),B:0.0(0.00%),P:1e-10	Tpos:38.7,Tstd:20.1,Bpos:0.0,Bstd:0.0,StrandBias:0.0,Multiplicity:1.16
0.072	0.179	0.748	0.001
0.039	0.799	0.144	0.018
0.001	0.637	0.345	0.017
0.001	0.091	0.907	0.001
0.001	0.981	0.001	0.017
0.018	0.383	0.510	0.089
0.001	0.107	0.857	0.035
0.018	0.767	0.162	0.053
0.073	0.309	0.600	0.018
0.073	0.323	0.514	0.090
>AATGCTGTGT	9-AATGCTGTGT	9.952533	-14.236407	0	T:23.0(2.46%),B:0.7(0.09%),P:1e-6	Tpos:34.8,Tstd:21.5,Bpos:34.4,Bstd:5.8,StrandBias:0.3,Multiplicity:1.00
0.811	0.001	0.187	0.001
0.997	0.001	0.001	0.001
0.094	0.001	0.094	0.811
0.001	0.001	0.997	0.001
0.001	0.811	0.001	0.187
0.001	0.001	0.001	0.997
0.001	0.001	0.997	0.001
0.328	0.001	0.001	0.670
0.001	0.001	0.905	0.093
0.295	0.001	0.094	0.610
