>ATGTTTRY	1-ATGTTTRY	2.093432	-120.081940	0	T:474.0(50.75%),B:129.3(16.34%),P:1e-52	Tpos:34.9,Tstd:20.4,Bpos:38.8,Bstd:22.5,StrandBias:-0.1,Multiplicity:1.38
0.476	0.318	0.001	0.205
0.001	0.001	0.001	0.997
0.362	0.001	0.636	0.001
0.001	0.001	0.001	0.997
0.001	0.001	0.001	0.997
0.001	0.001	0.001	0.997
0.432	0.001	0.566	0.001
0.153	0.456	0.001	0.390
>NGGAATGN	2-NGGAATGN	4.993111	-61.331387	0	T:102.0(10.92%),B:1.9(0.24%),P:1e-26	Tpos:36.0,Tstd:19.9,Bpos:57.7,Bstd:3.5,StrandBias:0.2,Multiplicity:1.08
0.321	0.179	0.259	0.241
0.157	0.093	0.599	0.151
0.173	0.165	0.554	0.108
0.512	0.208	0.156	0.124
0.582	0.140	0.117	0.161
0.186	0.088	0.182	0.544
0.115	0.159	0.559	0.167
0.240	0.330	0.197	0.233
>TTTATCTC	3-TTTATCTC	3.350386	-60.182631	0	T:147.0(15.74%),B:14.5(1.83%),P:1e-26	Tpos:37.0,Tstd:21.5,Bpos:36.1,Bstd:19.9,StrandBias:-0.1,Multiplicity:1.02
0.001	0.001	0.245	0.753
0.001	0.001	0.001	0.997
0.001	0.001	0.001	0.997
0.997	0.001	0.001	0.001
0.001	0.001	0.001	0.997
0.001	0.997	0.001	0.001
0.001	0.001	0.001	0.997
0.254	0.443	0.017	0.286
>GCCAARCW	4-GCCAARCW	5.894661	-50.448968	0	T:289.0(30.94%),B:93.3(11.79%),P:1e-21	Tpos:38.1,Tstd:19.8,Bpos:39.9,Bstd:24.8,StrandBias:-0.2,Multiplicity:1.19
0.001	0.001	0.997	0.001
0.223	0.545	0.231	0.001
0.235	0.763	0.001	0.001
0.997	0.001	0.001	0.001
0.837	0.001	0.161	0.001
0.343	0.190	0.466	0.001
0.079	0.463	0.248	0.211
0.563	0.001	0.001	0.435
>SRTTTGCT	5-SRTTTGCT	4.931712	-47.499958	0	T:350.0(37.47%),B:136.1(17.19%),P:1e-20	Tpos:38.6,Tstd:18.9,Bpos:35.4,Bstd:22.8,StrandBias:0.1,Multiplicity:1.18
0.135	0.404	0.374	0.087
0.376	0.043	0.366	0.215
0.085	0.115	0.154	0.646
0.001	0.216	0.098	0.685
0.056	0.001	0.061	0.882
0.174	0.072	0.724	0.030
0.020	0.867	0.041	0.072
0.077	0.076	0.031	0.816
>CTTCCCTG	6-CTTCCCTG	5.834616	-44.841017	0	T:246.0(26.34%),B:75.9(9.58%),P:1e-19	Tpos:38.3,Tstd:20.4,Bpos:37.2,Bstd:19.3,StrandBias:-0.3,Multiplicity:1.15
0.116	0.540	0.001	0.343
0.016	0.005	0.016	0.963
0.001	0.031	0.126	0.842
0.065	0.674	0.106	0.155
0.001	0.997	0.001	0.001
0.006	0.788	0.001	0.205
0.206	0.095	0.016	0.683
0.167	0.040	0.730	0.063
>GGGCSGCG	7-GGGCSGCG	5.986602	-38.736440	0	T:67.0(7.17%),B:1.9(0.24%),P:1e-16	Tpos:33.1,Tstd:20.1,Bpos:40.0,Bstd:15.3,StrandBias:-0.1,Multiplicity:1.39
0.115	0.221	0.610	0.054
0.075	0.374	0.526	0.025
0.001	0.001	0.997	0.001
0.012	0.874	0.113	0.001
0.138	0.421	0.413	0.028
0.050	0.102	0.760	0.088
0.001	0.961	0.037	0.001
0.067	0.223	0.622	0.088
>AGTCATCG	8-AGTCATCG	5.004691	-31.964369	0	T:155.0(16.60%),B:41.6(5.25%),P:1e-13	Tpos:39.0,Tstd:19.9,Bpos:35.8,Bstd:19.1,StrandBias:0.4,Multiplicity:1.05
0.764	0.049	0.099	0.088
0.030	0.059	0.814	0.097
0.062	0.068	0.068	0.802
0.030	0.881	0.020	0.069
0.843	0.088	0.039	0.030
0.019	0.150	0.187	0.644
0.130	0.641	0.107	0.122
0.099	0.040	0.629	0.232
>CGCGTTTC	9-CGCGTTTC	6.919155	-22.401693	0	T:36.0(3.85%),B:0.8(0.10%),P:1e-9	Tpos:36.1,Tstd:18.5,Bpos:45.0,Bstd:0.0,StrandBias:-0.1,Multiplicity:1.03
0.040	0.840	0.040	0.080
0.040	0.040	0.880	0.040
0.001	0.799	0.001	0.199
0.080	0.040	0.879	0.001
0.040	0.040	0.001	0.919
0.001	0.079	0.001	0.919
0.040	0.040	0.040	0.880
0.040	0.919	0.001	0.040
>AGCGCGGG	10-AGCGCGGG	5.143919	-21.395372	0	T:43.0(4.60%),B:2.9(0.37%),P:1e-9	Tpos:41.1,Tstd:19.6,Bpos:40.7,Bstd:4.3,StrandBias:0.2,Multiplicity:1.15
0.634	0.117	0.131	0.118
0.142	0.103	0.661	0.094
0.107	0.654	0.151	0.088
0.117	0.212	0.533	0.138
0.186	0.564	0.120	0.130
0.143	0.112	0.602	0.143
0.108	0.098	0.712	0.082
0.141	0.124	0.643	0.092
>TACTCCCC	11-TACTCCCC	6.588120	-19.757339	0	T:63.0(6.75%),B:10.5(1.33%),P:1e-8	Tpos:37.7,Tstd:20.5,Bpos:52.6,Bstd:14.0,StrandBias:0.3,Multiplicity:1.00
0.158	0.001	0.001	0.840
0.744	0.158	0.001	0.097
0.001	0.997	0.001	0.001
0.001	0.001	0.001	0.997
0.079	0.604	0.238	0.079
0.001	0.997	0.001	0.001
0.001	0.997	0.001	0.001
0.001	0.840	0.001	0.158
