>AAATATTTRYTT	1-AAATATTTRYTT	4.846022	-97.314421	0	T:523.0(56.00%),B:188.3(23.78%),P:1e-42	Tpos:36.7,Tstd:19.4,Bpos:37.9,Bstd:18.4,StrandBias:-0.1,Multiplicity:1.42
0.528	0.063	0.167	0.242
0.458	0.023	0.254	0.265
0.492	0.057	0.196	0.255
0.001	0.098	0.063	0.838
0.629	0.001	0.369	0.001
0.005	0.057	0.001	0.937
0.001	0.028	0.001	0.970
0.001	0.001	0.022	0.976
0.491	0.104	0.371	0.035
0.058	0.521	0.011	0.410
0.208	0.231	0.052	0.509
0.248	0.133	0.144	0.475
>AGGAAKGCADDN	2-AGGAAKGCADDN	5.946309	-53.089487	0	T:262.0(28.05%),B:74.7(9.43%),P:1e-23	Tpos:38.7,Tstd:18.8,Bpos:39.9,Bstd:21.0,StrandBias:0.1,Multiplicity:1.15
0.766	0.001	0.052	0.181
0.098	0.001	0.860	0.041
0.031	0.227	0.741	0.001
0.700	0.237	0.062	0.001
0.994	0.004	0.001	0.001
0.166	0.005	0.409	0.420
0.088	0.026	0.648	0.238
0.259	0.570	0.001	0.170
0.487	0.192	0.072	0.249
0.253	0.098	0.269	0.379
0.239	0.144	0.290	0.326
0.186	0.254	0.275	0.285
>HDGGCAAASAGC	3-HDGGCAAASAGC	6.896951	-44.389000	0	T:117.0(12.53%),B:13.1(1.65%),P:1e-19	Tpos:34.2,Tstd:15.7,Bpos:21.4,Bstd:11.8,StrandBias:0.1,Multiplicity:1.02
0.212	0.343	0.086	0.358
0.285	0.085	0.368	0.261
0.282	0.013	0.693	0.012
0.036	0.260	0.582	0.122
0.001	0.997	0.001	0.001
0.926	0.072	0.001	0.001
0.963	0.012	0.024	0.001
0.778	0.001	0.220	0.001
0.001	0.419	0.471	0.109
0.533	0.344	0.099	0.024
0.220	0.201	0.433	0.146
0.109	0.520	0.222	0.149
>ARCMAAGATAAM	4-ARCMAAGATAAM	7.974829	-40.576420	0	T:86.0(9.21%),B:5.6(0.71%),P:1e-17	Tpos:36.7,Tstd:21.8,Bpos:37.9,Bstd:23.6,StrandBias:0.1,Multiplicity:1.01
0.534	0.054	0.269	0.143
0.405	0.161	0.301	0.133
0.173	0.426	0.188	0.213
0.380	0.425	0.001	0.194
0.708	0.290	0.001	0.001
0.997	0.001	0.001	0.001
0.001	0.001	0.997	0.001
0.841	0.079	0.079	0.001
0.025	0.001	0.001	0.973
0.470	0.237	0.157	0.135
0.842	0.156	0.001	0.001
0.375	0.320	0.091	0.214
>SGCGGCGGCBGS	5-SGCGGCGGCBGS	5.842388	-23.665659	0	T:38.0(4.07%),B:0.8(0.10%),P:1e-10	Tpos:37.8,Tstd:19.0,Bpos:55.0,Bstd:0.0,StrandBias:0.2,Multiplicity:1.13
0.143	0.301	0.430	0.126
0.162	0.199	0.546	0.093
0.127	0.533	0.233	0.107
0.162	0.225	0.489	0.124
0.096	0.146	0.668	0.090
0.141	0.548	0.186	0.125
0.178	0.177	0.485	0.161
0.088	0.135	0.681	0.096
0.102	0.587	0.212	0.099
0.178	0.286	0.328	0.208
0.155	0.174	0.514	0.157
0.149	0.399	0.321	0.131
