>WWDGCAAAYA	1-WWDGCAAAYA	5.476892	-107.055315	0	T:528.0(56.53%),B:180.9(22.85%),P:1e-46	Tpos:36.5,Tstd:19.6,Bpos:39.6,Bstd:21.9,StrandBias:-0.1,Multiplicity:1.48
0.364	0.189	0.140	0.307
0.373	0.168	0.197	0.262
0.316	0.118	0.320	0.246
0.218	0.160	0.393	0.229
0.193	0.500	0.004	0.304
0.950	0.048	0.001	0.001
0.959	0.008	0.032	0.001
0.959	0.004	0.001	0.036
0.004	0.447	0.213	0.336
0.583	0.167	0.082	0.168
>AGCTTTGCTT	2-AGCTTTGCTT	6.289866	-60.804456	0	T:226.0(24.20%),B:47.7(6.03%),P:1e-26	Tpos:39.2,Tstd:20.5,Bpos:44.6,Bstd:17.5,StrandBias:0.1,Multiplicity:1.07
0.781	0.001	0.059	0.159
0.059	0.001	0.664	0.276
0.281	0.679	0.039	0.001
0.039	0.078	0.001	0.882
0.019	0.042	0.079	0.860
0.001	0.001	0.116	0.882
0.141	0.240	0.600	0.019
0.098	0.700	0.001	0.201
0.176	0.038	0.001	0.785
0.001	0.118	0.317	0.564
>DCATTCCTKG	3-DCATTCCTKG	5.413319	-52.601264	0	T:160.0(17.13%),B:24.8(3.13%),P:1e-22	Tpos:36.4,Tstd:18.5,Bpos:38.8,Bstd:17.4,StrandBias:-0.3,Multiplicity:1.15
0.344	0.042	0.248	0.367
0.222	0.445	0.106	0.227
0.524	0.310	0.061	0.105
0.247	0.095	0.058	0.600
0.214	0.081	0.131	0.574
0.077	0.641	0.150	0.132
0.076	0.792	0.031	0.101
0.094	0.268	0.036	0.602
0.196	0.032	0.353	0.419
0.092	0.317	0.497	0.094
>TKSCTGSCTN	4-TKSCTGSCTN	7.270452	-41.538447	0	T:84.0(8.99%),B:4.5(0.57%),P:1e-18	Tpos:40.4,Tstd:19.5,Bpos:40.1,Bstd:13.7,StrandBias:0.2,Multiplicity:1.06
0.001	0.151	0.253	0.595
0.022	0.195	0.362	0.421
0.151	0.488	0.340	0.021
0.001	0.638	0.001	0.360
0.158	0.001	0.001	0.840
0.001	0.001	0.667	0.331
0.136	0.412	0.451	0.001
0.001	0.992	0.001	0.006
0.325	0.001	0.001	0.673
0.276	0.253	0.245	0.225
>WCATTTATCT	5-WCATTTATCT	7.910794	-39.523147	0	T:97.0(10.39%),B:9.4(1.19%),P:1e-17	Tpos:38.0,Tstd:20.3,Bpos:34.8,Bstd:14.4,StrandBias:0.2,Multiplicity:1.00
0.411	0.040	0.157	0.392
0.119	0.431	0.275	0.175
0.509	0.156	0.077	0.258
0.098	0.192	0.038	0.672
0.019	0.058	0.001	0.922
0.057	0.001	0.038	0.904
0.880	0.118	0.001	0.001
0.001	0.076	0.001	0.922
0.019	0.961	0.001	0.019
0.059	0.038	0.019	0.884
>CTGGAAGCAG	6-CTGGAAGCAG	7.255769	-30.554861	0	T:69.0(7.39%),B:5.9(0.74%),P:1e-13	Tpos:38.8,Tstd:18.5,Bpos:32.9,Bstd:12.4,StrandBias:0.6,Multiplicity:1.05
0.058	0.734	0.075	0.133
0.160	0.058	0.031	0.751
0.117	0.015	0.781	0.087
0.058	0.060	0.853	0.029
0.909	0.060	0.016	0.015
0.854	0.015	0.102	0.029
0.073	0.031	0.807	0.089
0.045	0.781	0.087	0.087
0.762	0.044	0.029	0.165
0.089	0.058	0.795	0.058
>GRGGGCGGGG	7-GRGGGCGGGG	7.973974	-26.161404	0	T:51.0(5.46%),B:2.9(0.37%),P:1e-11	Tpos:37.8,Tstd:20.5,Bpos:44.3,Bstd:19.2,StrandBias:0.2,Multiplicity:1.11
0.085	0.042	0.740	0.133
0.546	0.001	0.452	0.001
0.320	0.001	0.678	0.001
0.042	0.223	0.734	0.001
0.001	0.001	0.997	0.001
0.084	0.831	0.001	0.084
0.141	0.048	0.575	0.236
0.001	0.001	0.997	0.001
0.001	0.090	0.908	0.001
0.084	0.127	0.788	0.001
>GCCGCSGCGG	8-GCCGCSGCGG	7.552556	-23.033415	0	T:37.0(3.96%),B:0.0(0.00%),P:1e-10	Tpos:38.7,Tstd:20.1,Bpos:0.0,Bstd:0.0,StrandBias:0.0,Multiplicity:1.16
0.072	0.179	0.748	0.001
0.039	0.799	0.144	0.018
0.001	0.637	0.345	0.017
0.001	0.091	0.907	0.001
0.001	0.981	0.001	0.017
0.018	0.383	0.510	0.089
0.001	0.107	0.857	0.035
0.018	0.767	0.162	0.053
0.073	0.309	0.600	0.018
0.073	0.323	0.514	0.090
>AATGCTGTGT	9-AATGCTGTGT	9.952533	-14.236407	0	T:23.0(2.46%),B:0.7(0.09%),P:1e-6	Tpos:34.8,Tstd:21.5,Bpos:34.4,Bstd:5.8,StrandBias:0.3,Multiplicity:1.00
0.811	0.001	0.187	0.001
0.997	0.001	0.001	0.001
0.094	0.001	0.094	0.811
0.001	0.001	0.997	0.001
0.001	0.811	0.001	0.187
0.001	0.001	0.001	0.997
0.001	0.001	0.997	0.001
0.328	0.001	0.001	0.670
0.001	0.001	0.905	0.093
0.295	0.001	0.094	0.610
>AAATATTTRYTT	1-AAATATTTRYTT	4.846022	-97.314421	0	T:523.0(56.00%),B:188.3(23.78%),P:1e-42	Tpos:36.7,Tstd:19.4,Bpos:37.9,Bstd:18.4,StrandBias:-0.1,Multiplicity:1.42
0.528	0.063	0.167	0.242
0.458	0.023	0.254	0.265
0.492	0.057	0.196	0.255
0.001	0.098	0.063	0.838
0.629	0.001	0.369	0.001
0.005	0.057	0.001	0.937
0.001	0.028	0.001	0.970
0.001	0.001	0.022	0.976
0.491	0.104	0.371	0.035
0.058	0.521	0.011	0.410
0.208	0.231	0.052	0.509
0.248	0.133	0.144	0.475
>AGGAAKGCADDN	2-AGGAAKGCADDN	5.946309	-53.089487	0	T:262.0(28.05%),B:74.7(9.43%),P:1e-23	Tpos:38.7,Tstd:18.8,Bpos:39.9,Bstd:21.0,StrandBias:0.1,Multiplicity:1.15
0.766	0.001	0.052	0.181
0.098	0.001	0.860	0.041
0.031	0.227	0.741	0.001
0.700	0.237	0.062	0.001
0.994	0.004	0.001	0.001
0.166	0.005	0.409	0.420
0.088	0.026	0.648	0.238
0.259	0.570	0.001	0.170
0.487	0.192	0.072	0.249
0.253	0.098	0.269	0.379
0.239	0.144	0.290	0.326
0.186	0.254	0.275	0.285
>HDGGCAAASAGC	3-HDGGCAAASAGC	6.896951	-44.389000	0	T:117.0(12.53%),B:13.1(1.65%),P:1e-19	Tpos:34.2,Tstd:15.7,Bpos:21.4,Bstd:11.8,StrandBias:0.1,Multiplicity:1.02
0.212	0.343	0.086	0.358
0.285	0.085	0.368	0.261
0.282	0.013	0.693	0.012
0.036	0.260	0.582	0.122
0.001	0.997	0.001	0.001
0.926	0.072	0.001	0.001
0.963	0.012	0.024	0.001
0.778	0.001	0.220	0.001
0.001	0.419	0.471	0.109
0.533	0.344	0.099	0.024
0.220	0.201	0.433	0.146
0.109	0.520	0.222	0.149
>ARCMAAGATAAM	4-ARCMAAGATAAM	7.974829	-40.576420	0	T:86.0(9.21%),B:5.6(0.71%),P:1e-17	Tpos:36.7,Tstd:21.8,Bpos:37.9,Bstd:23.6,StrandBias:0.1,Multiplicity:1.01
0.534	0.054	0.269	0.143
0.405	0.161	0.301	0.133
0.173	0.426	0.188	0.213
0.380	0.425	0.001	0.194
0.708	0.290	0.001	0.001
0.997	0.001	0.001	0.001
0.001	0.001	0.997	0.001
0.841	0.079	0.079	0.001
0.025	0.001	0.001	0.973
0.470	0.237	0.157	0.135
0.842	0.156	0.001	0.001
0.375	0.320	0.091	0.214
>SGCGGCGGCBGS	5-SGCGGCGGCBGS	5.842388	-23.665659	0	T:38.0(4.07%),B:0.8(0.10%),P:1e-10	Tpos:37.8,Tstd:19.0,Bpos:55.0,Bstd:0.0,StrandBias:0.2,Multiplicity:1.13
0.143	0.301	0.430	0.126
0.162	0.199	0.546	0.093
0.127	0.533	0.233	0.107
0.162	0.225	0.489	0.124
0.096	0.146	0.668	0.090
0.141	0.548	0.186	0.125
0.178	0.177	0.485	0.161
0.088	0.135	0.681	0.096
0.102	0.587	0.212	0.099
0.178	0.286	0.328	0.208
0.155	0.174	0.514	0.157
0.149	0.399	0.321	0.131
>ATGTTTRY	1-ATGTTTRY	2.093432	-120.081940	0	T:474.0(50.75%),B:129.3(16.34%),P:1e-52	Tpos:34.9,Tstd:20.4,Bpos:38.8,Bstd:22.5,StrandBias:-0.1,Multiplicity:1.38
0.476	0.318	0.001	0.205
0.001	0.001	0.001	0.997
0.362	0.001	0.636	0.001
0.001	0.001	0.001	0.997
0.001	0.001	0.001	0.997
0.001	0.001	0.001	0.997
0.432	0.001	0.566	0.001
0.153	0.456	0.001	0.390
>NGGAATGN	2-NGGAATGN	4.993111	-61.331387	0	T:102.0(10.92%),B:1.9(0.24%),P:1e-26	Tpos:36.0,Tstd:19.9,Bpos:57.7,Bstd:3.5,StrandBias:0.2,Multiplicity:1.08
0.321	0.179	0.259	0.241
0.157	0.093	0.599	0.151
0.173	0.165	0.554	0.108
0.512	0.208	0.156	0.124
0.582	0.140	0.117	0.161
0.186	0.088	0.182	0.544
0.115	0.159	0.559	0.167
0.240	0.330	0.197	0.233
>TTTATCTC	3-TTTATCTC	3.350386	-60.182631	0	T:147.0(15.74%),B:14.5(1.83%),P:1e-26	Tpos:37.0,Tstd:21.5,Bpos:36.1,Bstd:19.9,StrandBias:-0.1,Multiplicity:1.02
0.001	0.001	0.245	0.753
0.001	0.001	0.001	0.997
0.001	0.001	0.001	0.997
0.997	0.001	0.001	0.001
0.001	0.001	0.001	0.997
0.001	0.997	0.001	0.001
0.001	0.001	0.001	0.997
0.254	0.443	0.017	0.286
>GCCAARCW	4-GCCAARCW	5.894661	-50.448968	0	T:289.0(30.94%),B:93.3(11.79%),P:1e-21	Tpos:38.1,Tstd:19.8,Bpos:39.9,Bstd:24.8,StrandBias:-0.2,Multiplicity:1.19
0.001	0.001	0.997	0.001
0.223	0.545	0.231	0.001
0.235	0.763	0.001	0.001
0.997	0.001	0.001	0.001
0.837	0.001	0.161	0.001
0.343	0.190	0.466	0.001
0.079	0.463	0.248	0.211
0.563	0.001	0.001	0.435
>SRTTTGCT	5-SRTTTGCT	4.931712	-47.499958	0	T:350.0(37.47%),B:136.1(17.19%),P:1e-20	Tpos:38.6,Tstd:18.9,Bpos:35.4,Bstd:22.8,StrandBias:0.1,Multiplicity:1.18
0.135	0.404	0.374	0.087
0.376	0.043	0.366	0.215
0.085	0.115	0.154	0.646
0.001	0.216	0.098	0.685
0.056	0.001	0.061	0.882
0.174	0.072	0.724	0.030
0.020	0.867	0.041	0.072
0.077	0.076	0.031	0.816
>CTTCCCTG	6-CTTCCCTG	5.834616	-44.841017	0	T:246.0(26.34%),B:75.9(9.58%),P:1e-19	Tpos:38.3,Tstd:20.4,Bpos:37.2,Bstd:19.3,StrandBias:-0.3,Multiplicity:1.15
0.116	0.540	0.001	0.343
0.016	0.005	0.016	0.963
0.001	0.031	0.126	0.842
0.065	0.674	0.106	0.155
0.001	0.997	0.001	0.001
0.006	0.788	0.001	0.205
0.206	0.095	0.016	0.683
0.167	0.040	0.730	0.063
>GGGCSGCG	7-GGGCSGCG	5.986602	-38.736440	0	T:67.0(7.17%),B:1.9(0.24%),P:1e-16	Tpos:33.1,Tstd:20.1,Bpos:40.0,Bstd:15.3,StrandBias:-0.1,Multiplicity:1.39
0.115	0.221	0.610	0.054
0.075	0.374	0.526	0.025
0.001	0.001	0.997	0.001
0.012	0.874	0.113	0.001
0.138	0.421	0.413	0.028
0.050	0.102	0.760	0.088
0.001	0.961	0.037	0.001
0.067	0.223	0.622	0.088
>AGTCATCG	8-AGTCATCG	5.004691	-31.964369	0	T:155.0(16.60%),B:41.6(5.25%),P:1e-13	Tpos:39.0,Tstd:19.9,Bpos:35.8,Bstd:19.1,StrandBias:0.4,Multiplicity:1.05
0.764	0.049	0.099	0.088
0.030	0.059	0.814	0.097
0.062	0.068	0.068	0.802
0.030	0.881	0.020	0.069
0.843	0.088	0.039	0.030
0.019	0.150	0.187	0.644
0.130	0.641	0.107	0.122
0.099	0.040	0.629	0.232
>CGCGTTTC	9-CGCGTTTC	6.919155	-22.401693	0	T:36.0(3.85%),B:0.8(0.10%),P:1e-9	Tpos:36.1,Tstd:18.5,Bpos:45.0,Bstd:0.0,StrandBias:-0.1,Multiplicity:1.03
0.040	0.840	0.040	0.080
0.040	0.040	0.880	0.040
0.001	0.799	0.001	0.199
0.080	0.040	0.879	0.001
0.040	0.040	0.001	0.919
0.001	0.079	0.001	0.919
0.040	0.040	0.040	0.880
0.040	0.919	0.001	0.040
>AGCGCGGG	10-AGCGCGGG	5.143919	-21.395372	0	T:43.0(4.60%),B:2.9(0.37%),P:1e-9	Tpos:41.1,Tstd:19.6,Bpos:40.7,Bstd:4.3,StrandBias:0.2,Multiplicity:1.15
0.634	0.117	0.131	0.118
0.142	0.103	0.661	0.094
0.107	0.654	0.151	0.088
0.117	0.212	0.533	0.138
0.186	0.564	0.120	0.130
0.143	0.112	0.602	0.143
0.108	0.098	0.712	0.082
0.141	0.124	0.643	0.092
>TACTCCCC	11-TACTCCCC	6.588120	-19.757339	0	T:63.0(6.75%),B:10.5(1.33%),P:1e-8	Tpos:37.7,Tstd:20.5,Bpos:52.6,Bstd:14.0,StrandBias:0.3,Multiplicity:1.00
0.158	0.001	0.001	0.840
0.744	0.158	0.001	0.097
0.001	0.997	0.001	0.001
0.001	0.001	0.001	0.997
0.079	0.604	0.238	0.079
0.001	0.997	0.001	0.001
0.001	0.997	0.001	0.001
0.001	0.840	0.001	0.158
