>GGTCAGGAGATT	9-GGTCAGGAGATT	6.341546	-17.274979	0	T:34.0(2.23%),B:2.2(0.15%),P:1e-7
0.204	0.179	0.389	0.228
0.177	0.211	0.387	0.225
0.174	0.177	0.204	0.446
0.158	0.553	0.162	0.127
0.606	0.085	0.140	0.169
0.128	0.110	0.603	0.159
0.146	0.137	0.580	0.137
0.600	0.082	0.169	0.149
0.168	0.140	0.556	0.136
0.479	0.167	0.187	0.166
0.225	0.158	0.205	0.412
0.220	0.174	0.216	0.390
