>CCTCDGCCTCCC	2-CCTCDGCCTCCC	9.756281	-88.989447	0	T:326.0(21.42%),B:74.1(5.30%),P:1e-38
0.071	0.786	0.023	0.120
0.046	0.836	0.001	0.117
0.023	0.071	0.023	0.883
0.023	0.855	0.003	0.119
0.334	0.102	0.236	0.328
0.170	0.047	0.759	0.024
0.023	0.767	0.023	0.187
0.047	0.814	0.001	0.138
0.023	0.001	0.001	0.975
0.023	0.859	0.070	0.048
0.023	0.975	0.001	0.001
0.001	0.742	0.023	0.234
