>TGGCTCACTGCA	4-TGGCTCACTGCA	9.042199	-17.861317	0	T:37.0(2.11%),B:4.9(0.26%),P:1e-7
0.056	0.232	0.001	0.711
0.001	0.001	0.896	0.102
0.004	0.154	0.841	0.001
0.001	0.897	0.051	0.051
0.052	0.155	0.052	0.741
0.052	0.840	0.052	0.056
0.794	0.001	0.051	0.154
0.004	0.944	0.001	0.051
0.154	0.056	0.001	0.789
0.056	0.052	0.840	0.052
0.004	0.892	0.052	0.052
0.897	0.051	0.001	0.051
