>GGCWGGAGGGCA	1-TGCCCTCCWGCC	8.977660	-32.715801	0	T:68.0(3.87%),B:7.3(0.40%),P:1e-14
0.087	0.001	0.911	0.001
0.089	0.001	0.826	0.084
0.133	0.614	0.252	0.001
0.424	0.043	0.041	0.492
0.128	0.001	0.870	0.001
0.001	0.173	0.825	0.001
0.665	0.041	0.167	0.127
0.001	0.041	0.917	0.041
0.001	0.086	0.568	0.345
0.180	0.258	0.561	0.001
0.347	0.568	0.001	0.084
0.911	0.001	0.001	0.087
