>WTTTGTATTTTT	6-WTTTGTATTTTT,BestGuess:MEF2C/MA0497.1/Jaspar(0.745)	9.631504	-16.647712	0	T:93.0(5.29%),B:37.2(2.00%),P:1e-7
0.459	0.032	0.003	0.506
0.199	0.069	0.001	0.731
0.267	0.231	0.034	0.468
0.031	0.001	0.001	0.967
0.096	0.096	0.571	0.237
0.001	0.001	0.032	0.966
0.802	0.064	0.099	0.035
0.001	0.032	0.129	0.838
0.032	0.032	0.032	0.904
0.001	0.167	0.001	0.831
0.104	0.073	0.001	0.822
0.389	0.004	0.033	0.574
