>WTTWTTWTTWHW	11-WTTWTTWTTWHW	7.488097	-7.712771	0	T:22.0(1.25%),B:5.7(0.31%),P:1e-3
0.382	0.160	0.123	0.335
0.247	0.107	0.076	0.570
0.228	0.130	0.109	0.533
0.448	0.133	0.103	0.316
0.144	0.104	0.081	0.671
0.201	0.128	0.122	0.549
0.426	0.129	0.107	0.338
0.124	0.115	0.076	0.685
0.208	0.138	0.118	0.536
0.419	0.130	0.113	0.338
0.222	0.327	0.116	0.335
0.327	0.149	0.058	0.466
