>AGATDTTATC	1-AGATDTTATC	6.496815	-221.796616	0	T:480.0(16.00%),B:36.9(1.38%),P:1e-96	Tpos:37.8,Tstd:17.3,Bpos:37.6,Bstd:28.9,StrandBias:-0.0,Multiplicity:1.03
0.611	0.033	0.039	0.317
0.019	0.001	0.961	0.019
0.915	0.013	0.039	0.033
0.006	0.001	0.006	0.987
0.268	0.145	0.304	0.283
0.152	0.211	0.205	0.432
0.231	0.163	0.116	0.491
0.986	0.001	0.012	0.001
0.026	0.001	0.006	0.967
0.001	0.954	0.026	0.019
>TGTTTRCTYW	2-TGTTTRCTYW	5.852567	-191.552120	0	T:1069.0(35.63%),B:365.9(13.67%),P:1e-83	Tpos:36.8,Tstd:19.1,Bpos:37.2,Bstd:22.7,StrandBias:0.1,Multiplicity:1.20
0.130	0.058	0.038	0.774
0.241	0.092	0.666	0.001
0.001	0.007	0.006	0.986
0.003	0.009	0.126	0.862
0.003	0.001	0.123	0.873
0.439	0.102	0.430	0.030
0.001	0.699	0.093	0.207
0.290	0.251	0.003	0.456
0.150	0.293	0.129	0.428
0.447	0.091	0.073	0.390
>GATARVMATC	3-GATARVMATC	7.020366	-168.847656	0	T:387.0(12.90%),B:33.9(1.27%),P:1e-73	Tpos:38.1,Tstd:17.3,Bpos:28.2,Bstd:20.4,StrandBias:0.1,Multiplicity:1.03
0.001	0.001	0.997	0.001
0.997	0.001	0.001	0.001
0.001	0.001	0.001	0.997
0.765	0.117	0.001	0.117
0.433	0.032	0.311	0.224
0.240	0.250	0.359	0.151
0.403	0.294	0.218	0.085
0.997	0.001	0.001	0.001
0.001	0.001	0.001	0.997
0.001	0.997	0.001	0.001
>TATCTGATWW	4-TATCTGATWW	7.425451	-86.331435	0	T:292.0(9.73%),B:52.4(1.96%),P:1e-37	Tpos:37.7,Tstd:17.3,Bpos:36.1,Bstd:22.1,StrandBias:-0.1,Multiplicity:1.03
0.219	0.174	0.158	0.449
0.771	0.007	0.136	0.086
0.021	0.001	0.061	0.917
0.001	0.814	0.021	0.164
0.327	0.001	0.001	0.671
0.001	0.001	0.997	0.001
0.501	0.136	0.014	0.349
0.001	0.001	0.006	0.992
0.239	0.200	0.183	0.379
0.400	0.100	0.249	0.251
>GTTATCTGCT	5-GTTATCTGCT	7.090838	-68.528731	0	T:241.0(8.03%),B:45.7(1.71%),P:1e-29	Tpos:34.7,Tstd:17.6,Bpos:46.8,Bstd:19.9,StrandBias:0.3,Multiplicity:1.01
0.051	0.348	0.587	0.014
0.059	0.130	0.010	0.801
0.050	0.110	0.069	0.771
0.761	0.079	0.040	0.120
0.020	0.098	0.050	0.832
0.001	0.840	0.079	0.080
0.148	0.001	0.001	0.850
0.060	0.129	0.712	0.099
0.089	0.782	0.059	0.070
0.160	0.080	0.040	0.720
>VNGGAATGYN	6-VNGGAATGYN	7.524355	-59.358757	0	T:209.0(6.97%),B:39.5(1.48%),P:1e-25	Tpos:36.7,Tstd:17.2,Bpos:39.3,Bstd:21.9,StrandBias:-0.2,Multiplicity:1.04
0.267	0.317	0.253	0.163
0.296	0.197	0.207	0.300
0.026	0.062	0.911	0.001
0.001	0.008	0.990	0.001
0.920	0.053	0.026	0.001
0.714	0.107	0.134	0.045
0.001	0.035	0.053	0.911
0.017	0.001	0.981	0.001
0.219	0.391	0.126	0.264
0.277	0.234	0.245	0.244
>CCTCMAGGCA	7-CCTCMAGGCA	6.747921	-52.948128	0	T:348.0(11.60%),B:119.1(4.45%),P:1e-22	Tpos:37.9,Tstd:19.0,Bpos:33.5,Bstd:21.6,StrandBias:0.1,Multiplicity:1.05
0.001	0.733	0.232	0.034
0.001	0.810	0.001	0.188
0.166	0.262	0.001	0.571
0.087	0.480	0.305	0.129
0.513	0.485	0.001	0.001
0.600	0.001	0.313	0.086
0.001	0.001	0.997	0.001
0.001	0.173	0.825	0.001
0.183	0.670	0.001	0.146
0.567	0.141	0.001	0.291
>GTAAATATTT	8-GTAAATATTT	8.629787	-47.975665	0	T:97.0(3.23%),B:5.9(0.22%),P:1e-20	Tpos:32.4,Tstd:21.4,Bpos:26.2,Bstd:6.7,StrandBias:-0.2,Multiplicity:1.01
0.147	0.040	0.760	0.053
0.053	0.187	0.001	0.759
0.959	0.039	0.001	0.001
0.973	0.013	0.001	0.013
0.973	0.013	0.001	0.013
0.001	0.080	0.013	0.906
0.947	0.001	0.051	0.001
0.013	0.001	0.013	0.973
0.012	0.001	0.001	0.986
0.013	0.001	0.053	0.933
>GTGCTTATCT	9-GTGCTTATCT	7.209787	-41.467281	0	T:163.0(5.43%),B:35.5(1.33%),P:1e-18	Tpos:38.4,Tstd:19.0,Bpos:43.0,Bstd:29.6,StrandBias:-0.1,Multiplicity:1.00
0.080	0.101	0.729	0.090
0.100	0.040	0.060	0.800
0.060	0.081	0.787	0.072
0.063	0.797	0.050	0.090
0.111	0.070	0.020	0.799
0.051	0.041	0.070	0.838
0.788	0.031	0.111	0.070
0.090	0.061	0.051	0.798
0.031	0.848	0.100	0.021
0.080	0.060	0.020	0.840
>TCACTTCCTG	10-TCACTTCCTG	7.897871	-40.704047	0	T:146.0(4.87%),B:28.6(1.07%),P:1e-17	Tpos:36.2,Tstd:19.4,Bpos:33.1,Bstd:18.9,StrandBias:-0.4,Multiplicity:1.01
0.001	0.051	0.237	0.711
0.124	0.470	0.122	0.284
0.682	0.024	0.176	0.118
0.001	0.572	0.213	0.214
0.001	0.001	0.001	0.997
0.024	0.076	0.001	0.899
0.001	0.997	0.001	0.001
0.001	0.997	0.001	0.001
0.236	0.023	0.001	0.740
0.001	0.141	0.857	0.001
>TTATCTAGAT	11-TTATCTAGAT	6.872856	-38.539107	0	T:137.0(4.57%),B:26.9(1.01%),P:1e-16	Tpos:36.3,Tstd:19.8,Bpos:36.3,Bstd:22.1,StrandBias:0.2,Multiplicity:1.03
0.169	0.077	0.089	0.665
0.154	0.125	0.149	0.572
0.655	0.066	0.160	0.119
0.102	0.132	0.089	0.677
0.047	0.813	0.077	0.063
0.180	0.063	0.028	0.729
0.640	0.017	0.155	0.188
0.088	0.052	0.745	0.115
0.591	0.254	0.094	0.061
0.091	0.121	0.067	0.721
>CTTGCCAGAN	12-CTTGCCAGAN	6.204260	-31.527770	0	T:84.0(2.80%),B:10.9(0.41%),P:1e-13	Tpos:38.1,Tstd:21.3,Bpos:41.6,Bstd:23.9,StrandBias:-0.2,Multiplicity:1.01
0.169	0.446	0.202	0.183
0.140	0.260	0.026	0.574
0.275	0.053	0.166	0.506
0.099	0.122	0.614	0.165
0.091	0.531	0.124	0.254
0.166	0.687	0.002	0.145
0.696	0.067	0.024	0.213
0.174	0.134	0.579	0.113
0.480	0.179	0.221	0.120
0.245	0.348	0.203	0.205
>ATCTAGTCAT	13-ATCTAGTCAT	7.336473	-30.625513	0	T:85.0(2.83%),B:11.9(0.44%),P:1e-13	Tpos:39.9,Tstd:18.9,Bpos:47.1,Bstd:13.3,StrandBias:0.4,Multiplicity:1.00
0.807	0.051	0.031	0.111
0.041	0.070	0.050	0.839
0.040	0.757	0.142	0.061
0.104	0.060	0.040	0.796
0.757	0.071	0.071	0.101
0.041	0.091	0.797	0.071
0.130	0.086	0.081	0.703
0.071	0.808	0.060	0.061
0.930	0.030	0.010	0.030
0.040	0.070	0.070	0.820
>AGAGATGACA	14-AGAGATGACA	8.683283	-30.096158	0	T:84.0(2.80%),B:11.5(0.43%),P:1e-13	Tpos:35.0,Tstd:19.6,Bpos:45.5,Bstd:21.3,StrandBias:0.6,Multiplicity:1.04
0.957	0.001	0.041	0.001
0.140	0.035	0.824	0.001
0.894	0.001	0.001	0.104
0.001	0.001	0.997	0.001
0.894	0.001	0.104	0.001
0.034	0.001	0.001	0.964
0.224	0.035	0.601	0.140
0.813	0.070	0.082	0.035
0.035	0.628	0.336	0.001
0.894	0.070	0.001	0.035
>ATAACTTGCC	15-ATAACTTGCC	7.802047	-24.145102	0	T:75.0(2.50%),B:12.7(0.47%),P:1e-10	Tpos:34.9,Tstd:20.1,Bpos:34.6,Bstd:15.3,StrandBias:0.0,Multiplicity:1.00
0.921	0.001	0.001	0.077
0.113	0.076	0.266	0.545
0.762	0.001	0.042	0.195
0.450	0.271	0.001	0.277
0.001	0.890	0.108	0.001
0.001	0.001	0.001	0.997
0.260	0.001	0.115	0.624
0.042	0.111	0.702	0.145
0.001	0.685	0.239	0.075
0.072	0.926	0.001	0.001
>CTSTAGATGT	16-CTSTAGATGT	9.739786	-23.697793	0	T:37.0(1.23%),B:0.0(0.00%),P:1e-10	Tpos:35.8,Tstd:17.2,Bpos:0.0,Bstd:0.0,StrandBias:0.0,Multiplicity:1.00
0.047	0.905	0.047	0.001
0.001	0.001	0.047	0.951
0.001	0.428	0.570	0.001
0.001	0.047	0.001	0.951
0.905	0.001	0.047	0.047
0.001	0.047	0.905	0.047
0.951	0.001	0.001	0.047
0.001	0.001	0.001	0.997
0.001	0.001	0.951	0.047
0.001	0.001	0.047	0.951
>GCCCTTGGCA	17-GCCCTTGGCA	7.983011	-23.556285	0	T:61.0(2.03%),B:7.9(0.30%),P:1e-10	Tpos:36.6,Tstd:17.7,Bpos:28.2,Bstd:16.9,StrandBias:-0.5,Multiplicity:1.00
0.035	0.001	0.929	0.035
0.001	0.963	0.001	0.035
0.001	0.997	0.001	0.001
0.036	0.892	0.036	0.036
0.143	0.001	0.035	0.821
0.107	0.001	0.143	0.749
0.001	0.001	0.963	0.035
0.001	0.035	0.929	0.035
0.001	0.927	0.071	0.001
0.894	0.071	0.001	0.034
>CACCAGGTGG	18-CACCAGGTGG	8.119032	-22.102155	0	T:43.0(1.43%),B:3.0(0.11%),P:1e-9	Tpos:40.8,Tstd:17.9,Bpos:44.6,Bstd:7.3,StrandBias:-0.1,Multiplicity:1.00
0.001	0.997	0.001	0.001
0.882	0.001	0.001	0.116
0.001	0.997	0.001	0.001
0.001	0.882	0.001	0.116
0.922	0.001	0.001	0.076
0.001	0.125	0.873	0.001
0.001	0.001	0.765	0.233
0.001	0.001	0.350	0.648
0.001	0.001	0.997	0.001
0.001	0.001	0.882	0.116
>GCAAATTGCC	19-GCAAATTGCC	7.648275	-20.592847	0	T:47.0(1.57%),B:4.1(0.15%),P:1e-8	Tpos:37.9,Tstd:16.4,Bpos:40.4,Bstd:14.2,StrandBias:-0.2,Multiplicity:1.00
0.064	0.001	0.871	0.064
0.064	0.871	0.064	0.001
0.935	0.001	0.001	0.063
0.943	0.018	0.021	0.018
0.808	0.064	0.064	0.064
0.036	0.001	0.064	0.899
0.001	0.001	0.001	0.997
0.001	0.064	0.871	0.064
0.064	0.871	0.001	0.064
0.001	0.935	0.001	0.063
>GAGATAVAGA	20-GAGATAVAGA	8.523443	-19.557358	0	T:61.0(2.03%),B:10.3(0.39%),P:1e-8	Tpos:28.3,Tstd:19.6,Bpos:42.4,Bstd:18.3,StrandBias:-0.9,Multiplicity:1.05
0.060	0.001	0.913	0.026
0.909	0.027	0.037	0.027
0.001	0.026	0.749	0.224
0.841	0.053	0.053	0.053
0.027	0.061	0.061	0.851
0.867	0.026	0.106	0.001
0.248	0.298	0.370	0.083
0.707	0.027	0.186	0.080
0.114	0.001	0.825	0.060
0.912	0.086	0.001	0.001
>RAACTGGTTT	21-RAACTGGTTT	8.722030	-19.465355	0	T:45.0(1.50%),B:4.6(0.17%),P:1e-8	Tpos:37.9,Tstd:18.7,Bpos:27.5,Bstd:8.6,StrandBias:-0.1,Multiplicity:1.00
0.263	0.232	0.398	0.108
0.714	0.001	0.235	0.050
0.764	0.025	0.051	0.160
0.001	0.924	0.025	0.050
0.193	0.105	0.025	0.677
0.207	0.025	0.610	0.158
0.025	0.001	0.896	0.078
0.025	0.296	0.025	0.654
0.001	0.026	0.001	0.972
0.183	0.001	0.189	0.627
>GGAGGYTGGC	22-GGAGGYTGGC	7.835648	-18.572231	0	T:49.0(1.63%),B:6.5(0.24%),P:1e-8	Tpos:33.9,Tstd:20.2,Bpos:41.9,Bstd:11.0,StrandBias:0.3,Multiplicity:1.02
0.031	0.031	0.907	0.031
0.393	0.003	0.573	0.031
0.770	0.031	0.031	0.168
0.034	0.092	0.526	0.348
0.113	0.001	0.853	0.033
0.064	0.372	0.137	0.426
0.031	0.031	0.228	0.710
0.031	0.071	0.867	0.031
0.061	0.064	0.844	0.031
0.031	0.765	0.112	0.092
>GCTAGAAGCT	23-GCTAGAAGCT	8.726449	-17.217027	0	T:38.0(1.27%),B:3.4(0.13%),P:1e-7	Tpos:35.5,Tstd:18.3,Bpos:27.5,Bstd:19.6,StrandBias:1.4,Multiplicity:1.03
0.060	0.180	0.641	0.119
0.063	0.935	0.001	0.001
0.064	0.030	0.001	0.905
0.849	0.001	0.149	0.001
0.010	0.090	0.865	0.035
0.637	0.154	0.208	0.001
0.731	0.001	0.059	0.209
0.005	0.001	0.960	0.034
0.059	0.762	0.178	0.001
0.183	0.060	0.001	0.756
>CTATAAAATC	24-CTATAAAATC	7.713410	-16.475201	0	T:30.0(1.00%),B:1.3(0.05%),P:1e-7	Tpos:35.4,Tstd:21.4,Bpos:41.7,Bstd:4.6,StrandBias:0.0,Multiplicity:1.00
0.165	0.730	0.042	0.063
0.079	0.063	0.021	0.837
0.479	0.159	0.191	0.171
0.175	0.159	0.042	0.624
0.570	0.065	0.185	0.180
0.650	0.214	0.047	0.089
0.773	0.052	0.073	0.102
0.736	0.068	0.149	0.047
0.052	0.042	0.217	0.689
0.148	0.613	0.128	0.111
>ATGTTGACTT	25-ATGTTGACTT	8.239799	-14.149844	0	T:52.0(1.73%),B:11.6(0.43%),P:1e-6	Tpos:32.4,Tstd:21.1,Bpos:30.4,Bstd:13.0,StrandBias:0.8,Multiplicity:1.00
0.801	0.075	0.099	0.025
0.172	0.001	0.003	0.824
0.049	0.053	0.774	0.124
0.028	0.127	0.173	0.672
0.077	0.025	0.173	0.725
0.052	0.001	0.944	0.003
0.848	0.001	0.148	0.003
0.124	0.724	0.127	0.025
0.073	0.001	0.001	0.925
0.003	0.173	0.003	0.821
>NWGATNTTATCT	1-NWGATNTTATCT	6.751241	-208.934703	0	T:438.0(14.60%),B:29.5(1.10%),P:1e-90	Tpos:38.3,Tstd:16.8,Bpos:40.8,Bstd:27.1,StrandBias:-0.0,Multiplicity:1.01
0.191	0.274	0.278	0.257
0.529	0.001	0.039	0.431
0.013	0.001	0.978	0.008
0.948	0.017	0.001	0.034
0.013	0.001	0.030	0.956
0.252	0.209	0.344	0.195
0.217	0.200	0.204	0.380
0.221	0.130	0.095	0.554
0.997	0.001	0.001	0.001
0.001	0.001	0.001	0.997
0.001	0.990	0.001	0.008
0.299	0.021	0.001	0.679
>AGATKBTTATCT	2-AGATKBTTATCT	7.952422	-177.187755	0	T:362.0(12.07%),B:21.2(0.79%),P:1e-76	Tpos:37.8,Tstd:17.7,Bpos:30.4,Bstd:17.0,StrandBias:-0.2,Multiplicity:1.02
0.688	0.047	0.012	0.253
0.001	0.001	0.997	0.001
0.963	0.001	0.023	0.013
0.036	0.012	0.001	0.951
0.108	0.144	0.313	0.435
0.085	0.299	0.255	0.360
0.095	0.145	0.048	0.712
0.155	0.072	0.073	0.700
0.963	0.012	0.024	0.001
0.001	0.001	0.001	0.997
0.001	0.997	0.001	0.001
0.368	0.012	0.012	0.608
>WRYAAAYANWNN	3-WRYAAAYANWNN	7.220884	-158.303462	0	T:797.0(26.57%),B:240.0(8.96%),P:1e-68	Tpos:36.0,Tstd:19.1,Bpos:37.6,Bstd:20.8,StrandBias:-0.2,Multiplicity:1.15
0.434	0.001	0.254	0.310
0.487	0.001	0.511	0.001
0.001	0.465	0.001	0.533
0.997	0.001	0.001	0.001
0.997	0.001	0.001	0.001
0.997	0.001	0.001	0.001
0.001	0.529	0.047	0.423
0.997	0.001	0.001	0.001
0.297	0.207	0.262	0.234
0.386	0.207	0.166	0.241
0.277	0.217	0.244	0.262
0.258	0.273	0.244	0.225
>GHCARACMWGTT	4-GHCARACMWGTT	6.384360	-51.062187	0	T:370.0(12.33%),B:135.9(5.08%),P:1e-22	Tpos:37.4,Tstd:18.1,Bpos:37.3,Bstd:23.7,StrandBias:0.3,Multiplicity:1.15
0.165	0.067	0.681	0.087
0.280	0.328	0.053	0.338
0.280	0.532	0.125	0.063
0.647	0.077	0.005	0.271
0.545	0.001	0.435	0.019
0.697	0.019	0.183	0.101
0.004	0.981	0.014	0.001
0.309	0.434	0.001	0.256
0.430	0.001	0.247	0.322
0.001	0.023	0.975	0.001
0.227	0.232	0.014	0.527
0.304	0.111	0.001	0.584
>DGSHTGGAATKY	5-DGSHTGGAATKY	9.745118	-36.760520	0	T:71.0(2.37%),B:3.0(0.11%),P:1e-15	Tpos:38.0,Tstd:16.0,Bpos:30.4,Bstd:8.4,StrandBias:0.3,Multiplicity:1.01
0.258	0.001	0.349	0.392
0.001	0.001	0.997	0.001
0.204	0.372	0.240	0.183
0.323	0.305	0.001	0.371
0.411	0.001	0.001	0.587
0.001	0.001	0.997	0.001
0.001	0.091	0.907	0.001
0.720	0.278	0.001	0.001
0.885	0.001	0.113	0.001
0.001	0.001	0.001	0.997
0.001	0.137	0.445	0.417
0.163	0.367	0.001	0.469
>CCACCTGGTGGC	6-CCACCTGGTGGC	7.330374	-32.067579	0	T:85.0(2.83%),B:10.7(0.40%),P:1e-13	Tpos:39.5,Tstd:17.6,Bpos:38.2,Bstd:13.4,StrandBias:0.2,Multiplicity:1.00
0.201	0.797	0.001	0.001
0.001	0.952	0.001	0.046
0.739	0.256	0.001	0.004
0.001	0.806	0.001	0.192
0.046	0.760	0.001	0.193
0.300	0.001	0.001	0.698
0.143	0.001	0.760	0.096
0.001	0.142	0.856	0.001
0.096	0.001	0.143	0.760
0.001	0.001	0.997	0.001
0.046	0.001	0.861	0.092
0.046	0.749	0.046	0.159
>AACAGGAAGTGA	7-AACAGGAAGTGA	7.621492	-24.984962	0	T:39.0(1.30%),B:1.0(0.04%),P:1e-10	Tpos:40.7,Tstd:20.7,Bpos:51.8,Bstd:1.0,StrandBias:0.6,Multiplicity:1.00
0.456	0.185	0.190	0.169
0.521	0.149	0.171	0.159
0.154	0.595	0.143	0.108
0.706	0.064	0.078	0.152
0.130	0.060	0.675	0.135
0.157	0.136	0.590	0.117
0.620	0.162	0.119	0.099
0.663	0.067	0.140	0.130
0.162	0.141	0.571	0.126
0.180	0.085	0.137	0.598
0.160	0.162	0.514	0.164
0.493	0.148	0.173	0.186
>AGATBTCCCAGT	8-AGATBTCCCAGT	9.560943	-19.465355	0	T:45.0(1.50%),B:4.3(0.16%),P:1e-8	Tpos:39.0,Tstd:17.3,Bpos:37.7,Bstd:15.2,StrandBias:-0.2,Multiplicity:1.00
0.997	0.001	0.001	0.001
0.088	0.001	0.910	0.001
0.703	0.127	0.001	0.169
0.001	0.001	0.001	0.997
0.131	0.258	0.380	0.231
0.001	0.001	0.084	0.914
0.001	0.783	0.001	0.215
0.042	0.688	0.100	0.170
0.092	0.865	0.001	0.042
0.956	0.042	0.001	0.001
0.177	0.127	0.695	0.001
0.261	0.001	0.001	0.737
>SSCCAGAGGCAG	9-SSCCAGAGGCAG	8.724019	-16.186834	0	T:47.0(1.57%),B:7.4(0.28%),P:1e-7	Tpos:32.0,Tstd:16.2,Bpos:37.3,Bstd:10.9,StrandBias:0.6,Multiplicity:1.00
0.129	0.395	0.270	0.206
0.086	0.378	0.428	0.107
0.001	0.509	0.314	0.176
0.001	0.778	0.220	0.001
0.913	0.022	0.022	0.043
0.001	0.001	0.997	0.001
0.933	0.065	0.001	0.001
0.001	0.001	0.997	0.001
0.068	0.352	0.516	0.064
0.107	0.555	0.337	0.001
0.513	0.090	0.305	0.092
0.107	0.111	0.781	0.001
>ATCTYTCTATCT	10-ATCTYTCTATCT	7.318484	-14.647581	0	T:27.0(0.90%),B:1.7(0.06%),P:1e-6	Tpos:24.3,Tstd:17.2,Bpos:38.3,Bstd:6.3,StrandBias:1.0,Multiplicity:1.00
0.619	0.379	0.001	0.001
0.001	0.058	0.001	0.940
0.001	0.997	0.001	0.001
0.001	0.001	0.001	0.997
0.001	0.432	0.175	0.393
0.001	0.001	0.001	0.997
0.001	0.997	0.001	0.001
0.001	0.001	0.001	0.997
0.735	0.263	0.001	0.001
0.001	0.132	0.058	0.809
0.001	0.997	0.001	0.001
0.001	0.001	0.001	0.997
>TGTGTGTGTKTD	11-TGTGTGTGTKTD	9.119755	-8.095410	0	T:105.0(3.50%),B:53.4(1.99%),P:1e-3	Tpos:34.1,Tstd:20.6,Bpos:46.6,Bstd:18.3,StrandBias:0.3,Multiplicity:1.03
0.001	0.001	0.079	0.919
0.001	0.093	0.623	0.283
0.001	0.001	0.001	0.997
0.001	0.001	0.865	0.133
0.001	0.001	0.001	0.997
0.120	0.001	0.745	0.134
0.001	0.013	0.158	0.828
0.214	0.135	0.489	0.162
0.001	0.108	0.106	0.785
0.095	0.026	0.448	0.431
0.001	0.080	0.295	0.624
0.267	0.068	0.312	0.352
>TVTTATCT	1-TVTTATCT	6.387808	-193.097404	0	T:771.0(25.70%),B:186.1(6.95%),P:1e-83	Tpos:38.0,Tstd:18.0,Bpos:36.8,Bstd:22.2,StrandBias:0.0,Multiplicity:1.05
0.094	0.244	0.127	0.535
0.337	0.311	0.300	0.053
0.124	0.204	0.001	0.671
0.001	0.001	0.080	0.918
0.997	0.001	0.001	0.001
0.001	0.001	0.001	0.997
0.001	0.997	0.001	0.001
0.344	0.069	0.060	0.527
>TRTTTAYC	2-TRTTTAYC	5.318476	-183.615987	0	T:1042.0(34.73%),B:358.3(13.38%),P:1e-79	Tpos:36.4,Tstd:19.4,Bpos:37.3,Bstd:23.3,StrandBias:0.2,Multiplicity:1.28
0.001	0.001	0.001	0.997
0.504	0.037	0.458	0.001
0.001	0.001	0.001	0.997
0.001	0.001	0.001	0.997
0.001	0.001	0.169	0.829
0.905	0.001	0.093	0.001
0.001	0.517	0.001	0.481
0.185	0.519	0.001	0.295
>AGATGTTA	3-AGATGTTA	7.564234	-97.472762	0	T:311.0(10.37%),B:51.7(1.93%),P:1e-42	Tpos:35.9,Tstd:18.7,Bpos:38.8,Bstd:23.3,StrandBias:0.0,Multiplicity:1.03
0.705	0.001	0.001	0.293
0.001	0.001	0.997	0.001
0.997	0.001	0.001	0.001
0.001	0.001	0.001	0.997
0.001	0.416	0.582	0.001
0.001	0.185	0.173	0.641
0.124	0.001	0.001	0.874
0.626	0.001	0.372	0.001
>YRCATTCC	4-YRCATTCC	5.874801	-81.839288	0	T:525.0(17.50%),B:180.4(6.74%),P:1e-35	Tpos:37.4,Tstd:19.0,Bpos:34.2,Bstd:21.9,StrandBias:-0.1,Multiplicity:1.09
0.097	0.406	0.198	0.299
0.379	0.089	0.496	0.037
0.243	0.755	0.001	0.001
0.928	0.037	0.034	0.001
0.054	0.023	0.011	0.912
0.226	0.001	0.001	0.772
0.001	0.860	0.001	0.138
0.001	0.909	0.001	0.089
>SCCYBAGG	5-SCCYBAGG	4.750807	-75.344768	0	T:891.0(29.70%),B:436.3(16.30%),P:1e-32	Tpos:37.2,Tstd:19.6,Bpos:37.6,Bstd:22.8,StrandBias:0.0,Multiplicity:1.12
0.001	0.430	0.543	0.026
0.021	0.969	0.009	0.001
0.001	0.807	0.009	0.183
0.036	0.475	0.118	0.371
0.135	0.303	0.342	0.221
0.481	0.117	0.246	0.155
0.323	0.065	0.592	0.020
0.001	0.053	0.945	0.001
>TATCTGAT	6-TATCTGAT	6.056964	-73.571309	0	T:362.0(12.07%),B:99.9(3.73%),P:1e-31	Tpos:38.9,Tstd:18.5,Bpos:42.3,Bstd:24.2,StrandBias:0.1,Multiplicity:1.04
0.096	0.065	0.175	0.664
0.950	0.001	0.048	0.001
0.032	0.033	0.025	0.910
0.001	0.965	0.001	0.033
0.136	0.001	0.007	0.856
0.001	0.001	0.997	0.001
0.931	0.048	0.020	0.001
0.001	0.032	0.015	0.952
>GATCGGCA	7-GATCGGCA	5.476580	-57.156146	0	T:418.0(13.93%),B:154.6(5.77%),P:1e-24	Tpos:37.9,Tstd:17.9,Bpos:38.9,Bstd:25.6,StrandBias:0.1,Multiplicity:1.07
0.036	0.052	0.841	0.071
0.825	0.082	0.031	0.062
0.082	0.076	0.010	0.832
0.196	0.488	0.101	0.215
0.088	0.014	0.706	0.192
0.035	0.152	0.760	0.053
0.130	0.698	0.097	0.075
0.859	0.049	0.044	0.048
>CCAGGAAG	8-CCAGGAAG	7.624367	-37.250799	0	T:158.0(5.27%),B:37.9(1.42%),P:1e-16	Tpos:37.8,Tstd:20.3,Bpos:39.3,Bstd:18.2,StrandBias:0.1,Multiplicity:1.01
0.001	0.781	0.217	0.001
0.001	0.997	0.001	0.001
0.997	0.001	0.001	0.001
0.001	0.001	0.997	0.001
0.001	0.183	0.815	0.001
0.875	0.001	0.123	0.001
0.997	0.001	0.001	0.001
0.001	0.088	0.910	0.001
>RAACYGGT	9-RAACYGGT	6.069017	-35.390621	0	T:345.0(11.50%),B:148.4(5.54%),P:1e-15	Tpos:38.7,Tstd:19.0,Bpos:35.0,Bstd:24.7,StrandBias:0.2,Multiplicity:1.07
0.499	0.111	0.380	0.010
0.807	0.001	0.191	0.001
0.896	0.001	0.054	0.049
0.001	0.997	0.001	0.001
0.231	0.427	0.001	0.341
0.234	0.001	0.661	0.104
0.038	0.001	0.960	0.001
0.001	0.203	0.001	0.795
>TTTGYKTG	10-TTTGYKTG	6.368487	-35.163130	0	T:408.0(13.60%),B:190.7(7.12%),P:1e-15	Tpos:35.2,Tstd:21.2,Bpos:43.4,Bstd:22.1,StrandBias:0.2,Multiplicity:1.08
0.001	0.001	0.001	0.997
0.001	0.001	0.393	0.605
0.042	0.147	0.085	0.726
0.141	0.001	0.857	0.001
0.001	0.514	0.001	0.484
0.091	0.022	0.462	0.425
0.001	0.382	0.001	0.616
0.265	0.021	0.530	0.184
>ATAAAATC	11-ATAAAATC	6.898234	-30.541270	0	T:200.0(6.67%),B:68.2(2.55%),P:1e-13	Tpos:39.4,Tstd:19.4,Bpos:36.5,Bstd:25.8,StrandBias:-0.0,Multiplicity:1.01
0.851	0.027	0.116	0.006
0.001	0.073	0.015	0.911
0.534	0.092	0.248	0.126
0.465	0.148	0.201	0.186
0.806	0.085	0.061	0.048
0.669	0.155	0.117	0.059
0.140	0.006	0.013	0.841
0.020	0.932	0.021	0.027
>CTGGCAAG	12-CTGGCAAG	7.340057	-24.316495	0	T:137.0(4.57%),B:42.6(1.59%),P:1e-10	Tpos:37.4,Tstd:21.5,Bpos:35.0,Bstd:18.3,StrandBias:0.1,Multiplicity:1.03
0.056	0.942	0.001	0.001
0.060	0.029	0.029	0.882
0.001	0.001	0.799	0.199
0.054	0.091	0.854	0.001
0.001	0.997	0.001	0.001
0.859	0.041	0.001	0.099
0.817	0.001	0.139	0.043
0.001	0.001	0.997	0.001
>TGAGTCAT	13-TGAGTCAT	8.417679	-18.741679	0	T:64.0(2.13%),B:12.9(0.48%),P:1e-8	Tpos:32.0,Tstd:20.2,Bpos:34.8,Bstd:13.6,StrandBias:0.3,Multiplicity:1.05
0.001	0.001	0.001	0.997
0.001	0.001	0.997	0.001
0.997	0.001	0.001	0.001
0.001	0.212	0.786	0.001
0.001	0.001	0.001	0.997
0.001	0.997	0.001	0.001
0.608	0.001	0.390	0.001
0.001	0.150	0.001	0.848
>ACCTGAAA	14-ACCTGAAA	8.462265	-17.266659	0	T:54.0(1.80%),B:9.0(0.34%),P:1e-7	Tpos:33.9,Tstd:21.0,Bpos:34.4,Bstd:19.1,StrandBias:0.1,Multiplicity:1.00
0.997	0.001	0.001	0.001
0.001	0.997	0.001	0.001
0.001	0.997	0.001	0.001
0.181	0.001	0.001	0.817
0.001	0.001	0.997	0.001
0.997	0.001	0.001	0.001
0.997	0.001	0.001	0.001
0.796	0.090	0.001	0.113
>GGGCCGCG	15-GGGCCGCG	6.350347	-15.291954	0	T:65.0(2.17%),B:16.1(0.60%),P:1e-6	Tpos:36.5,Tstd:21.0,Bpos:38.7,Bstd:14.1,StrandBias:-0.3,Multiplicity:1.11
0.001	0.128	0.846	0.025
0.026	0.128	0.820	0.026
0.025	0.025	0.949	0.001
0.051	0.871	0.077	0.001
0.025	0.897	0.077	0.001
0.001	0.025	0.949	0.025
0.001	0.896	0.102	0.001
0.026	0.128	0.795	0.051
>CTGTGTAC	16-CTGTGTAC	7.561196	-11.879452	0	T:49.0(1.63%),B:12.0(0.45%),P:1e-5	Tpos:34.0,Tstd:18.6,Bpos:36.3,Bstd:18.3,StrandBias:-0.4,Multiplicity:1.00
0.001	0.997	0.001	0.001
0.001	0.001	0.028	0.970
0.001	0.001	0.815	0.183
0.046	0.001	0.001	0.952
0.001	0.001	0.970	0.028
0.001	0.001	0.159	0.839
0.997	0.001	0.001	0.001
0.001	0.997	0.001	0.001
>AACCTGCT	17-AACCTGCT	7.310328	-11.693328	0	T:62.0(2.07%),B:19.1(0.71%),P:1e-5	Tpos:34.2,Tstd:20.1,Bpos:36.8,Bstd:18.9,StrandBias:0.5,Multiplicity:1.02
0.997	0.001	0.001	0.001
0.997	0.001	0.001	0.001
0.001	0.770	0.001	0.228
0.001	0.997	0.001	0.001
0.001	0.035	0.001	0.963
0.108	0.001	0.890	0.001
0.001	0.997	0.001	0.001
0.001	0.001	0.035	0.963
>GACTAGAA	18-GACTAGAA	8.236954	-8.420594	0	T:22.0(0.73%),B:3.4(0.13%),P:1e-3	Tpos:35.9,Tstd:18.6,Bpos:31.0,Bstd:12.9,StrandBias:0.5,Multiplicity:1.00
0.100	0.100	0.700	0.100
0.700	0.100	0.100	0.100
0.100	0.700	0.100	0.100
0.100	0.100	0.100	0.700
0.700	0.100	0.100	0.100
0.100	0.100	0.700	0.100
0.700	0.100	0.100	0.100
0.700	0.100	0.100	0.100
