>TVTTATCT	1-TVTTATCT	6.387808	-193.097404	0	T:771.0(25.70%),B:186.1(6.95%),P:1e-83	Tpos:38.0,Tstd:18.0,Bpos:36.8,Bstd:22.2,StrandBias:0.0,Multiplicity:1.05
0.094	0.244	0.127	0.535
0.337	0.311	0.300	0.053
0.124	0.204	0.001	0.671
0.001	0.001	0.080	0.918
0.997	0.001	0.001	0.001
0.001	0.001	0.001	0.997
0.001	0.997	0.001	0.001
0.344	0.069	0.060	0.527
>TRTTTAYC	2-TRTTTAYC	5.318476	-183.615987	0	T:1042.0(34.73%),B:358.3(13.38%),P:1e-79	Tpos:36.4,Tstd:19.4,Bpos:37.3,Bstd:23.3,StrandBias:0.2,Multiplicity:1.28
0.001	0.001	0.001	0.997
0.504	0.037	0.458	0.001
0.001	0.001	0.001	0.997
0.001	0.001	0.001	0.997
0.001	0.001	0.169	0.829
0.905	0.001	0.093	0.001
0.001	0.517	0.001	0.481
0.185	0.519	0.001	0.295
>AGATGTTA	3-AGATGTTA	7.564234	-97.472762	0	T:311.0(10.37%),B:51.7(1.93%),P:1e-42	Tpos:35.9,Tstd:18.7,Bpos:38.8,Bstd:23.3,StrandBias:0.0,Multiplicity:1.03
0.705	0.001	0.001	0.293
0.001	0.001	0.997	0.001
0.997	0.001	0.001	0.001
0.001	0.001	0.001	0.997
0.001	0.416	0.582	0.001
0.001	0.185	0.173	0.641
0.124	0.001	0.001	0.874
0.626	0.001	0.372	0.001
>YRCATTCC	4-YRCATTCC	5.874801	-81.839288	0	T:525.0(17.50%),B:180.4(6.74%),P:1e-35	Tpos:37.4,Tstd:19.0,Bpos:34.2,Bstd:21.9,StrandBias:-0.1,Multiplicity:1.09
0.097	0.406	0.198	0.299
0.379	0.089	0.496	0.037
0.243	0.755	0.001	0.001
0.928	0.037	0.034	0.001
0.054	0.023	0.011	0.912
0.226	0.001	0.001	0.772
0.001	0.860	0.001	0.138
0.001	0.909	0.001	0.089
>SCCYBAGG	5-SCCYBAGG	4.750807	-75.344768	0	T:891.0(29.70%),B:436.3(16.30%),P:1e-32	Tpos:37.2,Tstd:19.6,Bpos:37.6,Bstd:22.8,StrandBias:0.0,Multiplicity:1.12
0.001	0.430	0.543	0.026
0.021	0.969	0.009	0.001
0.001	0.807	0.009	0.183
0.036	0.475	0.118	0.371
0.135	0.303	0.342	0.221
0.481	0.117	0.246	0.155
0.323	0.065	0.592	0.020
0.001	0.053	0.945	0.001
>TATCTGAT	6-TATCTGAT	6.056964	-73.571309	0	T:362.0(12.07%),B:99.9(3.73%),P:1e-31	Tpos:38.9,Tstd:18.5,Bpos:42.3,Bstd:24.2,StrandBias:0.1,Multiplicity:1.04
0.096	0.065	0.175	0.664
0.950	0.001	0.048	0.001
0.032	0.033	0.025	0.910
0.001	0.965	0.001	0.033
0.136	0.001	0.007	0.856
0.001	0.001	0.997	0.001
0.931	0.048	0.020	0.001
0.001	0.032	0.015	0.952
>GATCGGCA	7-GATCGGCA	5.476580	-57.156146	0	T:418.0(13.93%),B:154.6(5.77%),P:1e-24	Tpos:37.9,Tstd:17.9,Bpos:38.9,Bstd:25.6,StrandBias:0.1,Multiplicity:1.07
0.036	0.052	0.841	0.071
0.825	0.082	0.031	0.062
0.082	0.076	0.010	0.832
0.196	0.488	0.101	0.215
0.088	0.014	0.706	0.192
0.035	0.152	0.760	0.053
0.130	0.698	0.097	0.075
0.859	0.049	0.044	0.048
>CCAGGAAG	8-CCAGGAAG	7.624367	-37.250799	0	T:158.0(5.27%),B:37.9(1.42%),P:1e-16	Tpos:37.8,Tstd:20.3,Bpos:39.3,Bstd:18.2,StrandBias:0.1,Multiplicity:1.01
0.001	0.781	0.217	0.001
0.001	0.997	0.001	0.001
0.997	0.001	0.001	0.001
0.001	0.001	0.997	0.001
0.001	0.183	0.815	0.001
0.875	0.001	0.123	0.001
0.997	0.001	0.001	0.001
0.001	0.088	0.910	0.001
>RAACYGGT	9-RAACYGGT	6.069017	-35.390621	0	T:345.0(11.50%),B:148.4(5.54%),P:1e-15	Tpos:38.7,Tstd:19.0,Bpos:35.0,Bstd:24.7,StrandBias:0.2,Multiplicity:1.07
0.499	0.111	0.380	0.010
0.807	0.001	0.191	0.001
0.896	0.001	0.054	0.049
0.001	0.997	0.001	0.001
0.231	0.427	0.001	0.341
0.234	0.001	0.661	0.104
0.038	0.001	0.960	0.001
0.001	0.203	0.001	0.795
>TTTGYKTG	10-TTTGYKTG	6.368487	-35.163130	0	T:408.0(13.60%),B:190.7(7.12%),P:1e-15	Tpos:35.2,Tstd:21.2,Bpos:43.4,Bstd:22.1,StrandBias:0.2,Multiplicity:1.08
0.001	0.001	0.001	0.997
0.001	0.001	0.393	0.605
0.042	0.147	0.085	0.726
0.141	0.001	0.857	0.001
0.001	0.514	0.001	0.484
0.091	0.022	0.462	0.425
0.001	0.382	0.001	0.616
0.265	0.021	0.530	0.184
>ATAAAATC	11-ATAAAATC	6.898234	-30.541270	0	T:200.0(6.67%),B:68.2(2.55%),P:1e-13	Tpos:39.4,Tstd:19.4,Bpos:36.5,Bstd:25.8,StrandBias:-0.0,Multiplicity:1.01
0.851	0.027	0.116	0.006
0.001	0.073	0.015	0.911
0.534	0.092	0.248	0.126
0.465	0.148	0.201	0.186
0.806	0.085	0.061	0.048
0.669	0.155	0.117	0.059
0.140	0.006	0.013	0.841
0.020	0.932	0.021	0.027
>CTGGCAAG	12-CTGGCAAG	7.340057	-24.316495	0	T:137.0(4.57%),B:42.6(1.59%),P:1e-10	Tpos:37.4,Tstd:21.5,Bpos:35.0,Bstd:18.3,StrandBias:0.1,Multiplicity:1.03
0.056	0.942	0.001	0.001
0.060	0.029	0.029	0.882
0.001	0.001	0.799	0.199
0.054	0.091	0.854	0.001
0.001	0.997	0.001	0.001
0.859	0.041	0.001	0.099
0.817	0.001	0.139	0.043
0.001	0.001	0.997	0.001
>TGAGTCAT	13-TGAGTCAT	8.417679	-18.741679	0	T:64.0(2.13%),B:12.9(0.48%),P:1e-8	Tpos:32.0,Tstd:20.2,Bpos:34.8,Bstd:13.6,StrandBias:0.3,Multiplicity:1.05
0.001	0.001	0.001	0.997
0.001	0.001	0.997	0.001
0.997	0.001	0.001	0.001
0.001	0.212	0.786	0.001
0.001	0.001	0.001	0.997
0.001	0.997	0.001	0.001
0.608	0.001	0.390	0.001
0.001	0.150	0.001	0.848
>ACCTGAAA	14-ACCTGAAA	8.462265	-17.266659	0	T:54.0(1.80%),B:9.0(0.34%),P:1e-7	Tpos:33.9,Tstd:21.0,Bpos:34.4,Bstd:19.1,StrandBias:0.1,Multiplicity:1.00
0.997	0.001	0.001	0.001
0.001	0.997	0.001	0.001
0.001	0.997	0.001	0.001
0.181	0.001	0.001	0.817
0.001	0.001	0.997	0.001
0.997	0.001	0.001	0.001
0.997	0.001	0.001	0.001
0.796	0.090	0.001	0.113
>GGGCCGCG	15-GGGCCGCG	6.350347	-15.291954	0	T:65.0(2.17%),B:16.1(0.60%),P:1e-6	Tpos:36.5,Tstd:21.0,Bpos:38.7,Bstd:14.1,StrandBias:-0.3,Multiplicity:1.11
0.001	0.128	0.846	0.025
0.026	0.128	0.820	0.026
0.025	0.025	0.949	0.001
0.051	0.871	0.077	0.001
0.025	0.897	0.077	0.001
0.001	0.025	0.949	0.025
0.001	0.896	0.102	0.001
0.026	0.128	0.795	0.051
>CTGTGTAC	16-CTGTGTAC	7.561196	-11.879452	0	T:49.0(1.63%),B:12.0(0.45%),P:1e-5	Tpos:34.0,Tstd:18.6,Bpos:36.3,Bstd:18.3,StrandBias:-0.4,Multiplicity:1.00
0.001	0.997	0.001	0.001
0.001	0.001	0.028	0.970
0.001	0.001	0.815	0.183
0.046	0.001	0.001	0.952
0.001	0.001	0.970	0.028
0.001	0.001	0.159	0.839
0.997	0.001	0.001	0.001
0.001	0.997	0.001	0.001
>AACCTGCT	17-AACCTGCT	7.310328	-11.693328	0	T:62.0(2.07%),B:19.1(0.71%),P:1e-5	Tpos:34.2,Tstd:20.1,Bpos:36.8,Bstd:18.9,StrandBias:0.5,Multiplicity:1.02
0.997	0.001	0.001	0.001
0.997	0.001	0.001	0.001
0.001	0.770	0.001	0.228
0.001	0.997	0.001	0.001
0.001	0.035	0.001	0.963
0.108	0.001	0.890	0.001
0.001	0.997	0.001	0.001
0.001	0.001	0.035	0.963
>GACTAGAA	18-GACTAGAA	8.236954	-8.420594	0	T:22.0(0.73%),B:3.4(0.13%),P:1e-3	Tpos:35.9,Tstd:18.6,Bpos:31.0,Bstd:12.9,StrandBias:0.5,Multiplicity:1.00
0.100	0.100	0.700	0.100
0.700	0.100	0.100	0.100
0.100	0.700	0.100	0.100
0.100	0.100	0.100	0.700
0.700	0.100	0.100	0.100
0.100	0.100	0.700	0.100
0.700	0.100	0.100	0.100
0.700	0.100	0.100	0.100
