>NWGATNTTATCT	1-NWGATNTTATCT	6.751241	-208.934703	0	T:438.0(14.60%),B:29.5(1.10%),P:1e-90	Tpos:38.3,Tstd:16.8,Bpos:40.8,Bstd:27.1,StrandBias:-0.0,Multiplicity:1.01
0.191	0.274	0.278	0.257
0.529	0.001	0.039	0.431
0.013	0.001	0.978	0.008
0.948	0.017	0.001	0.034
0.013	0.001	0.030	0.956
0.252	0.209	0.344	0.195
0.217	0.200	0.204	0.380
0.221	0.130	0.095	0.554
0.997	0.001	0.001	0.001
0.001	0.001	0.001	0.997
0.001	0.990	0.001	0.008
0.299	0.021	0.001	0.679
>AGATKBTTATCT	2-AGATKBTTATCT	7.952422	-177.187755	0	T:362.0(12.07%),B:21.2(0.79%),P:1e-76	Tpos:37.8,Tstd:17.7,Bpos:30.4,Bstd:17.0,StrandBias:-0.2,Multiplicity:1.02
0.688	0.047	0.012	0.253
0.001	0.001	0.997	0.001
0.963	0.001	0.023	0.013
0.036	0.012	0.001	0.951
0.108	0.144	0.313	0.435
0.085	0.299	0.255	0.360
0.095	0.145	0.048	0.712
0.155	0.072	0.073	0.700
0.963	0.012	0.024	0.001
0.001	0.001	0.001	0.997
0.001	0.997	0.001	0.001
0.368	0.012	0.012	0.608
>WRYAAAYANWNN	3-WRYAAAYANWNN	7.220884	-158.303462	0	T:797.0(26.57%),B:240.0(8.96%),P:1e-68	Tpos:36.0,Tstd:19.1,Bpos:37.6,Bstd:20.8,StrandBias:-0.2,Multiplicity:1.15
0.434	0.001	0.254	0.310
0.487	0.001	0.511	0.001
0.001	0.465	0.001	0.533
0.997	0.001	0.001	0.001
0.997	0.001	0.001	0.001
0.997	0.001	0.001	0.001
0.001	0.529	0.047	0.423
0.997	0.001	0.001	0.001
0.297	0.207	0.262	0.234
0.386	0.207	0.166	0.241
0.277	0.217	0.244	0.262
0.258	0.273	0.244	0.225
>GHCARACMWGTT	4-GHCARACMWGTT	6.384360	-51.062187	0	T:370.0(12.33%),B:135.9(5.08%),P:1e-22	Tpos:37.4,Tstd:18.1,Bpos:37.3,Bstd:23.7,StrandBias:0.3,Multiplicity:1.15
0.165	0.067	0.681	0.087
0.280	0.328	0.053	0.338
0.280	0.532	0.125	0.063
0.647	0.077	0.005	0.271
0.545	0.001	0.435	0.019
0.697	0.019	0.183	0.101
0.004	0.981	0.014	0.001
0.309	0.434	0.001	0.256
0.430	0.001	0.247	0.322
0.001	0.023	0.975	0.001
0.227	0.232	0.014	0.527
0.304	0.111	0.001	0.584
>DGSHTGGAATKY	5-DGSHTGGAATKY	9.745118	-36.760520	0	T:71.0(2.37%),B:3.0(0.11%),P:1e-15	Tpos:38.0,Tstd:16.0,Bpos:30.4,Bstd:8.4,StrandBias:0.3,Multiplicity:1.01
0.258	0.001	0.349	0.392
0.001	0.001	0.997	0.001
0.204	0.372	0.240	0.183
0.323	0.305	0.001	0.371
0.411	0.001	0.001	0.587
0.001	0.001	0.997	0.001
0.001	0.091	0.907	0.001
0.720	0.278	0.001	0.001
0.885	0.001	0.113	0.001
0.001	0.001	0.001	0.997
0.001	0.137	0.445	0.417
0.163	0.367	0.001	0.469
>CCACCTGGTGGC	6-CCACCTGGTGGC	7.330374	-32.067579	0	T:85.0(2.83%),B:10.7(0.40%),P:1e-13	Tpos:39.5,Tstd:17.6,Bpos:38.2,Bstd:13.4,StrandBias:0.2,Multiplicity:1.00
0.201	0.797	0.001	0.001
0.001	0.952	0.001	0.046
0.739	0.256	0.001	0.004
0.001	0.806	0.001	0.192
0.046	0.760	0.001	0.193
0.300	0.001	0.001	0.698
0.143	0.001	0.760	0.096
0.001	0.142	0.856	0.001
0.096	0.001	0.143	0.760
0.001	0.001	0.997	0.001
0.046	0.001	0.861	0.092
0.046	0.749	0.046	0.159
>AACAGGAAGTGA	7-AACAGGAAGTGA	7.621492	-24.984962	0	T:39.0(1.30%),B:1.0(0.04%),P:1e-10	Tpos:40.7,Tstd:20.7,Bpos:51.8,Bstd:1.0,StrandBias:0.6,Multiplicity:1.00
0.456	0.185	0.190	0.169
0.521	0.149	0.171	0.159
0.154	0.595	0.143	0.108
0.706	0.064	0.078	0.152
0.130	0.060	0.675	0.135
0.157	0.136	0.590	0.117
0.620	0.162	0.119	0.099
0.663	0.067	0.140	0.130
0.162	0.141	0.571	0.126
0.180	0.085	0.137	0.598
0.160	0.162	0.514	0.164
0.493	0.148	0.173	0.186
>AGATBTCCCAGT	8-AGATBTCCCAGT	9.560943	-19.465355	0	T:45.0(1.50%),B:4.3(0.16%),P:1e-8	Tpos:39.0,Tstd:17.3,Bpos:37.7,Bstd:15.2,StrandBias:-0.2,Multiplicity:1.00
0.997	0.001	0.001	0.001
0.088	0.001	0.910	0.001
0.703	0.127	0.001	0.169
0.001	0.001	0.001	0.997
0.131	0.258	0.380	0.231
0.001	0.001	0.084	0.914
0.001	0.783	0.001	0.215
0.042	0.688	0.100	0.170
0.092	0.865	0.001	0.042
0.956	0.042	0.001	0.001
0.177	0.127	0.695	0.001
0.261	0.001	0.001	0.737
>SSCCAGAGGCAG	9-SSCCAGAGGCAG	8.724019	-16.186834	0	T:47.0(1.57%),B:7.4(0.28%),P:1e-7	Tpos:32.0,Tstd:16.2,Bpos:37.3,Bstd:10.9,StrandBias:0.6,Multiplicity:1.00
0.129	0.395	0.270	0.206
0.086	0.378	0.428	0.107
0.001	0.509	0.314	0.176
0.001	0.778	0.220	0.001
0.913	0.022	0.022	0.043
0.001	0.001	0.997	0.001
0.933	0.065	0.001	0.001
0.001	0.001	0.997	0.001
0.068	0.352	0.516	0.064
0.107	0.555	0.337	0.001
0.513	0.090	0.305	0.092
0.107	0.111	0.781	0.001
>ATCTYTCTATCT	10-ATCTYTCTATCT	7.318484	-14.647581	0	T:27.0(0.90%),B:1.7(0.06%),P:1e-6	Tpos:24.3,Tstd:17.2,Bpos:38.3,Bstd:6.3,StrandBias:1.0,Multiplicity:1.00
0.619	0.379	0.001	0.001
0.001	0.058	0.001	0.940
0.001	0.997	0.001	0.001
0.001	0.001	0.001	0.997
0.001	0.432	0.175	0.393
0.001	0.001	0.001	0.997
0.001	0.997	0.001	0.001
0.001	0.001	0.001	0.997
0.735	0.263	0.001	0.001
0.001	0.132	0.058	0.809
0.001	0.997	0.001	0.001
0.001	0.001	0.001	0.997
>TGTGTGTGTKTD	11-TGTGTGTGTKTD	9.119755	-8.095410	0	T:105.0(3.50%),B:53.4(1.99%),P:1e-3	Tpos:34.1,Tstd:20.6,Bpos:46.6,Bstd:18.3,StrandBias:0.3,Multiplicity:1.03
0.001	0.001	0.079	0.919
0.001	0.093	0.623	0.283
0.001	0.001	0.001	0.997
0.001	0.001	0.865	0.133
0.001	0.001	0.001	0.997
0.120	0.001	0.745	0.134
0.001	0.013	0.158	0.828
0.214	0.135	0.489	0.162
0.001	0.108	0.106	0.785
0.095	0.026	0.448	0.431
0.001	0.080	0.295	0.624
0.267	0.068	0.312	0.352
