>TGTAATCYCAGC	1-TGTAATCYCAGC	7.697970	-77.831957	0	T:320.0(13.07%),B:94.8(3.74%),P:1e-33	Tpos:38.5,Tstd:18.2,Bpos:38.4,Bstd:22.3,StrandBias:0.2,Multiplicity:1.01
0.230	0.084	0.001	0.685
0.109	0.061	0.551	0.279
0.195	0.253	0.025	0.527
0.416	0.219	0.230	0.135
0.585	0.024	0.097	0.294
0.012	0.012	0.001	0.975
0.012	0.915	0.001	0.072
0.001	0.428	0.001	0.570
0.001	0.997	0.001	0.001
0.891	0.001	0.060	0.048
0.038	0.061	0.683	0.218
0.074	0.791	0.074	0.061
>CCTCAGCCTCCC	2-CCTCAGCCTCCC	8.924250	-68.363355	0	T:231.0(9.44%),B:54.4(2.15%),P:1e-29	Tpos:38.0,Tstd:17.9,Bpos:39.0,Bstd:24.7,StrandBias:-0.1,Multiplicity:1.13
0.112	0.647	0.103	0.138
0.112	0.653	0.081	0.154
0.097	0.191	0.086	0.626
0.070	0.720	0.129	0.081
0.600	0.114	0.078	0.208
0.119	0.139	0.573	0.169
0.066	0.707	0.105	0.122
0.111	0.732	0.032	0.125
0.151	0.097	0.086	0.666
0.073	0.712	0.099	0.116
0.103	0.720	0.054	0.123
0.125	0.645	0.090	0.140
>TCAAGCGATTCT	3-TCAAGCGATTCT	9.575190	-45.810224	0	T:139.0(5.68%),B:28.5(1.12%),P:1e-19	Tpos:35.4,Tstd:15.5,Bpos:36.2,Bstd:28.5,StrandBias:0.0,Multiplicity:1.00
0.001	0.006	0.036	0.957
0.001	0.805	0.036	0.158
0.848	0.115	0.001	0.036
0.962	0.001	0.036	0.001
0.072	0.001	0.926	0.001
0.001	0.499	0.164	0.336
0.185	0.043	0.735	0.037
0.926	0.072	0.001	0.001
0.037	0.110	0.037	0.816
0.001	0.158	0.036	0.805
0.001	0.962	0.001	0.036
0.037	0.037	0.037	0.889
>AGGTTGCAGTGA	4-AGGTTGCAGTGA	9.145136	-45.634993	0	T:95.0(3.88%),B:9.7(0.38%),P:1e-19	Tpos:38.0,Tstd:23.1,Bpos:41.1,Bstd:24.1,StrandBias:0.4,Multiplicity:1.00
0.813	0.075	0.075	0.037
0.140	0.001	0.703	0.156
0.001	0.001	0.924	0.074
0.001	0.001	0.001	0.997
0.001	0.074	0.001	0.924
0.074	0.001	0.924	0.001
0.037	0.813	0.075	0.075
0.776	0.001	0.074	0.149
0.390	0.001	0.608	0.001
0.081	0.074	0.001	0.844
0.074	0.001	0.919	0.006
0.997	0.001	0.001	0.001
>TCTGTCRCCCAG	5-TCTGTCRCCCAG	8.769927	-43.558048	0	T:97.0(3.96%),B:11.8(0.46%),P:1e-18	Tpos:38.2,Tstd:17.0,Bpos:29.5,Bstd:8.7,StrandBias:0.4,Multiplicity:1.00
0.128	0.001	0.007	0.864
0.183	0.752	0.063	0.002
0.001	0.060	0.001	0.938
0.001	0.001	0.877	0.121
0.068	0.068	0.007	0.857
0.001	0.594	0.061	0.344
0.259	0.183	0.359	0.198
0.001	0.925	0.061	0.013
0.007	0.925	0.061	0.007
0.001	0.937	0.001	0.061
0.816	0.061	0.122	0.001
0.068	0.068	0.863	0.001
>AGTAGCTGGGAG	6-AGTAGCTGGGAG	9.054652	-41.427794	0	T:131.0(5.35%),B:28.5(1.12%),P:1e-17	Tpos:34.9,Tstd:24.6,Bpos:40.8,Bstd:21.5,StrandBias:-0.1,Multiplicity:1.00
0.614	0.119	0.001	0.266
0.255	0.001	0.502	0.242
0.106	0.001	0.001	0.892
0.705	0.001	0.041	0.253
0.242	0.001	0.756	0.001
0.001	0.771	0.001	0.227
0.106	0.001	0.001	0.892
0.001	0.001	0.997	0.001
0.001	0.013	0.716	0.270
0.120	0.001	0.878	0.001
0.997	0.001	0.001	0.001
0.001	0.287	0.439	0.272
>TGCCACCAYGCC	7-TGCCACCAYGCC	11.221290	-40.457513	0	T:92.0(3.76%),B:11.7(0.46%),P:1e-17	Tpos:33.0,Tstd:18.6,Bpos:42.0,Bstd:24.4,StrandBias:-0.2,Multiplicity:1.00
0.300	0.096	0.149	0.454
0.244	0.074	0.681	0.001
0.001	0.997	0.001	0.001
0.074	0.776	0.001	0.149
0.924	0.074	0.001	0.001
0.001	0.997	0.001	0.001
0.008	0.917	0.074	0.001
0.793	0.001	0.132	0.074
0.001	0.541	0.001	0.457
0.087	0.001	0.838	0.074
0.001	0.997	0.001	0.001
0.001	0.997	0.001	0.001
>GAGACACYRTCT	8-GAGACACYRTCT	9.201332	-32.391649	0	T:112.0(4.58%),B:28.0(1.10%),P:1e-14	Tpos:37.2,Tstd:19.7,Bpos:31.7,Bstd:20.0,StrandBias:0.0,Multiplicity:1.00
0.162	0.028	0.809	0.001
0.973	0.001	0.025	0.001
0.184	0.026	0.789	0.001
0.997	0.001	0.001	0.001
0.026	0.806	0.001	0.167
0.459	0.234	0.001	0.306
0.001	0.574	0.291	0.134
0.264	0.434	0.001	0.302
0.419	0.002	0.500	0.079
0.001	0.052	0.026	0.921
0.001	0.997	0.001	0.001
0.051	0.001	0.001	0.947
>GSATGATCTCRA	9-GSATGATCTCRA	9.252264	-31.612351	0	T:62.0(2.53%),B:5.9(0.23%),P:1e-13	Tpos:35.9,Tstd:18.4,Bpos:21.4,Bstd:22.7,StrandBias:-0.1,Multiplicity:1.00
0.001	0.172	0.770	0.057
0.001	0.561	0.437	0.001
0.668	0.001	0.330	0.001
0.058	0.301	0.058	0.583
0.179	0.294	0.526	0.001
0.756	0.001	0.242	0.001
0.001	0.001	0.057	0.941
0.001	0.997	0.001	0.001
0.001	0.001	0.001	0.997
0.001	0.848	0.001	0.150
0.416	0.122	0.461	0.001
0.553	0.057	0.389	0.001
>YTYCCTCCCTCY	10-YTYCCTCCCTCY	6.520148	-26.492999	0	T:469.0(19.16%),B:306.6(12.10%),P:1e-11	Tpos:35.4,Tstd:19.1,Bpos:36.9,Bstd:20.4,StrandBias:-0.2,Multiplicity:1.11
0.100	0.375	0.031	0.494
0.005	0.150	0.081	0.764
0.007	0.518	0.067	0.408
0.001	0.780	0.004	0.215
0.021	0.597	0.005	0.377
0.184	0.002	0.002	0.812
0.002	0.509	0.160	0.329
0.102	0.729	0.002	0.167
0.126	0.575	0.001	0.298
0.103	0.191	0.010	0.696
0.079	0.503	0.117	0.301
0.183	0.475	0.002	0.339
>TWWAWWWWATWT	11-TWWAWWWWATWT	5.491733	-26.414844	0	T:524.0(21.41%),B:354.6(13.99%),P:1e-11	Tpos:37.1,Tstd:19.0,Bpos:37.4,Bstd:19.4,StrandBias:-0.0,Multiplicity:1.24
0.225	0.134	0.155	0.486
0.416	0.085	0.128	0.371
0.373	0.119	0.123	0.384
0.583	0.086	0.082	0.249
0.468	0.077	0.098	0.356
0.349	0.116	0.116	0.420
0.524	0.009	0.073	0.394
0.390	0.068	0.036	0.506
0.591	0.127	0.085	0.197
0.314	0.084	0.043	0.559
0.384	0.091	0.121	0.404
0.240	0.089	0.042	0.629
>CWCAKCTCASTG	12-CWCAKCTCASTG	11.098449	-25.846052	0	T:63.0(2.57%),B:9.4(0.37%),P:1e-11	Tpos:38.3,Tstd:24.3,Bpos:0.0,Bstd:0.0,StrandBias:-0.4,Multiplicity:1.00
0.001	0.997	0.001	0.001
0.502	0.046	0.001	0.451
0.001	0.663	0.335	0.001
0.780	0.001	0.218	0.001
0.001	0.001	0.502	0.496
0.001	0.942	0.028	0.029
0.023	0.001	0.001	0.975
0.001	0.797	0.023	0.179
0.814	0.184	0.001	0.001
0.001	0.485	0.491	0.023
0.001	0.001	0.001	0.997
0.179	0.001	0.819	0.001
>AAABTAGAAAWA	13-AAABTAGAAAWA	9.506890	-23.116482	0	T:75.0(3.06%),B:17.9(0.71%),P:1e-10	Tpos:33.2,Tstd:16.8,Bpos:39.6,Bstd:14.2,StrandBias:0.6,Multiplicity:1.00
0.635	0.001	0.363	0.001
0.907	0.060	0.004	0.029
0.638	0.272	0.001	0.089
0.149	0.272	0.334	0.244
0.029	0.003	0.120	0.848
0.907	0.029	0.062	0.002
0.061	0.147	0.791	0.001
0.970	0.028	0.001	0.001
0.635	0.030	0.334	0.001
0.854	0.029	0.116	0.001
0.324	0.001	0.221	0.454
0.760	0.089	0.087	0.064
>CTRKGTAWATAH	14-CTRKGTAWATAH	7.145256	-20.390972	0	T:167.0(6.82%),B:80.2(3.16%),P:1e-8	Tpos:38.3,Tstd:19.2,Bpos:34.7,Bstd:21.6,StrandBias:0.0,Multiplicity:1.03
0.019	0.737	0.001	0.243
0.001	0.118	0.001	0.880
0.480	0.001	0.500	0.019
0.220	0.019	0.442	0.319
0.197	0.001	0.626	0.176
0.019	0.204	0.001	0.776
0.834	0.001	0.164	0.001
0.398	0.196	0.039	0.368
0.603	0.159	0.019	0.219
0.001	0.101	0.001	0.897
0.779	0.001	0.123	0.097
0.317	0.345	0.082	0.257
>ACCCAGCCATCC	15-ACCCAGCCATCC	9.993300	-15.976755	0	T:32.0(1.31%),B:4.0(0.16%),P:1e-6	Tpos:36.9,Tstd:19.1,Bpos:22.4,Bstd:10.2,StrandBias:-1.1,Multiplicity:1.03
0.675	0.195	0.065	0.065
0.195	0.605	0.070	0.130
0.064	0.934	0.001	0.001
0.001	0.997	0.001	0.001
0.869	0.001	0.001	0.129
0.130	0.065	0.804	0.001
0.001	0.994	0.004	0.001
0.151	0.843	0.005	0.001
0.989	0.001	0.005	0.005
0.001	0.065	0.259	0.675
0.001	0.997	0.001	0.001
0.195	0.739	0.001	0.065
>CCTGACCTCGTG	16-CCTGACCTCGTG	10.409522	-15.174527	0	T:28.0(1.14%),B:2.4(0.10%),P:1e-6	Tpos:35.4,Tstd:17.1,Bpos:26.9,Bstd:16.9,StrandBias:-0.6,Multiplicity:1.00
0.100	0.700	0.100	0.100
0.100	0.700	0.100	0.100
0.100	0.100	0.100	0.700
0.100	0.100	0.700	0.100
0.700	0.100	0.100	0.100
0.100	0.700	0.100	0.100
0.100	0.700	0.100	0.100
0.100	0.100	0.100	0.700
0.100	0.700	0.100	0.100
0.100	0.100	0.700	0.100
0.100	0.100	0.100	0.700
0.100	0.100	0.700	0.100
>GCTGGAGTGCAG	17-GCTGGAGTGCAG	10.270748	-14.792698	0	T:53.0(2.17%),B:14.9(0.59%),P:1e-6	Tpos:38.1,Tstd:13.2,Bpos:46.1,Bstd:18.7,StrandBias:0.4,Multiplicity:1.02
0.060	0.001	0.938	0.001
0.001	0.938	0.001	0.060
0.001	0.061	0.061	0.877
0.121	0.001	0.877	0.001
0.001	0.060	0.938	0.001
0.997	0.001	0.001	0.001
0.032	0.061	0.906	0.001
0.001	0.001	0.060	0.938
0.061	0.001	0.877	0.061
0.001	0.997	0.001	0.001
0.816	0.001	0.122	0.061
0.060	0.001	0.938	0.001
