>CYTCAGCCTC	1-CYTCAGCCTC	6.960692	-62.428627	0	T:396.0(16.18%),B:165.4(6.53%),P:1e-27	Tpos:36.9,Tstd:18.2,Bpos:38.0,Bstd:25.1,StrandBias:-0.2,Multiplicity:1.68
0.115	0.801	0.014	0.070
0.039	0.463	0.043	0.455
0.020	0.250	0.236	0.493
0.015	0.887	0.063	0.035
0.606	0.054	0.059	0.281
0.262	0.029	0.608	0.101
0.034	0.741	0.029	0.196
0.058	0.903	0.001	0.038
0.130	0.034	0.005	0.831
0.039	0.802	0.086	0.073
>GHAATCCCAG	2-GHAATCCCAG	7.736953	-62.058135	0	T:253.0(10.33%),B:73.7(2.91%),P:1e-26	Tpos:38.1,Tstd:18.2,Bpos:38.4,Bstd:22.1,StrandBias:0.0,Multiplicity:1.00
0.001	0.147	0.664	0.188
0.298	0.295	0.024	0.383
0.511	0.223	0.068	0.198
0.578	0.062	0.123	0.237
0.025	0.037	0.176	0.762
0.001	0.962	0.001	0.036
0.147	0.715	0.001	0.137
0.001	0.997	0.001	0.001
0.997	0.001	0.001	0.001
0.043	0.086	0.651	0.220
>ATTTATTTTW	3-ATTTATTTTW	5.589857	-50.796094	0	T:880.0(35.95%),B:591.7(23.35%),P:1e-22	Tpos:37.7,Tstd:19.4,Bpos:36.9,Bstd:19.1,StrandBias:0.1,Multiplicity:1.50
0.454	0.117	0.151	0.279
0.325	0.025	0.139	0.511
0.384	0.001	0.070	0.545
0.059	0.008	0.004	0.929
0.673	0.039	0.287	0.001
0.133	0.151	0.001	0.715
0.001	0.164	0.010	0.825
0.176	0.043	0.034	0.747
0.248	0.148	0.181	0.424
0.388	0.219	0.126	0.267
>GGAGATTGAG	4-GGAGATTGAG	8.116166	-50.267362	0	T:212.0(8.66%),B:63.0(2.49%),P:1e-21	Tpos:36.2,Tstd:17.7,Bpos:28.0,Bstd:14.6,StrandBias:1.3,Multiplicity:1.02
0.091	0.036	0.801	0.072
0.073	0.018	0.873	0.036
0.944	0.001	0.054	0.001
0.062	0.044	0.822	0.072
0.686	0.091	0.128	0.095
0.072	0.134	0.055	0.739
0.091	0.046	0.220	0.643
0.091	0.091	0.782	0.036
0.855	0.036	0.055	0.054
0.027	0.054	0.883	0.036
>CCATCTCTAC	5-CCATCTCTAC	6.932893	-47.838245	0	T:195.0(7.97%),B:56.5(2.23%),P:1e-20	Tpos:38.5,Tstd:20.7,Bpos:38.4,Bstd:22.2,StrandBias:-0.3,Multiplicity:1.02
0.033	0.802	0.033	0.132
0.052	0.880	0.016	0.052
0.827	0.016	0.051	0.106
0.036	0.044	0.049	0.871
0.033	0.861	0.049	0.057
0.098	0.082	0.024	0.796
0.073	0.834	0.036	0.057
0.096	0.082	0.041	0.781
0.631	0.082	0.122	0.165
0.082	0.733	0.065	0.120
>WGNCTTCCCH	6-WGNCTTCCCH	7.025078	-47.632470	0	T:261.0(10.66%),B:97.8(3.86%),P:1e-20	Tpos:35.4,Tstd:19.9,Bpos:34.7,Bstd:22.5,StrandBias:0.1,Multiplicity:1.05
0.329	0.030	0.168	0.473
0.123	0.020	0.523	0.334
0.320	0.252	0.254	0.174
0.001	0.890	0.001	0.108
0.001	0.138	0.001	0.860
0.019	0.001	0.009	0.971
0.001	0.932	0.001	0.066
0.118	0.600	0.001	0.281
0.039	0.700	0.001	0.260
0.417	0.282	0.010	0.291
>CCACCVTGCC	7-CCACCVTGCC	6.850592	-47.626900	0	T:236.0(9.64%),B:81.9(3.23%),P:1e-20	Tpos:36.6,Tstd:19.3,Bpos:38.5,Bstd:26.3,StrandBias:0.0,Multiplicity:1.03
0.001	0.920	0.001	0.078
0.078	0.920	0.001	0.001
0.893	0.045	0.001	0.061
0.066	0.528	0.040	0.366
0.201	0.534	0.165	0.100
0.266	0.329	0.273	0.133
0.040	0.161	0.032	0.767
0.013	0.397	0.564	0.026
0.120	0.743	0.136	0.001
0.040	0.867	0.001	0.092
>TTCAAGYGAT	8-TTCAAGYGAT	8.402340	-47.439935	0	T:146.0(5.96%),B:31.0(1.22%),P:1e-20	Tpos:34.9,Tstd:18.1,Bpos:38.4,Bstd:25.4,StrandBias:0.2,Multiplicity:1.00
0.044	0.201	0.001	0.754
0.044	0.044	0.044	0.868
0.001	0.821	0.044	0.134
0.911	0.087	0.001	0.001
0.911	0.001	0.001	0.087
0.043	0.001	0.955	0.001
0.001	0.485	0.137	0.377
0.064	0.175	0.670	0.091
0.997	0.001	0.001	0.001
0.001	0.087	0.001	0.911
>GAGATAMAAT	9-GAGATAMAAT	7.118408	-36.813039	0	T:155.0(6.33%),B:46.6(1.84%),P:1e-15	Tpos:34.7,Tstd:18.1,Bpos:38.7,Bstd:18.6,StrandBias:-0.2,Multiplicity:1.00
0.009	0.262	0.468	0.261
0.997	0.001	0.001	0.001
0.305	0.179	0.498	0.018
0.707	0.095	0.189	0.009
0.018	0.257	0.222	0.503
0.774	0.183	0.027	0.016
0.419	0.355	0.018	0.208
0.518	0.346	0.001	0.135
0.607	0.009	0.018	0.366
0.018	0.276	0.018	0.688
>AAGKAGGTGG	10-AAGKAGGTGG	7.520693	-27.505559	0	T:77.0(3.15%),B:14.8(0.58%),P:1e-11	Tpos:32.8,Tstd:21.7,Bpos:48.7,Bstd:22.6,StrandBias:0.5,Multiplicity:1.00
0.627	0.066	0.054	0.253
0.549	0.036	0.048	0.367
0.042	0.121	0.554	0.283
0.048	0.054	0.385	0.513
0.621	0.072	0.247	0.060
0.078	0.072	0.778	0.072
0.042	0.152	0.534	0.272
0.216	0.013	0.258	0.513
0.372	0.001	0.562	0.065
0.066	0.018	0.868	0.048
>GCCATTTCAC	11-GCCATTTCAC	7.439868	-27.126127	0	T:72.0(2.94%),B:12.6(0.50%),P:1e-11	Tpos:37.8,Tstd:20.1,Bpos:42.4,Bstd:18.9,StrandBias:-0.5,Multiplicity:1.00
0.087	0.069	0.724	0.120
0.086	0.705	0.053	0.156
0.105	0.756	0.086	0.053
0.930	0.036	0.017	0.017
0.017	0.069	0.017	0.897
0.086	0.069	0.103	0.742
0.051	0.069	0.087	0.793
0.017	0.793	0.103	0.087
0.842	0.121	0.001	0.036
0.051	0.843	0.053	0.053
>TGAGCCGAGA	12-TGAGCCGAGA	9.945474	-25.897139	0	T:72.0(2.94%),B:13.6(0.54%),P:1e-11	Tpos:40.5,Tstd:24.0,Bpos:28.1,Bstd:17.6,StrandBias:0.2,Multiplicity:1.00
0.096	0.096	0.001	0.807
0.096	0.096	0.807	0.001
0.997	0.001	0.001	0.001
0.192	0.192	0.615	0.001
0.001	0.994	0.001	0.004
0.056	0.718	0.001	0.225
0.001	0.001	0.997	0.001
0.903	0.001	0.095	0.001
0.001	0.001	0.997	0.001
0.997	0.001	0.001	0.001
>ACTCTGTCGC	13-ACTCTGTCGC	8.857730	-24.382794	0	T:65.0(2.66%),B:11.9(0.47%),P:1e-10	Tpos:37.4,Tstd:19.8,Bpos:29.9,Bstd:7.8,StrandBias:0.6,Multiplicity:1.08
0.725	0.030	0.244	0.001
0.001	0.997	0.001	0.001
0.001	0.030	0.001	0.968
0.001	0.968	0.001	0.030
0.001	0.001	0.001	0.997
0.001	0.001	0.997	0.001
0.001	0.001	0.001	0.997
0.031	0.907	0.031	0.031
0.052	0.031	0.550	0.367
0.030	0.968	0.001	0.001
>GCAAATGAAA	14-GCAAATGAAA	8.462820	-23.789547	0	T:41.0(1.67%),B:2.8(0.11%),P:1e-10	Tpos:36.5,Tstd:16.8,Bpos:32.2,Bstd:9.6,StrandBias:0.2,Multiplicity:1.00
0.001	0.080	0.877	0.042
0.009	0.989	0.001	0.001
0.839	0.080	0.001	0.080
0.918	0.080	0.001	0.001
0.918	0.080	0.001	0.001
0.001	0.001	0.001	0.997
0.001	0.096	0.902	0.001
0.839	0.001	0.080	0.080
0.797	0.001	0.122	0.080
0.839	0.001	0.080	0.080
>ATCTAGGTCA	15-ATCTAGGTCA	7.485732	-22.212568	0	T:59.0(2.41%),B:10.6(0.42%),P:1e-9	Tpos:42.0,Tstd:18.8,Bpos:37.7,Bstd:13.0,StrandBias:0.0,Multiplicity:1.00
0.697	0.093	0.061	0.149
0.017	0.123	0.046	0.814
0.015	0.867	0.056	0.062
0.061	0.001	0.061	0.877
0.836	0.015	0.047	0.102
0.073	0.015	0.866	0.046
0.091	0.093	0.786	0.030
0.078	0.032	0.061	0.829
0.153	0.648	0.076	0.123
0.802	0.046	0.015	0.137
>TGGAAGTCAC	16-TGGAAGTCAC	7.971835	-21.748773	0	T:41.0(1.67%),B:4.0(0.16%),P:1e-9	Tpos:37.9,Tstd:16.6,Bpos:40.1,Bstd:19.4,StrandBias:0.9,Multiplicity:1.00
0.093	0.001	0.092	0.814
0.124	0.123	0.722	0.031
0.155	0.037	0.777	0.031
0.654	0.160	0.063	0.123
0.900	0.001	0.006	0.093
0.031	0.001	0.845	0.123
0.099	0.068	0.031	0.802
0.033	0.658	0.155	0.154
0.997	0.001	0.001	0.001
0.006	0.865	0.006	0.123
>ACTGTGATAA	17-ACTGTGATAA	8.103679	-21.517306	0	T:70.0(2.86%),B:16.7(0.66%),P:1e-9	Tpos:38.7,Tstd:17.8,Bpos:26.1,Bstd:19.1,StrandBias:0.4,Multiplicity:1.00
0.607	0.084	0.083	0.226
0.309	0.658	0.001	0.032
0.055	0.001	0.001	0.943
0.004	0.001	0.963	0.032
0.004	0.001	0.032	0.963
0.055	0.139	0.805	0.001
0.676	0.083	0.213	0.028
0.004	0.004	0.159	0.833
0.806	0.027	0.166	0.001
0.776	0.167	0.001	0.056
>CAGCCCGGGC	18-CAGCCCGGGC	8.095375	-21.009625	0	T:59.0(2.41%),B:11.8(0.47%),P:1e-9	Tpos:37.8,Tstd:20.3,Bpos:27.4,Bstd:10.2,StrandBias:0.4,Multiplicity:1.00
0.103	0.710	0.102	0.085
0.676	0.093	0.062	0.169
0.056	0.116	0.712	0.116
0.074	0.774	0.096	0.056
0.087	0.803	0.031	0.079
0.130	0.583	0.113	0.174
0.201	0.114	0.490	0.195
0.085	0.037	0.810	0.068
0.053	0.127	0.761	0.059
0.131	0.683	0.129	0.057
>TAAAATGATG	19-TAAAATGATG	9.590600	-20.602509	0	T:42.0(1.72%),B:4.3(0.17%),P:1e-8	Tpos:39.5,Tstd:21.9,Bpos:27.3,Bstd:15.3,StrandBias:0.2,Multiplicity:1.07
0.083	0.042	0.167	0.708
0.917	0.041	0.041	0.001
0.833	0.001	0.125	0.041
0.957	0.001	0.041	0.001
0.997	0.001	0.001	0.001
0.001	0.001	0.001	0.997
0.001	0.041	0.957	0.001
0.874	0.042	0.042	0.042
0.001	0.001	0.041	0.957
0.001	0.041	0.957	0.001
>AAACCAARCC	20-AAACCAARCC	7.240618	-18.075786	0	T:131.0(5.35%),B:59.1(2.33%),P:1e-7	Tpos:39.2,Tstd:18.6,Bpos:37.8,Bstd:16.1,StrandBias:-0.3,Multiplicity:1.09
0.872	0.126	0.001	0.001
0.705	0.233	0.001	0.061
0.581	0.294	0.124	0.001
0.001	0.797	0.140	0.062
0.263	0.721	0.015	0.001
0.656	0.233	0.001	0.110
0.950	0.001	0.001	0.048
0.442	0.140	0.416	0.001
0.078	0.598	0.323	0.001
0.230	0.768	0.001	0.001
>TTCACTGATG	21-TTCACTGATG	9.926200	-17.826645	0	T:25.0(1.02%),B:0.0(0.00%),P:1e-7	Tpos:40.6,Tstd:20.2,Bpos:0.0,Bstd:0.0,StrandBias:0.6,Multiplicity:1.00
0.167	0.056	0.056	0.721
0.055	0.001	0.001	0.943
0.001	0.943	0.001	0.055
0.666	0.055	0.001	0.278
0.001	0.889	0.055	0.055
0.001	0.001	0.001	0.997
0.001	0.001	0.997	0.001
0.943	0.001	0.055	0.001
0.001	0.001	0.001	0.997
0.001	0.055	0.943	0.001
>NNHCACGDVR	22-NNHCACGDVR	3.839284	-17.477525	0	T:37.0(1.51%),B:4.3(0.17%),P:1e-7	Tpos:41.7,Tstd:21.0,Bpos:23.0,Bstd:0.0,StrandBias:0.9,Multiplicity:1.00
0.288	0.218	0.295	0.198
0.267	0.244	0.311	0.178
0.218	0.258	0.161	0.363
0.208	0.433	0.204	0.154
0.457	0.181	0.181	0.181
0.118	0.613	0.148	0.121
0.111	0.181	0.570	0.138
0.347	0.188	0.218	0.248
0.273	0.345	0.254	0.128
0.255	0.144	0.386	0.215
>TGTATACCCA	23-TGTATACCCA	7.685629	-15.478718	0	T:58.0(2.37%),B:16.1(0.64%),P:1e-6	Tpos:40.4,Tstd:17.3,Bpos:30.4,Bstd:23.8,StrandBias:0.4,Multiplicity:1.13
0.040	0.019	0.136	0.805
0.045	0.061	0.832	0.062
0.023	0.097	0.058	0.822
0.647	0.117	0.117	0.119
0.083	0.097	0.060	0.760
0.743	0.120	0.058	0.079
0.061	0.881	0.039	0.019
0.175	0.785	0.001	0.039
0.023	0.888	0.021	0.068
0.843	0.097	0.021	0.039
>GGTATATCAC	24-GGTATATCAC	7.685099	-15.064172	0	T:46.0(1.88%),B:10.5(0.41%),P:1e-6	Tpos:42.3,Tstd:18.8,Bpos:43.1,Bstd:21.3,StrandBias:0.5,Multiplicity:1.00
0.082	0.001	0.895	0.022
0.083	0.083	0.772	0.062
0.083	0.167	0.045	0.705
0.814	0.001	0.082	0.103
0.041	0.001	0.126	0.832
0.773	0.062	0.103	0.062
0.083	0.083	0.021	0.813
0.023	0.828	0.085	0.064
0.823	0.020	0.001	0.156
0.084	0.771	0.083	0.062
>GTTTGTAGAT	25-GTTTGTAGAT	7.782100	-14.663596	0	T:37.0(1.51%),B:6.5(0.26%),P:1e-6	Tpos:35.5,Tstd:20.1,Bpos:33.3,Bstd:20.0,StrandBias:0.4,Multiplicity:1.00
0.112	0.045	0.778	0.065
0.065	0.065	0.045	0.825
0.064	0.043	0.001	0.892
0.045	0.001	0.194	0.760
0.108	0.129	0.698	0.065
0.065	0.045	0.065	0.825
0.845	0.045	0.024	0.086
0.089	0.086	0.758	0.067
0.804	0.065	0.088	0.043
0.067	0.002	0.086	0.845
>TGTAATCYCAGC	1-TGTAATCYCAGC	7.697970	-77.831957	0	T:320.0(13.07%),B:94.8(3.74%),P:1e-33	Tpos:38.5,Tstd:18.2,Bpos:38.4,Bstd:22.3,StrandBias:0.2,Multiplicity:1.01
0.230	0.084	0.001	0.685
0.109	0.061	0.551	0.279
0.195	0.253	0.025	0.527
0.416	0.219	0.230	0.135
0.585	0.024	0.097	0.294
0.012	0.012	0.001	0.975
0.012	0.915	0.001	0.072
0.001	0.428	0.001	0.570
0.001	0.997	0.001	0.001
0.891	0.001	0.060	0.048
0.038	0.061	0.683	0.218
0.074	0.791	0.074	0.061
>CCTCAGCCTCCC	2-CCTCAGCCTCCC	8.924250	-68.363355	0	T:231.0(9.44%),B:54.4(2.15%),P:1e-29	Tpos:38.0,Tstd:17.9,Bpos:39.0,Bstd:24.7,StrandBias:-0.1,Multiplicity:1.13
0.112	0.647	0.103	0.138
0.112	0.653	0.081	0.154
0.097	0.191	0.086	0.626
0.070	0.720	0.129	0.081
0.600	0.114	0.078	0.208
0.119	0.139	0.573	0.169
0.066	0.707	0.105	0.122
0.111	0.732	0.032	0.125
0.151	0.097	0.086	0.666
0.073	0.712	0.099	0.116
0.103	0.720	0.054	0.123
0.125	0.645	0.090	0.140
>TCAAGCGATTCT	3-TCAAGCGATTCT	9.575190	-45.810224	0	T:139.0(5.68%),B:28.5(1.12%),P:1e-19	Tpos:35.4,Tstd:15.5,Bpos:36.2,Bstd:28.5,StrandBias:0.0,Multiplicity:1.00
0.001	0.006	0.036	0.957
0.001	0.805	0.036	0.158
0.848	0.115	0.001	0.036
0.962	0.001	0.036	0.001
0.072	0.001	0.926	0.001
0.001	0.499	0.164	0.336
0.185	0.043	0.735	0.037
0.926	0.072	0.001	0.001
0.037	0.110	0.037	0.816
0.001	0.158	0.036	0.805
0.001	0.962	0.001	0.036
0.037	0.037	0.037	0.889
>AGGTTGCAGTGA	4-AGGTTGCAGTGA	9.145136	-45.634993	0	T:95.0(3.88%),B:9.7(0.38%),P:1e-19	Tpos:38.0,Tstd:23.1,Bpos:41.1,Bstd:24.1,StrandBias:0.4,Multiplicity:1.00
0.813	0.075	0.075	0.037
0.140	0.001	0.703	0.156
0.001	0.001	0.924	0.074
0.001	0.001	0.001	0.997
0.001	0.074	0.001	0.924
0.074	0.001	0.924	0.001
0.037	0.813	0.075	0.075
0.776	0.001	0.074	0.149
0.390	0.001	0.608	0.001
0.081	0.074	0.001	0.844
0.074	0.001	0.919	0.006
0.997	0.001	0.001	0.001
>TCTGTCRCCCAG	5-TCTGTCRCCCAG	8.769927	-43.558048	0	T:97.0(3.96%),B:11.8(0.46%),P:1e-18	Tpos:38.2,Tstd:17.0,Bpos:29.5,Bstd:8.7,StrandBias:0.4,Multiplicity:1.00
0.128	0.001	0.007	0.864
0.183	0.752	0.063	0.002
0.001	0.060	0.001	0.938
0.001	0.001	0.877	0.121
0.068	0.068	0.007	0.857
0.001	0.594	0.061	0.344
0.259	0.183	0.359	0.198
0.001	0.925	0.061	0.013
0.007	0.925	0.061	0.007
0.001	0.937	0.001	0.061
0.816	0.061	0.122	0.001
0.068	0.068	0.863	0.001
>AGTAGCTGGGAG	6-AGTAGCTGGGAG	9.054652	-41.427794	0	T:131.0(5.35%),B:28.5(1.12%),P:1e-17	Tpos:34.9,Tstd:24.6,Bpos:40.8,Bstd:21.5,StrandBias:-0.1,Multiplicity:1.00
0.614	0.119	0.001	0.266
0.255	0.001	0.502	0.242
0.106	0.001	0.001	0.892
0.705	0.001	0.041	0.253
0.242	0.001	0.756	0.001
0.001	0.771	0.001	0.227
0.106	0.001	0.001	0.892
0.001	0.001	0.997	0.001
0.001	0.013	0.716	0.270
0.120	0.001	0.878	0.001
0.997	0.001	0.001	0.001
0.001	0.287	0.439	0.272
>TGCCACCAYGCC	7-TGCCACCAYGCC	11.221290	-40.457513	0	T:92.0(3.76%),B:11.7(0.46%),P:1e-17	Tpos:33.0,Tstd:18.6,Bpos:42.0,Bstd:24.4,StrandBias:-0.2,Multiplicity:1.00
0.300	0.096	0.149	0.454
0.244	0.074	0.681	0.001
0.001	0.997	0.001	0.001
0.074	0.776	0.001	0.149
0.924	0.074	0.001	0.001
0.001	0.997	0.001	0.001
0.008	0.917	0.074	0.001
0.793	0.001	0.132	0.074
0.001	0.541	0.001	0.457
0.087	0.001	0.838	0.074
0.001	0.997	0.001	0.001
0.001	0.997	0.001	0.001
>GAGACACYRTCT	8-GAGACACYRTCT	9.201332	-32.391649	0	T:112.0(4.58%),B:28.0(1.10%),P:1e-14	Tpos:37.2,Tstd:19.7,Bpos:31.7,Bstd:20.0,StrandBias:0.0,Multiplicity:1.00
0.162	0.028	0.809	0.001
0.973	0.001	0.025	0.001
0.184	0.026	0.789	0.001
0.997	0.001	0.001	0.001
0.026	0.806	0.001	0.167
0.459	0.234	0.001	0.306
0.001	0.574	0.291	0.134
0.264	0.434	0.001	0.302
0.419	0.002	0.500	0.079
0.001	0.052	0.026	0.921
0.001	0.997	0.001	0.001
0.051	0.001	0.001	0.947
>GSATGATCTCRA	9-GSATGATCTCRA	9.252264	-31.612351	0	T:62.0(2.53%),B:5.9(0.23%),P:1e-13	Tpos:35.9,Tstd:18.4,Bpos:21.4,Bstd:22.7,StrandBias:-0.1,Multiplicity:1.00
0.001	0.172	0.770	0.057
0.001	0.561	0.437	0.001
0.668	0.001	0.330	0.001
0.058	0.301	0.058	0.583
0.179	0.294	0.526	0.001
0.756	0.001	0.242	0.001
0.001	0.001	0.057	0.941
0.001	0.997	0.001	0.001
0.001	0.001	0.001	0.997
0.001	0.848	0.001	0.150
0.416	0.122	0.461	0.001
0.553	0.057	0.389	0.001
>YTYCCTCCCTCY	10-YTYCCTCCCTCY	6.520148	-26.492999	0	T:469.0(19.16%),B:306.6(12.10%),P:1e-11	Tpos:35.4,Tstd:19.1,Bpos:36.9,Bstd:20.4,StrandBias:-0.2,Multiplicity:1.11
0.100	0.375	0.031	0.494
0.005	0.150	0.081	0.764
0.007	0.518	0.067	0.408
0.001	0.780	0.004	0.215
0.021	0.597	0.005	0.377
0.184	0.002	0.002	0.812
0.002	0.509	0.160	0.329
0.102	0.729	0.002	0.167
0.126	0.575	0.001	0.298
0.103	0.191	0.010	0.696
0.079	0.503	0.117	0.301
0.183	0.475	0.002	0.339
>TWWAWWWWATWT	11-TWWAWWWWATWT	5.491733	-26.414844	0	T:524.0(21.41%),B:354.6(13.99%),P:1e-11	Tpos:37.1,Tstd:19.0,Bpos:37.4,Bstd:19.4,StrandBias:-0.0,Multiplicity:1.24
0.225	0.134	0.155	0.486
0.416	0.085	0.128	0.371
0.373	0.119	0.123	0.384
0.583	0.086	0.082	0.249
0.468	0.077	0.098	0.356
0.349	0.116	0.116	0.420
0.524	0.009	0.073	0.394
0.390	0.068	0.036	0.506
0.591	0.127	0.085	0.197
0.314	0.084	0.043	0.559
0.384	0.091	0.121	0.404
0.240	0.089	0.042	0.629
>CWCAKCTCASTG	12-CWCAKCTCASTG	11.098449	-25.846052	0	T:63.0(2.57%),B:9.4(0.37%),P:1e-11	Tpos:38.3,Tstd:24.3,Bpos:0.0,Bstd:0.0,StrandBias:-0.4,Multiplicity:1.00
0.001	0.997	0.001	0.001
0.502	0.046	0.001	0.451
0.001	0.663	0.335	0.001
0.780	0.001	0.218	0.001
0.001	0.001	0.502	0.496
0.001	0.942	0.028	0.029
0.023	0.001	0.001	0.975
0.001	0.797	0.023	0.179
0.814	0.184	0.001	0.001
0.001	0.485	0.491	0.023
0.001	0.001	0.001	0.997
0.179	0.001	0.819	0.001
>AAABTAGAAAWA	13-AAABTAGAAAWA	9.506890	-23.116482	0	T:75.0(3.06%),B:17.9(0.71%),P:1e-10	Tpos:33.2,Tstd:16.8,Bpos:39.6,Bstd:14.2,StrandBias:0.6,Multiplicity:1.00
0.635	0.001	0.363	0.001
0.907	0.060	0.004	0.029
0.638	0.272	0.001	0.089
0.149	0.272	0.334	0.244
0.029	0.003	0.120	0.848
0.907	0.029	0.062	0.002
0.061	0.147	0.791	0.001
0.970	0.028	0.001	0.001
0.635	0.030	0.334	0.001
0.854	0.029	0.116	0.001
0.324	0.001	0.221	0.454
0.760	0.089	0.087	0.064
>CTRKGTAWATAH	14-CTRKGTAWATAH	7.145256	-20.390972	0	T:167.0(6.82%),B:80.2(3.16%),P:1e-8	Tpos:38.3,Tstd:19.2,Bpos:34.7,Bstd:21.6,StrandBias:0.0,Multiplicity:1.03
0.019	0.737	0.001	0.243
0.001	0.118	0.001	0.880
0.480	0.001	0.500	0.019
0.220	0.019	0.442	0.319
0.197	0.001	0.626	0.176
0.019	0.204	0.001	0.776
0.834	0.001	0.164	0.001
0.398	0.196	0.039	0.368
0.603	0.159	0.019	0.219
0.001	0.101	0.001	0.897
0.779	0.001	0.123	0.097
0.317	0.345	0.082	0.257
>ACCCAGCCATCC	15-ACCCAGCCATCC	9.993300	-15.976755	0	T:32.0(1.31%),B:4.0(0.16%),P:1e-6	Tpos:36.9,Tstd:19.1,Bpos:22.4,Bstd:10.2,StrandBias:-1.1,Multiplicity:1.03
0.675	0.195	0.065	0.065
0.195	0.605	0.070	0.130
0.064	0.934	0.001	0.001
0.001	0.997	0.001	0.001
0.869	0.001	0.001	0.129
0.130	0.065	0.804	0.001
0.001	0.994	0.004	0.001
0.151	0.843	0.005	0.001
0.989	0.001	0.005	0.005
0.001	0.065	0.259	0.675
0.001	0.997	0.001	0.001
0.195	0.739	0.001	0.065
>CCTGACCTCGTG	16-CCTGACCTCGTG	10.409522	-15.174527	0	T:28.0(1.14%),B:2.4(0.10%),P:1e-6	Tpos:35.4,Tstd:17.1,Bpos:26.9,Bstd:16.9,StrandBias:-0.6,Multiplicity:1.00
0.100	0.700	0.100	0.100
0.100	0.700	0.100	0.100
0.100	0.100	0.100	0.700
0.100	0.100	0.700	0.100
0.700	0.100	0.100	0.100
0.100	0.700	0.100	0.100
0.100	0.700	0.100	0.100
0.100	0.100	0.100	0.700
0.100	0.700	0.100	0.100
0.100	0.100	0.700	0.100
0.100	0.100	0.100	0.700
0.100	0.100	0.700	0.100
>GCTGGAGTGCAG	17-GCTGGAGTGCAG	10.270748	-14.792698	0	T:53.0(2.17%),B:14.9(0.59%),P:1e-6	Tpos:38.1,Tstd:13.2,Bpos:46.1,Bstd:18.7,StrandBias:0.4,Multiplicity:1.02
0.060	0.001	0.938	0.001
0.001	0.938	0.001	0.060
0.001	0.061	0.061	0.877
0.121	0.001	0.877	0.001
0.001	0.060	0.938	0.001
0.997	0.001	0.001	0.001
0.032	0.061	0.906	0.001
0.001	0.001	0.060	0.938
0.061	0.001	0.877	0.061
0.001	0.997	0.001	0.001
0.816	0.001	0.122	0.061
0.060	0.001	0.938	0.001
>GCCGAGAT	1-GCCGAGAT	5.548975	-69.129952	0	T:355.0(14.50%),B:127.3(5.02%),P:1e-30	Tpos:40.2,Tstd:21.1,Bpos:34.2,Bstd:25.7,StrandBias:0.3,Multiplicity:1.01
0.015	0.001	0.983	0.001
0.001	0.920	0.001	0.078
0.117	0.708	0.016	0.159
0.207	0.001	0.791	0.001
0.960	0.001	0.038	0.001
0.001	0.001	0.997	0.001
0.967	0.016	0.001	0.016
0.027	0.016	0.016	0.941
>CCCAGCAA	2-CCCAGCAA	6.374245	-68.997942	0	T:430.0(17.57%),B:178.8(7.06%),P:1e-29	Tpos:37.8,Tstd:19.5,Bpos:36.9,Bstd:23.1,StrandBias:0.2,Multiplicity:1.10
0.036	0.962	0.001	0.001
0.001	0.892	0.001	0.106
0.001	0.970	0.001	0.028
0.992	0.006	0.001	0.001
0.048	0.001	0.905	0.046
0.001	0.941	0.025	0.033
0.580	0.114	0.007	0.299
0.826	0.149	0.024	0.001
>TWTATTTH	3-TWTATTTH	5.568839	-64.989500	0	T:1031.0(42.12%),B:688.0(27.15%),P:1e-28	Tpos:37.2,Tstd:20.0,Bpos:36.7,Bstd:19.9,StrandBias:-0.2,Multiplicity:1.56
0.296	0.047	0.129	0.528
0.413	0.001	0.062	0.524
0.001	0.146	0.001	0.852
0.868	0.130	0.001	0.001
0.028	0.114	0.001	0.857
0.001	0.123	0.001	0.875
0.001	0.001	0.001	0.997
0.322	0.236	0.140	0.302
>GGAGGCAG	4-GGAGGCAG	6.920641	-53.563070	0	T:308.0(12.58%),B:119.3(4.71%),P:1e-23	Tpos:37.1,Tstd:18.8,Bpos:38.3,Bstd:26.4,StrandBias:0.4,Multiplicity:1.44
0.060	0.169	0.510	0.261
0.001	0.054	0.937	0.008
0.617	0.033	0.017	0.333
0.070	0.033	0.595	0.302
0.105	0.001	0.893	0.001
0.041	0.683	0.036	0.240
0.431	0.177	0.219	0.173
0.055	0.109	0.835	0.001
>CRCGGTGG	5-CRCGGTGG	4.965497	-43.764328	0	T:162.0(6.62%),B:42.6(1.68%),P:1e-19	Tpos:37.3,Tstd:20.5,Bpos:38.9,Bstd:28.2,StrandBias:0.2,Multiplicity:1.04
0.156	0.548	0.098	0.198
0.430	0.152	0.302	0.116
0.127	0.463	0.195	0.216
0.147	0.134	0.471	0.248
0.154	0.088	0.592	0.166
0.070	0.145	0.189	0.596
0.136	0.080	0.682	0.102
0.179	0.131	0.540	0.150
>GWWGARAN	6-GWWGARAN	4.300436	-42.518573	0	T:441.0(18.01%),B:238.3(9.40%),P:1e-18	Tpos:36.1,Tstd:20.6,Bpos:32.0,Bstd:22.2,StrandBias:-0.1,Multiplicity:1.08
0.001	0.237	0.560	0.202
0.377	0.151	0.182	0.290
0.541	0.001	0.037	0.421
0.030	0.163	0.736	0.071
0.415	0.148	0.244	0.192
0.370	0.157	0.256	0.217
0.600	0.045	0.354	0.001
0.191	0.322	0.191	0.296
>GGGAAGTC	7-GGGAAGTC	6.577190	-37.845825	0	T:164.0(6.70%),B:50.8(2.00%),P:1e-16	Tpos:35.7,Tstd:21.4,Bpos:33.4,Bstd:25.3,StrandBias:0.1,Multiplicity:1.02
0.086	0.012	0.804	0.098
0.037	0.011	0.951	0.001
0.001	0.022	0.976	0.001
0.927	0.001	0.035	0.037
0.964	0.001	0.034	0.001
0.087	0.028	0.884	0.001
0.050	0.165	0.086	0.699
0.012	0.840	0.050	0.098
>TTCGCAGT	8-TTCGCAGT	3.394041	-36.615016	0	T:122.0(4.98%),B:28.5(1.12%),P:1e-15	Tpos:37.6,Tstd:22.6,Bpos:37.9,Bstd:19.6,StrandBias:-0.0,Multiplicity:1.01
0.001	0.001	0.060	0.938
0.001	0.001	0.001	0.997
0.001	0.613	0.001	0.385
0.001	0.001	0.997	0.001
0.001	0.997	0.001	0.001
0.800	0.001	0.198	0.001
0.420	0.001	0.578	0.001
0.001	0.001	0.001	0.997
>CGTGGTTT	9-CGTGGTTT	5.388950	-34.139929	0	T:362.0(14.79%),B:196.4(7.75%),P:1e-14	Tpos:35.1,Tstd:20.1,Bpos:39.3,Bstd:19.1,StrandBias:0.3,Multiplicity:1.06
0.113	0.586	0.176	0.125
0.175	0.049	0.621	0.155
0.082	0.018	0.075	0.825
0.025	0.027	0.802	0.146
0.041	0.049	0.822	0.088
0.012	0.115	0.113	0.760
0.062	0.103	0.068	0.767
0.060	0.029	0.086	0.825
>GCCTGTAA	10-GCCTGTAA	6.930891	-32.469685	0	T:139.0(5.68%),B:42.6(1.68%),P:1e-14	Tpos:38.7,Tstd:18.2,Bpos:40.4,Bstd:24.7,StrandBias:-0.3,Multiplicity:1.00
0.001	0.001	0.997	0.001
0.001	0.997	0.001	0.001
0.001	0.997	0.001	0.001
0.001	0.001	0.020	0.978
0.001	0.001	0.997	0.001
0.001	0.001	0.001	0.997
0.997	0.001	0.001	0.001
0.795	0.001	0.203	0.001
>CTAGGTAG	11-CTAGGTAG	5.152567	-31.128649	0	T:301.0(12.30%),B:156.9(6.19%),P:1e-13	Tpos:37.3,Tstd:20.4,Bpos:35.5,Bstd:24.1,StrandBias:0.2,Multiplicity:1.10
0.085	0.739	0.117	0.059
0.117	0.094	0.073	0.716
0.792	0.027	0.056	0.125
0.072	0.016	0.857	0.055
0.061	0.035	0.866	0.038
0.178	0.057	0.088	0.677
0.676	0.118	0.116	0.090
0.108	0.065	0.686	0.141
>AAGCGAYT	12-AAGCGAYT	6.590874	-28.493985	0	T:137.0(5.60%),B:46.9(1.85%),P:1e-12	Tpos:35.5,Tstd:17.4,Bpos:35.3,Bstd:25.1,StrandBias:0.8,Multiplicity:1.00
0.997	0.001	0.001	0.001
0.997	0.001	0.001	0.001
0.001	0.001	0.997	0.001
0.001	0.910	0.001	0.088
0.034	0.001	0.964	0.001
0.997	0.001	0.001	0.001
0.001	0.468	0.001	0.530
0.001	0.001	0.312	0.686
>WGAGATGG	13-WGAGATGG	6.910500	-25.999616	0	T:92.0(3.76%),B:23.5(0.93%),P:1e-11	Tpos:34.2,Tstd:21.3,Bpos:41.2,Bstd:27.8,StrandBias:1.3,Multiplicity:1.03
0.427	0.001	0.001	0.571
0.001	0.001	0.997	0.001
0.938	0.060	0.001	0.001
0.001	0.001	0.997	0.001
0.997	0.001	0.001	0.001
0.001	0.001	0.001	0.997
0.001	0.029	0.969	0.001
0.001	0.001	0.997	0.001
>GMGACAGA	14-GMGACAGA	7.633020	-23.695362	0	T:118.0(4.82%),B:41.8(1.65%),P:1e-10	Tpos:38.1,Tstd:18.6,Bpos:30.3,Bstd:21.5,StrandBias:-0.5,Multiplicity:1.11
0.017	0.017	0.949	0.017
0.332	0.397	0.062	0.209
0.096	0.001	0.902	0.001
0.997	0.001	0.001	0.001
0.001	0.997	0.001	0.001
0.982	0.001	0.001	0.016
0.017	0.017	0.965	0.001
0.925	0.001	0.007	0.067
>AAYGTGGG	15-AAYGTGGG	4.651939	-23.435456	0	T:119.0(4.86%),B:42.5(1.68%),P:1e-10	Tpos:37.8,Tstd:20.3,Bpos:37.5,Bstd:21.3,StrandBias:0.6,Multiplicity:1.02
0.417	0.243	0.166	0.174
0.499	0.194	0.096	0.211
0.203	0.381	0.136	0.281
0.219	0.184	0.449	0.149
0.055	0.064	0.110	0.771
0.152	0.072	0.592	0.184
0.209	0.135	0.556	0.100
0.137	0.202	0.485	0.177
>AAGCATTT	16-AAGCATTT	3.735326	-22.799188	0	T:185.0(7.56%),B:88.3(3.48%),P:1e-9	Tpos:37.7,Tstd:19.6,Bpos:40.7,Bstd:18.9,StrandBias:0.2,Multiplicity:1.03
0.651	0.262	0.001	0.086
0.997	0.001	0.001	0.001
0.001	0.341	0.657	0.001
0.001	0.997	0.001	0.001
0.997	0.001	0.001	0.001
0.001	0.001	0.001	0.997
0.001	0.001	0.001	0.997
0.001	0.001	0.001	0.997
>TCCTTCCC	17-TCCTTCCC	7.257595	-19.243843	0	T:124.0(5.07%),B:52.7(2.08%),P:1e-8	Tpos:38.7,Tstd:18.7,Bpos:39.7,Bstd:17.0,StrandBias:-0.4,Multiplicity:1.16
0.065	0.040	0.001	0.894
0.015	0.928	0.056	0.001
0.037	0.932	0.030	0.001
0.001	0.181	0.015	0.803
0.076	0.001	0.039	0.884
0.026	0.832	0.141	0.001
0.028	0.788	0.001	0.183
0.001	0.997	0.001	0.001
>GCCKAGGA	18-GCCKAGGA	7.803842	-17.299144	0	T:58.0(2.37%),B:14.5(0.57%),P:1e-7	Tpos:33.2,Tstd:19.8,Bpos:22.8,Bstd:13.2,StrandBias:-0.1,Multiplicity:1.00
0.001	0.001	0.997	0.001
0.001	0.585	0.001	0.413
0.001	0.997	0.001	0.001
0.001	0.236	0.431	0.332
0.697	0.001	0.301	0.001
0.001	0.330	0.668	0.001
0.001	0.222	0.776	0.001
0.956	0.042	0.001	0.001
>CCTCGTGA	19-CCTCGTGA	8.621488	-15.347104	0	T:31.0(1.27%),B:3.4(0.13%),P:1e-6	Tpos:34.6,Tstd:22.1,Bpos:23.0,Bstd:0.0,StrandBias:-1.1,Multiplicity:1.00
0.001	0.997	0.001	0.001
0.001	0.771	0.001	0.227
0.001	0.001	0.001	0.997
0.001	0.997	0.001	0.001
0.001	0.001	0.997	0.001
0.187	0.001	0.019	0.793
0.001	0.001	0.771	0.227
0.771	0.227	0.001	0.001
>CCCGGCTA	20-CCCGGCTA	8.356395	-14.445336	0	T:61.0(2.49%),B:19.4(0.77%),P:1e-6	Tpos:36.5,Tstd:20.2,Bpos:48.2,Bstd:18.9,StrandBias:-1.3,Multiplicity:1.00
0.001	0.972	0.026	0.001
0.026	0.972	0.001	0.001
0.137	0.805	0.001	0.057
0.001	0.001	0.997	0.001
0.026	0.001	0.972	0.001
0.001	0.997	0.001	0.001
0.001	0.164	0.001	0.834
0.711	0.137	0.106	0.046
>AGGCTGGA	21-AGGCTGGA	8.513919	-14.141559	0	T:87.0(3.55%),B:37.0(1.46%),P:1e-6	Tpos:40.6,Tstd:17.2,Bpos:42.4,Bstd:23.4,StrandBias:0.5,Multiplicity:1.00
0.844	0.001	0.154	0.001
0.001	0.001	0.997	0.001
0.001	0.001	0.997	0.001
0.001	0.888	0.001	0.110
0.001	0.001	0.001	0.997
0.001	0.001	0.895	0.103
0.001	0.001	0.997	0.001
0.997	0.001	0.001	0.001
>AGGAGATC	22-AGGAGATC	8.097460	-11.591317	0	T:48.0(1.96%),B:15.1(0.60%),P:1e-5	Tpos:33.3,Tstd:18.5,Bpos:41.3,Bstd:28.7,StrandBias:0.1,Multiplicity:1.00
0.997	0.001	0.001	0.001
0.001	0.074	0.924	0.001
0.001	0.001	0.997	0.001
0.997	0.001	0.001	0.001
0.001	0.001	0.891	0.107
0.997	0.001	0.001	0.001
0.001	0.001	0.001	0.997
0.001	0.772	0.226	0.001
