>CYTCAGCCTC	1-CYTCAGCCTC	6.960692	-62.428627	0	T:396.0(16.18%),B:165.4(6.53%),P:1e-27	Tpos:36.9,Tstd:18.2,Bpos:38.0,Bstd:25.1,StrandBias:-0.2,Multiplicity:1.68
0.115	0.801	0.014	0.070
0.039	0.463	0.043	0.455
0.020	0.250	0.236	0.493
0.015	0.887	0.063	0.035
0.606	0.054	0.059	0.281
0.262	0.029	0.608	0.101
0.034	0.741	0.029	0.196
0.058	0.903	0.001	0.038
0.130	0.034	0.005	0.831
0.039	0.802	0.086	0.073
>GHAATCCCAG	2-GHAATCCCAG	7.736953	-62.058135	0	T:253.0(10.33%),B:73.7(2.91%),P:1e-26	Tpos:38.1,Tstd:18.2,Bpos:38.4,Bstd:22.1,StrandBias:0.0,Multiplicity:1.00
0.001	0.147	0.664	0.188
0.298	0.295	0.024	0.383
0.511	0.223	0.068	0.198
0.578	0.062	0.123	0.237
0.025	0.037	0.176	0.762
0.001	0.962	0.001	0.036
0.147	0.715	0.001	0.137
0.001	0.997	0.001	0.001
0.997	0.001	0.001	0.001
0.043	0.086	0.651	0.220
>ATTTATTTTW	3-ATTTATTTTW	5.589857	-50.796094	0	T:880.0(35.95%),B:591.7(23.35%),P:1e-22	Tpos:37.7,Tstd:19.4,Bpos:36.9,Bstd:19.1,StrandBias:0.1,Multiplicity:1.50
0.454	0.117	0.151	0.279
0.325	0.025	0.139	0.511
0.384	0.001	0.070	0.545
0.059	0.008	0.004	0.929
0.673	0.039	0.287	0.001
0.133	0.151	0.001	0.715
0.001	0.164	0.010	0.825
0.176	0.043	0.034	0.747
0.248	0.148	0.181	0.424
0.388	0.219	0.126	0.267
>GGAGATTGAG	4-GGAGATTGAG	8.116166	-50.267362	0	T:212.0(8.66%),B:63.0(2.49%),P:1e-21	Tpos:36.2,Tstd:17.7,Bpos:28.0,Bstd:14.6,StrandBias:1.3,Multiplicity:1.02
0.091	0.036	0.801	0.072
0.073	0.018	0.873	0.036
0.944	0.001	0.054	0.001
0.062	0.044	0.822	0.072
0.686	0.091	0.128	0.095
0.072	0.134	0.055	0.739
0.091	0.046	0.220	0.643
0.091	0.091	0.782	0.036
0.855	0.036	0.055	0.054
0.027	0.054	0.883	0.036
>CCATCTCTAC	5-CCATCTCTAC	6.932893	-47.838245	0	T:195.0(7.97%),B:56.5(2.23%),P:1e-20	Tpos:38.5,Tstd:20.7,Bpos:38.4,Bstd:22.2,StrandBias:-0.3,Multiplicity:1.02
0.033	0.802	0.033	0.132
0.052	0.880	0.016	0.052
0.827	0.016	0.051	0.106
0.036	0.044	0.049	0.871
0.033	0.861	0.049	0.057
0.098	0.082	0.024	0.796
0.073	0.834	0.036	0.057
0.096	0.082	0.041	0.781
0.631	0.082	0.122	0.165
0.082	0.733	0.065	0.120
>WGNCTTCCCH	6-WGNCTTCCCH	7.025078	-47.632470	0	T:261.0(10.66%),B:97.8(3.86%),P:1e-20	Tpos:35.4,Tstd:19.9,Bpos:34.7,Bstd:22.5,StrandBias:0.1,Multiplicity:1.05
0.329	0.030	0.168	0.473
0.123	0.020	0.523	0.334
0.320	0.252	0.254	0.174
0.001	0.890	0.001	0.108
0.001	0.138	0.001	0.860
0.019	0.001	0.009	0.971
0.001	0.932	0.001	0.066
0.118	0.600	0.001	0.281
0.039	0.700	0.001	0.260
0.417	0.282	0.010	0.291
>CCACCVTGCC	7-CCACCVTGCC	6.850592	-47.626900	0	T:236.0(9.64%),B:81.9(3.23%),P:1e-20	Tpos:36.6,Tstd:19.3,Bpos:38.5,Bstd:26.3,StrandBias:0.0,Multiplicity:1.03
0.001	0.920	0.001	0.078
0.078	0.920	0.001	0.001
0.893	0.045	0.001	0.061
0.066	0.528	0.040	0.366
0.201	0.534	0.165	0.100
0.266	0.329	0.273	0.133
0.040	0.161	0.032	0.767
0.013	0.397	0.564	0.026
0.120	0.743	0.136	0.001
0.040	0.867	0.001	0.092
>TTCAAGYGAT	8-TTCAAGYGAT	8.402340	-47.439935	0	T:146.0(5.96%),B:31.0(1.22%),P:1e-20	Tpos:34.9,Tstd:18.1,Bpos:38.4,Bstd:25.4,StrandBias:0.2,Multiplicity:1.00
0.044	0.201	0.001	0.754
0.044	0.044	0.044	0.868
0.001	0.821	0.044	0.134
0.911	0.087	0.001	0.001
0.911	0.001	0.001	0.087
0.043	0.001	0.955	0.001
0.001	0.485	0.137	0.377
0.064	0.175	0.670	0.091
0.997	0.001	0.001	0.001
0.001	0.087	0.001	0.911
>GAGATAMAAT	9-GAGATAMAAT	7.118408	-36.813039	0	T:155.0(6.33%),B:46.6(1.84%),P:1e-15	Tpos:34.7,Tstd:18.1,Bpos:38.7,Bstd:18.6,StrandBias:-0.2,Multiplicity:1.00
0.009	0.262	0.468	0.261
0.997	0.001	0.001	0.001
0.305	0.179	0.498	0.018
0.707	0.095	0.189	0.009
0.018	0.257	0.222	0.503
0.774	0.183	0.027	0.016
0.419	0.355	0.018	0.208
0.518	0.346	0.001	0.135
0.607	0.009	0.018	0.366
0.018	0.276	0.018	0.688
>AAGKAGGTGG	10-AAGKAGGTGG	7.520693	-27.505559	0	T:77.0(3.15%),B:14.8(0.58%),P:1e-11	Tpos:32.8,Tstd:21.7,Bpos:48.7,Bstd:22.6,StrandBias:0.5,Multiplicity:1.00
0.627	0.066	0.054	0.253
0.549	0.036	0.048	0.367
0.042	0.121	0.554	0.283
0.048	0.054	0.385	0.513
0.621	0.072	0.247	0.060
0.078	0.072	0.778	0.072
0.042	0.152	0.534	0.272
0.216	0.013	0.258	0.513
0.372	0.001	0.562	0.065
0.066	0.018	0.868	0.048
>GCCATTTCAC	11-GCCATTTCAC	7.439868	-27.126127	0	T:72.0(2.94%),B:12.6(0.50%),P:1e-11	Tpos:37.8,Tstd:20.1,Bpos:42.4,Bstd:18.9,StrandBias:-0.5,Multiplicity:1.00
0.087	0.069	0.724	0.120
0.086	0.705	0.053	0.156
0.105	0.756	0.086	0.053
0.930	0.036	0.017	0.017
0.017	0.069	0.017	0.897
0.086	0.069	0.103	0.742
0.051	0.069	0.087	0.793
0.017	0.793	0.103	0.087
0.842	0.121	0.001	0.036
0.051	0.843	0.053	0.053
>TGAGCCGAGA	12-TGAGCCGAGA	9.945474	-25.897139	0	T:72.0(2.94%),B:13.6(0.54%),P:1e-11	Tpos:40.5,Tstd:24.0,Bpos:28.1,Bstd:17.6,StrandBias:0.2,Multiplicity:1.00
0.096	0.096	0.001	0.807
0.096	0.096	0.807	0.001
0.997	0.001	0.001	0.001
0.192	0.192	0.615	0.001
0.001	0.994	0.001	0.004
0.056	0.718	0.001	0.225
0.001	0.001	0.997	0.001
0.903	0.001	0.095	0.001
0.001	0.001	0.997	0.001
0.997	0.001	0.001	0.001
>ACTCTGTCGC	13-ACTCTGTCGC	8.857730	-24.382794	0	T:65.0(2.66%),B:11.9(0.47%),P:1e-10	Tpos:37.4,Tstd:19.8,Bpos:29.9,Bstd:7.8,StrandBias:0.6,Multiplicity:1.08
0.725	0.030	0.244	0.001
0.001	0.997	0.001	0.001
0.001	0.030	0.001	0.968
0.001	0.968	0.001	0.030
0.001	0.001	0.001	0.997
0.001	0.001	0.997	0.001
0.001	0.001	0.001	0.997
0.031	0.907	0.031	0.031
0.052	0.031	0.550	0.367
0.030	0.968	0.001	0.001
>GCAAATGAAA	14-GCAAATGAAA	8.462820	-23.789547	0	T:41.0(1.67%),B:2.8(0.11%),P:1e-10	Tpos:36.5,Tstd:16.8,Bpos:32.2,Bstd:9.6,StrandBias:0.2,Multiplicity:1.00
0.001	0.080	0.877	0.042
0.009	0.989	0.001	0.001
0.839	0.080	0.001	0.080
0.918	0.080	0.001	0.001
0.918	0.080	0.001	0.001
0.001	0.001	0.001	0.997
0.001	0.096	0.902	0.001
0.839	0.001	0.080	0.080
0.797	0.001	0.122	0.080
0.839	0.001	0.080	0.080
>ATCTAGGTCA	15-ATCTAGGTCA	7.485732	-22.212568	0	T:59.0(2.41%),B:10.6(0.42%),P:1e-9	Tpos:42.0,Tstd:18.8,Bpos:37.7,Bstd:13.0,StrandBias:0.0,Multiplicity:1.00
0.697	0.093	0.061	0.149
0.017	0.123	0.046	0.814
0.015	0.867	0.056	0.062
0.061	0.001	0.061	0.877
0.836	0.015	0.047	0.102
0.073	0.015	0.866	0.046
0.091	0.093	0.786	0.030
0.078	0.032	0.061	0.829
0.153	0.648	0.076	0.123
0.802	0.046	0.015	0.137
>TGGAAGTCAC	16-TGGAAGTCAC	7.971835	-21.748773	0	T:41.0(1.67%),B:4.0(0.16%),P:1e-9	Tpos:37.9,Tstd:16.6,Bpos:40.1,Bstd:19.4,StrandBias:0.9,Multiplicity:1.00
0.093	0.001	0.092	0.814
0.124	0.123	0.722	0.031
0.155	0.037	0.777	0.031
0.654	0.160	0.063	0.123
0.900	0.001	0.006	0.093
0.031	0.001	0.845	0.123
0.099	0.068	0.031	0.802
0.033	0.658	0.155	0.154
0.997	0.001	0.001	0.001
0.006	0.865	0.006	0.123
>ACTGTGATAA	17-ACTGTGATAA	8.103679	-21.517306	0	T:70.0(2.86%),B:16.7(0.66%),P:1e-9	Tpos:38.7,Tstd:17.8,Bpos:26.1,Bstd:19.1,StrandBias:0.4,Multiplicity:1.00
0.607	0.084	0.083	0.226
0.309	0.658	0.001	0.032
0.055	0.001	0.001	0.943
0.004	0.001	0.963	0.032
0.004	0.001	0.032	0.963
0.055	0.139	0.805	0.001
0.676	0.083	0.213	0.028
0.004	0.004	0.159	0.833
0.806	0.027	0.166	0.001
0.776	0.167	0.001	0.056
>CAGCCCGGGC	18-CAGCCCGGGC	8.095375	-21.009625	0	T:59.0(2.41%),B:11.8(0.47%),P:1e-9	Tpos:37.8,Tstd:20.3,Bpos:27.4,Bstd:10.2,StrandBias:0.4,Multiplicity:1.00
0.103	0.710	0.102	0.085
0.676	0.093	0.062	0.169
0.056	0.116	0.712	0.116
0.074	0.774	0.096	0.056
0.087	0.803	0.031	0.079
0.130	0.583	0.113	0.174
0.201	0.114	0.490	0.195
0.085	0.037	0.810	0.068
0.053	0.127	0.761	0.059
0.131	0.683	0.129	0.057
>TAAAATGATG	19-TAAAATGATG	9.590600	-20.602509	0	T:42.0(1.72%),B:4.3(0.17%),P:1e-8	Tpos:39.5,Tstd:21.9,Bpos:27.3,Bstd:15.3,StrandBias:0.2,Multiplicity:1.07
0.083	0.042	0.167	0.708
0.917	0.041	0.041	0.001
0.833	0.001	0.125	0.041
0.957	0.001	0.041	0.001
0.997	0.001	0.001	0.001
0.001	0.001	0.001	0.997
0.001	0.041	0.957	0.001
0.874	0.042	0.042	0.042
0.001	0.001	0.041	0.957
0.001	0.041	0.957	0.001
>AAACCAARCC	20-AAACCAARCC	7.240618	-18.075786	0	T:131.0(5.35%),B:59.1(2.33%),P:1e-7	Tpos:39.2,Tstd:18.6,Bpos:37.8,Bstd:16.1,StrandBias:-0.3,Multiplicity:1.09
0.872	0.126	0.001	0.001
0.705	0.233	0.001	0.061
0.581	0.294	0.124	0.001
0.001	0.797	0.140	0.062
0.263	0.721	0.015	0.001
0.656	0.233	0.001	0.110
0.950	0.001	0.001	0.048
0.442	0.140	0.416	0.001
0.078	0.598	0.323	0.001
0.230	0.768	0.001	0.001
>TTCACTGATG	21-TTCACTGATG	9.926200	-17.826645	0	T:25.0(1.02%),B:0.0(0.00%),P:1e-7	Tpos:40.6,Tstd:20.2,Bpos:0.0,Bstd:0.0,StrandBias:0.6,Multiplicity:1.00
0.167	0.056	0.056	0.721
0.055	0.001	0.001	0.943
0.001	0.943	0.001	0.055
0.666	0.055	0.001	0.278
0.001	0.889	0.055	0.055
0.001	0.001	0.001	0.997
0.001	0.001	0.997	0.001
0.943	0.001	0.055	0.001
0.001	0.001	0.001	0.997
0.001	0.055	0.943	0.001
>NNHCACGDVR	22-NNHCACGDVR	3.839284	-17.477525	0	T:37.0(1.51%),B:4.3(0.17%),P:1e-7	Tpos:41.7,Tstd:21.0,Bpos:23.0,Bstd:0.0,StrandBias:0.9,Multiplicity:1.00
0.288	0.218	0.295	0.198
0.267	0.244	0.311	0.178
0.218	0.258	0.161	0.363
0.208	0.433	0.204	0.154
0.457	0.181	0.181	0.181
0.118	0.613	0.148	0.121
0.111	0.181	0.570	0.138
0.347	0.188	0.218	0.248
0.273	0.345	0.254	0.128
0.255	0.144	0.386	0.215
>TGTATACCCA	23-TGTATACCCA	7.685629	-15.478718	0	T:58.0(2.37%),B:16.1(0.64%),P:1e-6	Tpos:40.4,Tstd:17.3,Bpos:30.4,Bstd:23.8,StrandBias:0.4,Multiplicity:1.13
0.040	0.019	0.136	0.805
0.045	0.061	0.832	0.062
0.023	0.097	0.058	0.822
0.647	0.117	0.117	0.119
0.083	0.097	0.060	0.760
0.743	0.120	0.058	0.079
0.061	0.881	0.039	0.019
0.175	0.785	0.001	0.039
0.023	0.888	0.021	0.068
0.843	0.097	0.021	0.039
>GGTATATCAC	24-GGTATATCAC	7.685099	-15.064172	0	T:46.0(1.88%),B:10.5(0.41%),P:1e-6	Tpos:42.3,Tstd:18.8,Bpos:43.1,Bstd:21.3,StrandBias:0.5,Multiplicity:1.00
0.082	0.001	0.895	0.022
0.083	0.083	0.772	0.062
0.083	0.167	0.045	0.705
0.814	0.001	0.082	0.103
0.041	0.001	0.126	0.832
0.773	0.062	0.103	0.062
0.083	0.083	0.021	0.813
0.023	0.828	0.085	0.064
0.823	0.020	0.001	0.156
0.084	0.771	0.083	0.062
>GTTTGTAGAT	25-GTTTGTAGAT	7.782100	-14.663596	0	T:37.0(1.51%),B:6.5(0.26%),P:1e-6	Tpos:35.5,Tstd:20.1,Bpos:33.3,Bstd:20.0,StrandBias:0.4,Multiplicity:1.00
0.112	0.045	0.778	0.065
0.065	0.065	0.045	0.825
0.064	0.043	0.001	0.892
0.045	0.001	0.194	0.760
0.108	0.129	0.698	0.065
0.065	0.045	0.065	0.825
0.845	0.045	0.024	0.086
0.089	0.086	0.758	0.067
0.804	0.065	0.088	0.043
0.067	0.002	0.086	0.845
