>GCCGAGAT	1-GCCGAGAT	5.548975	-69.129952	0	T:355.0(14.50%),B:127.3(5.02%),P:1e-30	Tpos:40.2,Tstd:21.1,Bpos:34.2,Bstd:25.7,StrandBias:0.3,Multiplicity:1.01
0.015	0.001	0.983	0.001
0.001	0.920	0.001	0.078
0.117	0.708	0.016	0.159
0.207	0.001	0.791	0.001
0.960	0.001	0.038	0.001
0.001	0.001	0.997	0.001
0.967	0.016	0.001	0.016
0.027	0.016	0.016	0.941
>CCCAGCAA	2-CCCAGCAA	6.374245	-68.997942	0	T:430.0(17.57%),B:178.8(7.06%),P:1e-29	Tpos:37.8,Tstd:19.5,Bpos:36.9,Bstd:23.1,StrandBias:0.2,Multiplicity:1.10
0.036	0.962	0.001	0.001
0.001	0.892	0.001	0.106
0.001	0.970	0.001	0.028
0.992	0.006	0.001	0.001
0.048	0.001	0.905	0.046
0.001	0.941	0.025	0.033
0.580	0.114	0.007	0.299
0.826	0.149	0.024	0.001
>TWTATTTH	3-TWTATTTH	5.568839	-64.989500	0	T:1031.0(42.12%),B:688.0(27.15%),P:1e-28	Tpos:37.2,Tstd:20.0,Bpos:36.7,Bstd:19.9,StrandBias:-0.2,Multiplicity:1.56
0.296	0.047	0.129	0.528
0.413	0.001	0.062	0.524
0.001	0.146	0.001	0.852
0.868	0.130	0.001	0.001
0.028	0.114	0.001	0.857
0.001	0.123	0.001	0.875
0.001	0.001	0.001	0.997
0.322	0.236	0.140	0.302
>GGAGGCAG	4-GGAGGCAG	6.920641	-53.563070	0	T:308.0(12.58%),B:119.3(4.71%),P:1e-23	Tpos:37.1,Tstd:18.8,Bpos:38.3,Bstd:26.4,StrandBias:0.4,Multiplicity:1.44
0.060	0.169	0.510	0.261
0.001	0.054	0.937	0.008
0.617	0.033	0.017	0.333
0.070	0.033	0.595	0.302
0.105	0.001	0.893	0.001
0.041	0.683	0.036	0.240
0.431	0.177	0.219	0.173
0.055	0.109	0.835	0.001
>CRCGGTGG	5-CRCGGTGG	4.965497	-43.764328	0	T:162.0(6.62%),B:42.6(1.68%),P:1e-19	Tpos:37.3,Tstd:20.5,Bpos:38.9,Bstd:28.2,StrandBias:0.2,Multiplicity:1.04
0.156	0.548	0.098	0.198
0.430	0.152	0.302	0.116
0.127	0.463	0.195	0.216
0.147	0.134	0.471	0.248
0.154	0.088	0.592	0.166
0.070	0.145	0.189	0.596
0.136	0.080	0.682	0.102
0.179	0.131	0.540	0.150
>GWWGARAN	6-GWWGARAN	4.300436	-42.518573	0	T:441.0(18.01%),B:238.3(9.40%),P:1e-18	Tpos:36.1,Tstd:20.6,Bpos:32.0,Bstd:22.2,StrandBias:-0.1,Multiplicity:1.08
0.001	0.237	0.560	0.202
0.377	0.151	0.182	0.290
0.541	0.001	0.037	0.421
0.030	0.163	0.736	0.071
0.415	0.148	0.244	0.192
0.370	0.157	0.256	0.217
0.600	0.045	0.354	0.001
0.191	0.322	0.191	0.296
>GGGAAGTC	7-GGGAAGTC	6.577190	-37.845825	0	T:164.0(6.70%),B:50.8(2.00%),P:1e-16	Tpos:35.7,Tstd:21.4,Bpos:33.4,Bstd:25.3,StrandBias:0.1,Multiplicity:1.02
0.086	0.012	0.804	0.098
0.037	0.011	0.951	0.001
0.001	0.022	0.976	0.001
0.927	0.001	0.035	0.037
0.964	0.001	0.034	0.001
0.087	0.028	0.884	0.001
0.050	0.165	0.086	0.699
0.012	0.840	0.050	0.098
>TTCGCAGT	8-TTCGCAGT	3.394041	-36.615016	0	T:122.0(4.98%),B:28.5(1.12%),P:1e-15	Tpos:37.6,Tstd:22.6,Bpos:37.9,Bstd:19.6,StrandBias:-0.0,Multiplicity:1.01
0.001	0.001	0.060	0.938
0.001	0.001	0.001	0.997
0.001	0.613	0.001	0.385
0.001	0.001	0.997	0.001
0.001	0.997	0.001	0.001
0.800	0.001	0.198	0.001
0.420	0.001	0.578	0.001
0.001	0.001	0.001	0.997
>CGTGGTTT	9-CGTGGTTT	5.388950	-34.139929	0	T:362.0(14.79%),B:196.4(7.75%),P:1e-14	Tpos:35.1,Tstd:20.1,Bpos:39.3,Bstd:19.1,StrandBias:0.3,Multiplicity:1.06
0.113	0.586	0.176	0.125
0.175	0.049	0.621	0.155
0.082	0.018	0.075	0.825
0.025	0.027	0.802	0.146
0.041	0.049	0.822	0.088
0.012	0.115	0.113	0.760
0.062	0.103	0.068	0.767
0.060	0.029	0.086	0.825
>GCCTGTAA	10-GCCTGTAA	6.930891	-32.469685	0	T:139.0(5.68%),B:42.6(1.68%),P:1e-14	Tpos:38.7,Tstd:18.2,Bpos:40.4,Bstd:24.7,StrandBias:-0.3,Multiplicity:1.00
0.001	0.001	0.997	0.001
0.001	0.997	0.001	0.001
0.001	0.997	0.001	0.001
0.001	0.001	0.020	0.978
0.001	0.001	0.997	0.001
0.001	0.001	0.001	0.997
0.997	0.001	0.001	0.001
0.795	0.001	0.203	0.001
>CTAGGTAG	11-CTAGGTAG	5.152567	-31.128649	0	T:301.0(12.30%),B:156.9(6.19%),P:1e-13	Tpos:37.3,Tstd:20.4,Bpos:35.5,Bstd:24.1,StrandBias:0.2,Multiplicity:1.10
0.085	0.739	0.117	0.059
0.117	0.094	0.073	0.716
0.792	0.027	0.056	0.125
0.072	0.016	0.857	0.055
0.061	0.035	0.866	0.038
0.178	0.057	0.088	0.677
0.676	0.118	0.116	0.090
0.108	0.065	0.686	0.141
>AAGCGAYT	12-AAGCGAYT	6.590874	-28.493985	0	T:137.0(5.60%),B:46.9(1.85%),P:1e-12	Tpos:35.5,Tstd:17.4,Bpos:35.3,Bstd:25.1,StrandBias:0.8,Multiplicity:1.00
0.997	0.001	0.001	0.001
0.997	0.001	0.001	0.001
0.001	0.001	0.997	0.001
0.001	0.910	0.001	0.088
0.034	0.001	0.964	0.001
0.997	0.001	0.001	0.001
0.001	0.468	0.001	0.530
0.001	0.001	0.312	0.686
>WGAGATGG	13-WGAGATGG	6.910500	-25.999616	0	T:92.0(3.76%),B:23.5(0.93%),P:1e-11	Tpos:34.2,Tstd:21.3,Bpos:41.2,Bstd:27.8,StrandBias:1.3,Multiplicity:1.03
0.427	0.001	0.001	0.571
0.001	0.001	0.997	0.001
0.938	0.060	0.001	0.001
0.001	0.001	0.997	0.001
0.997	0.001	0.001	0.001
0.001	0.001	0.001	0.997
0.001	0.029	0.969	0.001
0.001	0.001	0.997	0.001
>GMGACAGA	14-GMGACAGA	7.633020	-23.695362	0	T:118.0(4.82%),B:41.8(1.65%),P:1e-10	Tpos:38.1,Tstd:18.6,Bpos:30.3,Bstd:21.5,StrandBias:-0.5,Multiplicity:1.11
0.017	0.017	0.949	0.017
0.332	0.397	0.062	0.209
0.096	0.001	0.902	0.001
0.997	0.001	0.001	0.001
0.001	0.997	0.001	0.001
0.982	0.001	0.001	0.016
0.017	0.017	0.965	0.001
0.925	0.001	0.007	0.067
>AAYGTGGG	15-AAYGTGGG	4.651939	-23.435456	0	T:119.0(4.86%),B:42.5(1.68%),P:1e-10	Tpos:37.8,Tstd:20.3,Bpos:37.5,Bstd:21.3,StrandBias:0.6,Multiplicity:1.02
0.417	0.243	0.166	0.174
0.499	0.194	0.096	0.211
0.203	0.381	0.136	0.281
0.219	0.184	0.449	0.149
0.055	0.064	0.110	0.771
0.152	0.072	0.592	0.184
0.209	0.135	0.556	0.100
0.137	0.202	0.485	0.177
>AAGCATTT	16-AAGCATTT	3.735326	-22.799188	0	T:185.0(7.56%),B:88.3(3.48%),P:1e-9	Tpos:37.7,Tstd:19.6,Bpos:40.7,Bstd:18.9,StrandBias:0.2,Multiplicity:1.03
0.651	0.262	0.001	0.086
0.997	0.001	0.001	0.001
0.001	0.341	0.657	0.001
0.001	0.997	0.001	0.001
0.997	0.001	0.001	0.001
0.001	0.001	0.001	0.997
0.001	0.001	0.001	0.997
0.001	0.001	0.001	0.997
>TCCTTCCC	17-TCCTTCCC	7.257595	-19.243843	0	T:124.0(5.07%),B:52.7(2.08%),P:1e-8	Tpos:38.7,Tstd:18.7,Bpos:39.7,Bstd:17.0,StrandBias:-0.4,Multiplicity:1.16
0.065	0.040	0.001	0.894
0.015	0.928	0.056	0.001
0.037	0.932	0.030	0.001
0.001	0.181	0.015	0.803
0.076	0.001	0.039	0.884
0.026	0.832	0.141	0.001
0.028	0.788	0.001	0.183
0.001	0.997	0.001	0.001
>GCCKAGGA	18-GCCKAGGA	7.803842	-17.299144	0	T:58.0(2.37%),B:14.5(0.57%),P:1e-7	Tpos:33.2,Tstd:19.8,Bpos:22.8,Bstd:13.2,StrandBias:-0.1,Multiplicity:1.00
0.001	0.001	0.997	0.001
0.001	0.585	0.001	0.413
0.001	0.997	0.001	0.001
0.001	0.236	0.431	0.332
0.697	0.001	0.301	0.001
0.001	0.330	0.668	0.001
0.001	0.222	0.776	0.001
0.956	0.042	0.001	0.001
>CCTCGTGA	19-CCTCGTGA	8.621488	-15.347104	0	T:31.0(1.27%),B:3.4(0.13%),P:1e-6	Tpos:34.6,Tstd:22.1,Bpos:23.0,Bstd:0.0,StrandBias:-1.1,Multiplicity:1.00
0.001	0.997	0.001	0.001
0.001	0.771	0.001	0.227
0.001	0.001	0.001	0.997
0.001	0.997	0.001	0.001
0.001	0.001	0.997	0.001
0.187	0.001	0.019	0.793
0.001	0.001	0.771	0.227
0.771	0.227	0.001	0.001
>CCCGGCTA	20-CCCGGCTA	8.356395	-14.445336	0	T:61.0(2.49%),B:19.4(0.77%),P:1e-6	Tpos:36.5,Tstd:20.2,Bpos:48.2,Bstd:18.9,StrandBias:-1.3,Multiplicity:1.00
0.001	0.972	0.026	0.001
0.026	0.972	0.001	0.001
0.137	0.805	0.001	0.057
0.001	0.001	0.997	0.001
0.026	0.001	0.972	0.001
0.001	0.997	0.001	0.001
0.001	0.164	0.001	0.834
0.711	0.137	0.106	0.046
>AGGCTGGA	21-AGGCTGGA	8.513919	-14.141559	0	T:87.0(3.55%),B:37.0(1.46%),P:1e-6	Tpos:40.6,Tstd:17.2,Bpos:42.4,Bstd:23.4,StrandBias:0.5,Multiplicity:1.00
0.844	0.001	0.154	0.001
0.001	0.001	0.997	0.001
0.001	0.001	0.997	0.001
0.001	0.888	0.001	0.110
0.001	0.001	0.001	0.997
0.001	0.001	0.895	0.103
0.001	0.001	0.997	0.001
0.997	0.001	0.001	0.001
>AGGAGATC	22-AGGAGATC	8.097460	-11.591317	0	T:48.0(1.96%),B:15.1(0.60%),P:1e-5	Tpos:33.3,Tstd:18.5,Bpos:41.3,Bstd:28.7,StrandBias:0.1,Multiplicity:1.00
0.997	0.001	0.001	0.001
0.001	0.074	0.924	0.001
0.001	0.001	0.997	0.001
0.997	0.001	0.001	0.001
0.001	0.001	0.891	0.107
0.997	0.001	0.001	0.001
0.001	0.001	0.001	0.997
0.001	0.772	0.226	0.001
