>GGGGGGGGGKGG	12-GGGGGGGGGKGG	9.459640	-6.483951	0	T:28.0(0.93%),B:7.4(0.30%),P:1e-2
0.053	0.053	0.859	0.035
0.001	0.017	0.912	0.070
0.019	0.018	0.891	0.072
0.106	0.088	0.734	0.072
0.072	0.035	0.787	0.106
0.088	0.018	0.859	0.035
0.053	0.035	0.840	0.072
0.035	0.019	0.928	0.018
0.001	0.088	0.876	0.035
0.053	0.019	0.390	0.538
0.001	0.017	0.947	0.035
0.053	0.071	0.858	0.018
