>NNRYTATCTNNN	1-NNRYTATCTNNN	5.301617	-1153.298342	0	T:2254.0(75.13%),B:327.8(13.11%),P:1e-500
0.286	0.258	0.213	0.243
0.302	0.196	0.230	0.272
0.293	0.178	0.341	0.188
0.048	0.410	0.024	0.518
0.082	0.169	0.011	0.738
0.775	0.072	0.045	0.108
0.047	0.020	0.038	0.895
0.012	0.905	0.032	0.051
0.187	0.035	0.018	0.760
0.224	0.191	0.288	0.297
0.251	0.198	0.262	0.289
0.202	0.302	0.234	0.262
