>ATBTATCTATCA	4-ATBTATCTATCA	7.984668	-41.969097	0	T:102.0(3.40%),B:8.1(0.32%),P:1e-18
0.832	0.084	0.063	0.021
0.092	0.042	0.218	0.648
0.131	0.264	0.239	0.366
0.193	0.216	0.130	0.461
0.405	0.245	0.217	0.133
0.132	0.022	0.043	0.803
0.131	0.689	0.138	0.042
0.042	0.044	0.001	0.913
0.845	0.066	0.045	0.044
0.084	0.170	0.175	0.571
0.043	0.872	0.021	0.064
0.668	0.089	0.001	0.242
