>TCTGYCTCCTGY	5-RCAGGAGRCAGA	9.873612	-37.982443	0	T:88.0(2.93%),B:6.9(0.28%),P:1e-16
0.134	0.066	0.049	0.751
0.045	0.840	0.023	0.092
0.045	0.001	0.001	0.953
0.023	0.004	0.613	0.360
0.001	0.436	0.001	0.562
0.022	0.594	0.023	0.361
0.023	0.110	0.022	0.845
0.022	0.524	0.210	0.244
0.022	0.797	0.001	0.180
0.068	0.022	0.023	0.887
0.022	0.276	0.636	0.066
0.047	0.482	0.022	0.450
