>AAAGAGGAAGTC	3-AAAGAGGAAGTC	9.787147	-47.783255	0	T:84.0(2.80%),B:1.5(0.06%),P:1e-20
0.797	0.067	0.091	0.045
0.932	0.022	0.045	0.001
0.842	0.001	0.090	0.067
0.023	0.068	0.908	0.001
0.843	0.001	0.134	0.022
0.045	0.001	0.953	0.001
0.045	0.022	0.911	0.022
0.911	0.022	0.045	0.022
0.955	0.001	0.022	0.022
0.112	0.045	0.821	0.022
0.091	0.068	0.199	0.642
0.113	0.529	0.246	0.112
