>NYTGCAGCTGCN	7-NYTGCAGCTGCN	7.978638	-37.501608	0	T:67.0(2.23%),B:1.8(0.07%),P:1e-16
0.196	0.335	0.235	0.234
0.196	0.361	0.146	0.298
0.252	0.073	0.173	0.502
0.098	0.144	0.657	0.101
0.088	0.770	0.085	0.057
0.700	0.028	0.044	0.228
0.071	0.057	0.768	0.104
0.107	0.730	0.077	0.086
0.179	0.046	0.040	0.735
0.071	0.099	0.694	0.136
0.175	0.394	0.205	0.226
0.293	0.217	0.193	0.297
