>RCAGGAGRCAGA	5-RCAGGAGRCAGA,BestGuess:ETS:E-box(ETS,bHLH)/HPC7-Scl-ChIP-Seq(GSE22178)/Homer(0.687)	9.873612	-37.982443	0	T:88.0(2.93%),B:6.9(0.28%),P:1e-16
0.450	0.022	0.482	0.047
0.066	0.636	0.276	0.022
0.887	0.023	0.022	0.068
0.180	0.001	0.797	0.022
0.244	0.210	0.524	0.022
0.845	0.022	0.110	0.023
0.361	0.023	0.594	0.022
0.562	0.001	0.436	0.001
0.360	0.613	0.004	0.023
0.953	0.001	0.001	0.045
0.092	0.023	0.840	0.045
0.751	0.049	0.066	0.134
