>NNNCCTCCCNNN	7-NNNCCTCCCNNN	5.186268	-18.965581	0	T:47.0(1.57%),B:3.8(0.17%),P:1e-8
0.210	0.239	0.347	0.205
0.224	0.347	0.223	0.206
0.207	0.304	0.282	0.207
0.159	0.471	0.209	0.160
0.157	0.526	0.188	0.129
0.159	0.123	0.199	0.519
0.176	0.548	0.129	0.147
0.166	0.490	0.199	0.145
0.159	0.509	0.177	0.155
0.221	0.333	0.233	0.213
0.199	0.321	0.309	0.172
0.176	0.252	0.283	0.289
