>CCTTAACTGMTG	6-CCTTAACTGMTG,BestGuess:Hmx1/MA0896.1/Jaspar(0.688)	7.140080	-21.648315	0	T:69.0(2.30%),B:8.5(0.38%),P:1e-9
0.198	0.398	0.189	0.216
0.272	0.515	0.022	0.191
0.022	0.190	0.022	0.766
0.015	0.169	0.244	0.572
0.431	0.229	0.153	0.187
0.523	0.150	0.150	0.177
0.126	0.489	0.207	0.179
0.317	0.012	0.021	0.650
0.171	0.029	0.631	0.169
0.421	0.360	0.021	0.199
0.037	0.021	0.194	0.748
0.018	0.134	0.590	0.258
