>RACCACAGAAAN	3-RACCACAGAAAN	5.248618	-34.429595	0	T:302.0(35.74%),B:127.0(17.92%),P:1e-14
0.395	0.118	0.361	0.127
0.435	0.253	0.254	0.058
0.227	0.482	0.097	0.195
0.253	0.727	0.001	0.019
0.922	0.029	0.001	0.048
0.106	0.709	0.184	0.001
0.882	0.001	0.001	0.116
0.009	0.019	0.971	0.001
0.863	0.020	0.049	0.068
0.717	0.078	0.195	0.010
0.831	0.069	0.080	0.020
0.254	0.294	0.189	0.263
