>AGWCCAGCCTGG	4-AGWCCAGCCTGG	7.304572	-35.973644	0	T:97.0(10.02%),B:14.6(1.61%),P:1e-15
0.716	0.055	0.026	0.203
0.078	0.234	0.557	0.131
0.354	0.172	0.112	0.362
0.001	0.973	0.001	0.025
0.001	0.866	0.001	0.132
0.970	0.001	0.028	0.001
0.001	0.001	0.868	0.130
0.026	0.642	0.331	0.001
0.025	0.973	0.001	0.001
0.052	0.026	0.026	0.896
0.056	0.001	0.942	0.001
0.001	0.025	0.973	0.001
