>CCACCACGCCCA	8-CCACCACGCCCA,BestGuess:SP3/MA0746.1/Jaspar(0.710)	9.917673	-22.745534	0	T:34.0(3.51%),B:0.0(0.00%),P:1e-9
0.078	0.757	0.068	0.097
0.087	0.796	0.020	0.097
0.691	0.135	0.053	0.121
0.101	0.691	0.097	0.111
0.135	0.686	0.082	0.097
0.578	0.194	0.107	0.121
0.155	0.447	0.136	0.263
0.112	0.232	0.506	0.150
0.140	0.613	0.131	0.116
0.125	0.792	0.034	0.049
0.087	0.796	0.053	0.064
0.655	0.131	0.098	0.116
