>TGGGCGTGGTGG	8-CCACCACGCCCA	9.917673	-22.745534	0	T:34.0(3.51%),B:0.0(0.00%),P:1e-9
0.116	0.098	0.131	0.655
0.064	0.053	0.796	0.087
0.049	0.034	0.792	0.125
0.116	0.131	0.613	0.140
0.150	0.506	0.232	0.112
0.263	0.136	0.447	0.155
0.121	0.107	0.194	0.578
0.097	0.082	0.686	0.135
0.111	0.097	0.691	0.101
0.121	0.053	0.135	0.691
0.097	0.020	0.796	0.087
0.097	0.068	0.757	0.078
