>TATCTTCC	1-TATCTTCC	6.745323	-18.964657	0	T:82.0(6.08%),B:26.5(1.90%),P:1e-8	Tpos:38.6,Tstd:18.7,Bpos:38.8,Bstd:17.3,StrandBias:-0.1,Multiplicity:1.01
0.001	0.001	0.088	0.910
0.747	0.045	0.167	0.041
0.022	0.001	0.134	0.843
0.001	0.853	0.001	0.145
0.001	0.001	0.001	0.997
0.134	0.089	0.001	0.776
0.071	0.927	0.001	0.001
0.037	0.940	0.022	0.001
>GCCTCCCG	2-GCCTCCCG	6.502873	-16.260882	0	T:99.0(7.34%),B:41.8(2.99%),P:1e-7	Tpos:37.8,Tstd:19.4,Bpos:41.6,Bstd:19.5,StrandBias:-0.0,Multiplicity:1.08
0.038	0.068	0.849	0.045
0.001	0.997	0.001	0.001
0.023	0.931	0.023	0.023
0.001	0.001	0.001	0.997
0.001	0.909	0.068	0.022
0.001	0.961	0.001	0.037
0.038	0.757	0.001	0.204
0.096	0.001	0.793	0.110
>AAATATAT	3-AAATATAT	7.672151	-15.901451	0	T:101.0(7.49%),B:43.8(3.13%),P:1e-6	Tpos:38.1,Tstd:17.8,Bpos:38.8,Bstd:16.5,StrandBias:-0.0,Multiplicity:1.15
0.997	0.001	0.001	0.001
0.997	0.001	0.001	0.001
0.929	0.001	0.069	0.001
0.110	0.001	0.001	0.888
0.809	0.082	0.108	0.001
0.001	0.075	0.001	0.923
0.882	0.001	0.001	0.116
0.001	0.181	0.001	0.817
>TGTTTGTT	4-TGTTTGTT	6.811056	-15.782730	0	T:60.0(4.45%),B:17.7(1.27%),P:1e-6	Tpos:35.1,Tstd:18.8,Bpos:37.7,Bstd:17.8,StrandBias:-0.5,Multiplicity:1.20
0.183	0.001	0.090	0.726
0.001	0.001	0.997	0.001
0.001	0.001	0.001	0.997
0.001	0.089	0.001	0.909
0.001	0.027	0.001	0.971
0.001	0.001	0.997	0.001
0.001	0.135	0.001	0.863
0.001	0.089	0.001	0.909
>GCTGAGGC	5-GCTGAGGC	8.451910	-14.192964	0	T:46.0(3.41%),B:11.5(0.83%),P:1e-6	Tpos:33.6,Tstd:21.5,Bpos:38.5,Bstd:18.1,StrandBias:0.1,Multiplicity:1.00
0.001	0.001	0.997	0.001
0.001	0.997	0.001	0.001
0.001	0.001	0.293	0.705
0.001	0.001	0.997	0.001
0.517	0.294	0.001	0.188
0.142	0.001	0.856	0.001
0.001	0.001	0.997	0.001
0.001	0.981	0.017	0.001
>GGGGTYSG	6-GGGGTYSG	7.851850	-13.134767	0	T:32.0(2.37%),B:5.6(0.40%),P:1e-5	Tpos:37.3,Tstd:17.3,Bpos:45.3,Bstd:24.3,StrandBias:0.3,Multiplicity:1.19
0.001	0.001	0.997	0.001
0.001	0.001	0.997	0.001
0.001	0.001	0.997	0.001
0.001	0.001	0.997	0.001
0.001	0.001	0.001	0.997
0.001	0.471	0.096	0.432
0.001	0.416	0.420	0.163
0.001	0.001	0.997	0.001
>AGTAGCKG	7-AGTAGCKG	7.801117	-11.897571	0	T:45.0(3.34%),B:13.8(0.98%),P:1e-5	Tpos:38.4,Tstd:19.7,Bpos:35.9,Bstd:18.5,StrandBias:-0.3,Multiplicity:1.09
0.997	0.001	0.001	0.001
0.001	0.001	0.871	0.127
0.042	0.042	0.001	0.915
0.997	0.001	0.001	0.001
0.042	0.001	0.956	0.001
0.001	0.981	0.001	0.017
0.214	0.001	0.360	0.426
0.001	0.001	0.956	0.042
