>GGGAGGCTGAGG	1-GGGAGGCTGAGG	7.108823	-20.678341	0	T:132.0(9.79%),B:56.4(4.03%),P:1e-8	Tpos:39.5,Tstd:17.8,Bpos:42.4,Bstd:19.6,StrandBias:0.3,Multiplicity:1.19
0.147	0.043	0.691	0.119
0.085	0.035	0.829	0.051
0.144	0.059	0.755	0.042
0.831	0.042	0.102	0.025
0.178	0.017	0.720	0.085
0.068	0.085	0.729	0.118
0.161	0.652	0.101	0.086
0.077	0.036	0.171	0.716
0.070	0.153	0.743	0.034
0.772	0.025	0.144	0.059
0.085	0.017	0.873	0.025
0.119	0.076	0.704	0.101
>AAATGGWGATTC	2-AAATGGWGATTC	11.479856	-11.874781	0	T:20.0(1.48%),B:1.5(0.11%),P:1e-5	Tpos:36.6,Tstd:17.1,Bpos:38.4,Bstd:10.0,StrandBias:-0.3,Multiplicity:1.00
0.997	0.001	0.001	0.001
0.589	0.001	0.409	0.001
0.923	0.001	0.075	0.001
0.001	0.369	0.001	0.629
0.093	0.001	0.610	0.296
0.001	0.001	0.997	0.001
0.486	0.001	0.143	0.370
0.001	0.001	0.997	0.001
0.589	0.001	0.001	0.409
0.001	0.307	0.001	0.691
0.001	0.001	0.001	0.997
0.001	0.997	0.001	0.001
>GAAGGAAAGAAA	3-GAAGGAAAGAAA	9.801728	-10.197396	0	T:38.0(2.82%),B:11.5(0.82%),P:1e-4	Tpos:33.7,Tstd:17.8,Bpos:42.4,Bstd:14.6,StrandBias:0.3,Multiplicity:1.14
0.211	0.219	0.505	0.065
0.997	0.001	0.001	0.001
0.997	0.001	0.001	0.001
0.144	0.001	0.854	0.001
0.203	0.001	0.504	0.292
0.715	0.001	0.283	0.001
0.804	0.194	0.001	0.001
0.795	0.001	0.203	0.001
0.008	0.001	0.983	0.008
0.869	0.001	0.129	0.001
0.934	0.064	0.001	0.001
0.804	0.001	0.065	0.130
>TGTTTGTTTTTT	4-TGTTTGTTTTTT	12.659757	-9.472419	0	T:19.0(1.41%),B:2.6(0.18%),P:1e-4	Tpos:39.2,Tstd:17.5,Bpos:22.4,Bstd:14.7,StrandBias:-0.4,Multiplicity:1.21
0.001	0.001	0.001	0.997
0.001	0.119	0.826	0.054
0.001	0.001	0.118	0.880
0.001	0.001	0.001	0.997
0.001	0.001	0.001	0.997
0.001	0.001	0.832	0.166
0.001	0.001	0.118	0.880
0.001	0.118	0.001	0.880
0.001	0.001	0.118	0.880
0.119	0.001	0.173	0.707
0.001	0.001	0.001	0.997
0.001	0.001	0.001	0.997
>ATWTATTTATWT	5-ATWTATTTATWT	10.050793	-8.166517	0	T:43.0(3.19%),B:17.5(1.25%),P:1e-3	Tpos:36.6,Tstd:17.6,Bpos:33.5,Bstd:16.2,StrandBias:0.4,Multiplicity:1.12
0.853	0.049	0.049	0.049
0.049	0.049	0.001	0.901
0.401	0.049	0.057	0.493
0.049	0.049	0.001	0.901
0.804	0.049	0.049	0.098
0.001	0.048	0.001	0.950
0.153	0.001	0.001	0.845
0.001	0.001	0.048	0.950
0.835	0.001	0.049	0.115
0.049	0.049	0.001	0.901
0.448	0.001	0.001	0.550
0.001	0.001	0.048	0.950
>AGAGAGAGAGAG	6-AGAGAGAGAGAG	11.036186	-5.285692	0	T:14.0(1.04%),B:3.5(0.25%),P:1e-2	Tpos:33.8,Tstd:17.0,Bpos:24.6,Bstd:7.4,StrandBias:-0.5,Multiplicity:1.00
0.803	0.001	0.117	0.079
0.303	0.078	0.553	0.066
0.870	0.013	0.078	0.039
0.303	0.065	0.619	0.013
0.972	0.001	0.026	0.001
0.244	0.092	0.612	0.052
0.908	0.001	0.039	0.052
0.251	0.053	0.657	0.039
0.947	0.001	0.026	0.026
0.284	0.028	0.686	0.002
0.921	0.001	0.065	0.013
0.265	0.014	0.694	0.027
