>TGCTGARGCA	1-TGCTGARGCA	8.408570	-22.567255	0	T:57.0(4.23%),B:9.4(0.67%),P:1e-9	Tpos:38.7,Tstd:18.5,Bpos:43.3,Bstd:11.4,StrandBias:0.6,Multiplicity:1.02
0.004	0.001	0.313	0.682
0.001	0.001	0.676	0.322
0.001	0.995	0.003	0.001
0.001	0.064	0.001	0.934
0.070	0.135	0.669	0.126
0.816	0.001	0.001	0.182
0.458	0.001	0.540	0.001
0.001	0.001	0.868	0.130
0.001	0.738	0.196	0.065
0.611	0.126	0.001	0.262
>AACACAGWAT	2-AACACAGWAT	9.129128	-20.085629	0	T:32.0(2.37%),B:1.2(0.08%),P:1e-8	Tpos:37.0,Tstd:20.5,Bpos:37.0,Bstd:0.0,StrandBias:0.9,Multiplicity:1.03
0.997	0.001	0.001	0.001
0.997	0.001	0.001	0.001
0.001	0.727	0.001	0.271
0.763	0.235	0.001	0.001
0.001	0.656	0.001	0.342
0.818	0.001	0.001	0.180
0.185	0.001	0.813	0.001
0.430	0.001	0.001	0.568
0.682	0.001	0.316	0.001
0.181	0.001	0.195	0.623
>GGGGTGGGGG	3-GGGGTGGGGG	9.135772	-18.011174	0	T:29.0(2.15%),B:1.7(0.12%),P:1e-7	Tpos:34.4,Tstd:19.4,Bpos:21.8,Bstd:2.2,StrandBias:0.4,Multiplicity:1.14
0.046	0.001	0.952	0.001
0.139	0.001	0.859	0.001
0.001	0.001	0.997	0.001
0.001	0.326	0.672	0.001
0.019	0.001	0.001	0.979
0.001	0.001	0.952	0.046
0.001	0.001	0.952	0.046
0.001	0.001	0.997	0.001
0.046	0.001	0.907	0.046
0.001	0.001	0.859	0.139
>TCTCCCAAAG	4-TCTCCCAAAG	7.811170	-17.924379	0	T:51.0(3.78%),B:10.9(0.78%),P:1e-7	Tpos:34.7,Tstd:19.2,Bpos:37.3,Bstd:20.9,StrandBias:-0.4,Multiplicity:1.00
0.079	0.096	0.061	0.764
0.079	0.723	0.079	0.119
0.079	0.099	0.040	0.782
0.099	0.682	0.040	0.179
0.079	0.801	0.001	0.119
0.081	0.879	0.001	0.039
0.938	0.041	0.001	0.020
0.799	0.060	0.061	0.080
0.939	0.020	0.020	0.021
0.139	0.041	0.721	0.099
>ASCHGGGAGR	5-ASCHGGGAGR	7.880733	-17.418478	0	T:72.0(5.34%),B:22.8(1.63%),P:1e-7	Tpos:35.7,Tstd:16.9,Bpos:37.6,Bstd:22.1,StrandBias:-0.1,Multiplicity:1.01
0.697	0.001	0.301	0.001
0.021	0.336	0.412	0.232
0.001	0.997	0.001	0.001
0.381	0.293	0.001	0.325
0.231	0.001	0.611	0.157
0.166	0.001	0.832	0.001
0.391	0.001	0.607	0.001
0.997	0.001	0.001	0.001
0.166	0.001	0.832	0.001
0.531	0.001	0.467	0.001
>KACAAACCTK	6-KACAAACCTK	8.532990	-17.224054	0	T:31.0(2.30%),B:2.1(0.15%),P:1e-7	Tpos:35.7,Tstd:18.1,Bpos:45.0,Bstd:0.0,StrandBias:-0.9,Multiplicity:1.00
0.171	0.001	0.459	0.369
0.997	0.001	0.001	0.001
0.043	0.955	0.001	0.001
0.997	0.001	0.001	0.001
0.955	0.043	0.001	0.001
0.955	0.001	0.043	0.001
0.001	0.912	0.086	0.001
0.130	0.868	0.001	0.001
0.043	0.001	0.001	0.955
0.043	0.001	0.497	0.459
>TTTAATCAAA	7-TTTAATCAAA	7.069352	-16.231829	0	T:93.0(6.90%),B:37.6(2.69%),P:1e-7	Tpos:35.1,Tstd:17.7,Bpos:36.0,Bstd:20.0,StrandBias:-0.1,Multiplicity:1.07
0.098	0.038	0.050	0.814
0.073	0.049	0.073	0.805
0.087	0.049	0.087	0.777
0.864	0.061	0.012	0.063
0.707	0.061	0.134	0.098
0.066	0.050	0.099	0.785
0.101	0.735	0.115	0.049
0.816	0.073	0.024	0.087
0.866	0.073	0.049	0.012
0.851	0.027	0.061	0.061
>ATTGTATTCC	8-ATTGTATTCC	7.176738	-15.733409	0	T:22.0(1.63%),B:0.8(0.06%),P:1e-6	Tpos:39.1,Tstd:23.4,Bpos:50.0,Bstd:0.0,StrandBias:-0.3,Multiplicity:1.00
0.706	0.115	0.059	0.120
0.139	0.106	0.076	0.679
0.103	0.034	0.093	0.770
0.122	0.105	0.658	0.115
0.110	0.100	0.081	0.709
0.662	0.130	0.086	0.122
0.105	0.093	0.081	0.721
0.069	0.088	0.064	0.779
0.139	0.637	0.090	0.134
0.154	0.685	0.046	0.115
>GWGCCTGCAG	9-GWGCCTGCAG	6.861582	-15.222934	0	T:83.0(6.16%),B:32.7(2.34%),P:1e-6	Tpos:36.1,Tstd:18.3,Bpos:36.8,Bstd:19.3,StrandBias:0.1,Multiplicity:1.09
0.273	0.056	0.652	0.019
0.386	0.089	0.234	0.291
0.091	0.161	0.747	0.001
0.179	0.640	0.072	0.109
0.036	0.891	0.001	0.072
0.126	0.001	0.001	0.872
0.001	0.285	0.659	0.055
0.001	0.856	0.001	0.142
0.729	0.001	0.001	0.269
0.001	0.036	0.856	0.107
>TCAGAAGGAC	10-TCAGAAGGAC	8.425961	-15.014229	0	T:21.0(1.56%),B:0.7(0.05%),P:1e-6	Tpos:43.6,Tstd:18.6,Bpos:52.0,Bstd:0.0,StrandBias:1.0,Multiplicity:1.00
0.080	0.079	0.079	0.762
0.039	0.790	0.165	0.006
0.757	0.001	0.001	0.241
0.157	0.176	0.626	0.041
0.797	0.124	0.001	0.078
0.843	0.001	0.078	0.078
0.044	0.001	0.954	0.001
0.039	0.001	0.882	0.078
0.880	0.001	0.080	0.039
0.163	0.786	0.006	0.045
>TCAAGYAMTT	11-TCAAGYAMTT	8.017014	-14.342265	0	T:57.0(4.23%),B:17.9(1.28%),P:1e-6	Tpos:35.9,Tstd:20.1,Bpos:37.1,Bstd:18.6,StrandBias:-0.6,Multiplicity:1.02
0.001	0.053	0.001	0.945
0.001	0.584	0.001	0.414
0.997	0.001	0.001	0.001
0.709	0.001	0.027	0.263
0.114	0.137	0.530	0.219
0.001	0.479	0.001	0.519
0.736	0.060	0.088	0.116
0.454	0.310	0.083	0.153
0.001	0.053	0.001	0.945
0.176	0.058	0.027	0.739
>TGTTTGTTTT	12-TGTTTGTTTT	8.603563	-13.870218	0	T:56.0(4.15%),B:17.4(1.24%),P:1e-6	Tpos:37.8,Tstd:17.2,Bpos:28.5,Bstd:12.7,StrandBias:-0.4,Multiplicity:1.13
0.024	0.001	0.042	0.933
0.001	0.174	0.633	0.192
0.001	0.007	0.024	0.968
0.002	0.106	0.301	0.591
0.001	0.001	0.001	0.997
0.106	0.085	0.708	0.101
0.021	0.001	0.001	0.977
0.042	0.106	0.021	0.831
0.149	0.004	0.106	0.741
0.106	0.085	0.143	0.666
>ATTTATWTWT	13-ATTTATWTWT	7.031415	-11.952803	0	T:198.0(14.69%),B:130.0(9.30%),P:1e-5	Tpos:36.4,Tstd:19.4,Bpos:34.5,Bstd:20.6,StrandBias:-0.1,Multiplicity:1.22
0.853	0.044	0.072	0.031
0.001	0.001	0.013	0.985
0.275	0.014	0.015	0.696
0.022	0.091	0.028	0.859
0.738	0.128	0.063	0.071
0.093	0.058	0.006	0.843
0.426	0.014	0.001	0.559
0.114	0.006	0.085	0.795
0.522	0.001	0.001	0.476
0.001	0.001	0.210	0.788
>TTSAGGCATG	14-TTSAGGCATG	9.597961	-10.838309	0	T:28.0(2.08%),B:5.5(0.39%),P:1e-4	Tpos:32.6,Tstd:18.6,Bpos:42.4,Bstd:17.0,StrandBias:-0.5,Multiplicity:1.04
0.088	0.175	0.088	0.649
0.096	0.001	0.088	0.815
0.001	0.446	0.552	0.001
0.997	0.001	0.001	0.001
0.087	0.001	0.911	0.001
0.001	0.001	0.997	0.001
0.088	0.898	0.001	0.013
0.911	0.001	0.001	0.087
0.088	0.001	0.088	0.823
0.001	0.001	0.997	0.001
>CTACTCAGGA	15-CTACTCAGGA	9.541366	-10.306933	0	T:31.0(2.30%),B:7.4(0.53%),P:1e-4	Tpos:39.1,Tstd:18.4,Bpos:44.8,Bstd:19.6,StrandBias:0.9,Multiplicity:1.03
0.001	0.997	0.001	0.001
0.001	0.001	0.001	0.997
0.539	0.270	0.190	0.001
0.001	0.729	0.269	0.001
0.001	0.001	0.001	0.997
0.056	0.640	0.001	0.303
0.547	0.001	0.176	0.276
0.001	0.001	0.997	0.001
0.001	0.001	0.997	0.001
0.864	0.001	0.001	0.134
>TCTTGGGTCT	16-TCTTGGGTCT	6.585049	-10.099341	0	T:20.0(1.48%),B:2.6(0.19%),P:1e-4	Tpos:40.2,Tstd:19.4,Bpos:60.0,Bstd:0.0,StrandBias:-0.3,Multiplicity:1.00
0.136	0.118	0.129	0.617
0.184	0.533	0.115	0.168
0.202	0.152	0.001	0.645
0.150	0.001	0.183	0.666
0.209	0.010	0.587	0.194
0.178	0.098	0.476	0.248
0.184	0.211	0.437	0.168
0.156	0.132	0.125	0.587
0.125	0.471	0.122	0.282
0.187	0.155	0.001	0.657
>TCATGAGATC	17-TCATGAGATC	7.114460	-10.099341	0	T:20.0(1.48%),B:2.6(0.18%),P:1e-4	Tpos:44.1,Tstd:18.1,Bpos:38.7,Bstd:19.0,StrandBias:0.2,Multiplicity:1.20
0.119	0.103	0.061	0.717
0.122	0.654	0.130	0.094
0.737	0.112	0.036	0.115
0.102	0.028	0.096	0.774
0.110	0.100	0.676	0.114
0.745	0.033	0.071	0.151
0.138	0.108	0.651	0.103
0.702	0.078	0.079	0.141
0.118	0.076	0.075	0.731
0.108	0.616	0.119	0.157
>ATAAGTGACA	18-ATAAGTGACA	7.886776	-8.850181	0	T:18.0(1.34%),B:2.6(0.19%),P:1e-3	Tpos:43.6,Tstd:15.9,Bpos:37.3,Bstd:9.3,StrandBias:1.4,Multiplicity:1.06
0.854	0.056	0.036	0.054
0.074	0.054	0.144	0.728
0.923	0.074	0.002	0.001
0.802	0.036	0.036	0.126
0.090	0.054	0.766	0.090
0.110	0.001	0.036	0.853
0.074	0.054	0.782	0.090
0.728	0.074	0.108	0.090
0.054	0.745	0.129	0.072
0.854	0.054	0.018	0.074
>GAGAGAGAGA	19-GAGAGAGAGA	10.004890	-6.430054	0	T:18.0(1.34%),B:4.1(0.29%),P:1e-2	Tpos:35.5,Tstd:17.6,Bpos:34.4,Bstd:10.6,StrandBias:0.1,Multiplicity:1.06
0.143	0.017	0.839	0.001
0.864	0.001	0.001	0.134
0.001	0.134	0.864	0.001
0.997	0.001	0.001	0.001
0.135	0.170	0.694	0.001
0.864	0.134	0.001	0.001
0.069	0.001	0.929	0.001
0.997	0.001	0.001	0.001
0.042	0.001	0.822	0.135
0.997	0.001	0.001	0.001
