>AMTGAAATTAYA	1-AMTGAAATTAYA	8.383970	-25.449131	0	T:166.0(6.92%),B:71.1(2.82%),P:1e-11	Tpos:35.4,Tstd:19.5,Bpos:36.8,Bstd:20.2,StrandBias:0.4,Multiplicity:1.01
0.522	0.001	0.325	0.152
0.358	0.476	0.001	0.164
0.001	0.001	0.001	0.997
0.001	0.001	0.847	0.151
0.548	0.001	0.312	0.139
0.597	0.001	0.401	0.001
0.835	0.114	0.050	0.001
0.291	0.091	0.001	0.617
0.165	0.126	0.025	0.684
0.731	0.001	0.051	0.217
0.001	0.467	0.101	0.431
0.962	0.001	0.025	0.012
>TTGYCCAGGCTG	2-TTGYCCAGGCTG	7.003527	-23.139842	0	T:185.0(7.71%),B:89.3(3.54%),P:1e-10	Tpos:38.9,Tstd:18.4,Bpos:35.8,Bstd:18.7,StrandBias:-0.2,Multiplicity:1.05
0.030	0.030	0.002	0.938
0.032	0.037	0.001	0.930
0.090	0.214	0.464	0.232
0.001	0.432	0.192	0.375
0.309	0.600	0.001	0.090
0.059	0.939	0.001	0.001
0.841	0.030	0.001	0.128
0.103	0.001	0.646	0.250
0.128	0.278	0.593	0.001
0.219	0.562	0.030	0.189
0.001	0.029	0.001	0.969
0.310	0.001	0.629	0.060
>CCTCHCCCTCCC	3-CCTCHCCCTCCC	8.226919	-20.710528	0	T:182.0(7.59%),B:92.7(3.68%),P:1e-8	Tpos:36.8,Tstd:18.3,Bpos:36.5,Bstd:20.4,StrandBias:-0.5,Multiplicity:1.14
0.001	0.672	0.045	0.282
0.001	0.915	0.001	0.083
0.015	0.190	0.001	0.794
0.001	0.732	0.015	0.252
0.293	0.393	0.053	0.262
0.109	0.459	0.247	0.184
0.076	0.839	0.001	0.084
0.001	0.632	0.001	0.366
0.001	0.190	0.001	0.808
0.001	0.793	0.001	0.205
0.001	0.997	0.001	0.001
0.076	0.602	0.001	0.321
>NWGAGCHVAGDN	4-NWGAGCHVAGDN	5.237911	-18.022907	0	T:32.0(1.33%),B:2.4(0.10%),P:1e-7	Tpos:40.8,Tstd:16.4,Bpos:32.5,Bstd:5.5,StrandBias:0.5,Multiplicity:1.00
0.256	0.200	0.270	0.274
0.383	0.137	0.228	0.253
0.232	0.177	0.413	0.178
0.646	0.042	0.135	0.177
0.186	0.147	0.541	0.126
0.237	0.443	0.163	0.156
0.283	0.356	0.098	0.263
0.250	0.214	0.351	0.185
0.610	0.067	0.140	0.183
0.223	0.155	0.421	0.202
0.349	0.186	0.211	0.254
0.270	0.214	0.210	0.306
>GGGCGCGGTGGT	5-GGGCGCGGTGGT	6.428901	-17.301869	0	T:141.0(5.88%),B:69.2(2.75%),P:1e-7	Tpos:37.7,Tstd:18.0,Bpos:38.3,Bstd:19.7,StrandBias:0.3,Multiplicity:1.02
0.219	0.001	0.671	0.109
0.162	0.001	0.836	0.001
0.054	0.054	0.838	0.054
0.001	0.891	0.054	0.054
0.176	0.054	0.763	0.007
0.110	0.530	0.001	0.359
0.114	0.001	0.884	0.001
0.001	0.001	0.938	0.060
0.001	0.001	0.001	0.997
0.001	0.001	0.889	0.109
0.163	0.054	0.729	0.054
0.001	0.334	0.163	0.502
>HGSATCACYTGA	6-HGSATCACYTGA	8.653718	-13.740148	0	T:62.0(2.59%),B:21.1(0.84%),P:1e-5	Tpos:32.2,Tstd:18.7,Bpos:30.1,Bstd:16.1,StrandBias:-0.2,Multiplicity:1.00
0.264	0.397	0.001	0.338
0.289	0.012	0.591	0.108
0.059	0.421	0.519	0.001
0.977	0.011	0.011	0.001
0.001	0.001	0.192	0.806
0.001	0.613	0.001	0.385
0.802	0.002	0.194	0.002
0.011	0.885	0.001	0.103
0.001	0.529	0.001	0.469
0.192	0.001	0.001	0.806
0.095	0.001	0.903	0.001
0.901	0.096	0.002	0.001
>AMAHAMACACAD	7-AMAHAMACACAD	9.672467	-9.960954	0	T:88.0(3.67%),B:46.8(1.86%),P:1e-4	Tpos:41.6,Tstd:15.9,Bpos:34.5,Bstd:14.7,StrandBias:0.7,Multiplicity:1.06
0.930	0.023	0.016	0.031
0.433	0.395	0.062	0.109
0.968	0.001	0.001	0.030
0.256	0.364	0.141	0.239
0.961	0.001	0.015	0.023
0.357	0.447	0.109	0.086
0.976	0.001	0.022	0.001
0.329	0.523	0.078	0.070
0.936	0.062	0.001	0.001
0.306	0.474	0.189	0.031
0.945	0.001	0.007	0.047
0.281	0.158	0.243	0.318
>ATATATAATATA	8-ATATATAATATA	9.521570	-8.707578	0	T:47.0(1.96%),B:19.7(0.78%),P:1e-3	Tpos:34.7,Tstd:19.3,Bpos:29.0,Bstd:16.7,StrandBias:0.2,Multiplicity:1.28
0.924	0.001	0.055	0.020
0.001	0.074	0.018	0.907
0.909	0.055	0.018	0.018
0.075	0.018	0.018	0.889
0.683	0.037	0.092	0.188
0.114	0.018	0.018	0.850
0.568	0.111	0.093	0.228
0.730	0.001	0.001	0.268
0.227	0.038	0.055	0.680
0.864	0.001	0.001	0.134
0.129	0.037	0.055	0.779
0.907	0.001	0.073	0.019
