>CACATCTGTA	1-CACATCTGTA	7.917015	-25.717644	0	T:75.0(3.13%),B:15.8(0.63%),P:1e-11	Tpos:35.7,Tstd:19.7,Bpos:42.3,Bstd:14.0,StrandBias:-0.2,Multiplicity:1.00
0.060	0.759	0.060	0.121
0.659	0.158	0.001	0.182
0.122	0.728	0.110	0.040
0.797	0.061	0.001	0.141
0.040	0.085	0.040	0.835
0.089	0.628	0.121	0.162
0.001	0.001	0.001	0.997
0.008	0.239	0.752	0.001
0.061	0.004	0.004	0.931
0.938	0.001	0.001	0.060
>AAGATGAAAA	2-AAGATGAAAA	8.314129	-24.334864	0	T:62.0(2.59%),B:10.2(0.41%),P:1e-10	Tpos:35.0,Tstd:17.8,Bpos:33.6,Bstd:16.2,StrandBias:-0.4,Multiplicity:1.00
0.837	0.081	0.081	0.001
0.881	0.001	0.001	0.117
0.021	0.081	0.897	0.001
0.918	0.001	0.001	0.080
0.001	0.001	0.013	0.985
0.001	0.001	0.918	0.080
0.837	0.081	0.081	0.001
0.918	0.080	0.001	0.001
0.997	0.001	0.001	0.001
0.720	0.081	0.118	0.081
>TCARCCTCCY	3-TCARCCTCCY	7.707571	-23.589462	0	T:189.0(7.88%),B:91.7(3.64%),P:1e-10	Tpos:36.1,Tstd:19.4,Bpos:35.3,Bstd:20.4,StrandBias:-0.6,Multiplicity:1.16
0.001	0.050	0.084	0.865
0.001	0.997	0.001	0.001
0.579	0.165	0.060	0.196
0.438	0.035	0.418	0.109
0.179	0.669	0.001	0.151
0.001	0.997	0.001	0.001
0.001	0.049	0.001	0.949
0.001	0.770	0.050	0.179
0.001	0.997	0.001	0.001
0.231	0.307	0.017	0.445
>CCCAAAACCA	4-CCCAAAACCA	8.956774	-22.699345	0	T:42.0(1.75%),B:4.0(0.16%),P:1e-9	Tpos:34.3,Tstd:19.4,Bpos:46.2,Bstd:11.6,StrandBias:-0.1,Multiplicity:1.02
0.292	0.559	0.001	0.148
0.001	0.808	0.001	0.190
0.190	0.728	0.001	0.081
0.997	0.001	0.001	0.001
0.817	0.109	0.001	0.073
0.671	0.219	0.109	0.001
0.627	0.190	0.182	0.001
0.001	0.991	0.007	0.001
0.001	0.962	0.001	0.036
0.997	0.001	0.001	0.001
>MTGDRATTWM	5-MTGDRATTWM	5.661436	-22.511108	0	T:194.0(8.09%),B:97.2(3.86%),P:1e-9	Tpos:37.6,Tstd:19.2,Bpos:38.9,Bstd:18.5,StrandBias:-0.0,Multiplicity:1.02
0.303	0.432	0.090	0.175
0.022	0.012	0.005	0.961
0.016	0.007	0.667	0.310
0.319	0.001	0.411	0.270
0.298	0.124	0.389	0.189
0.471	0.201	0.107	0.221
0.161	0.227	0.002	0.610
0.203	0.175	0.031	0.591
0.370	0.159	0.182	0.289
0.269	0.386	0.221	0.124
>TTGGCCAGAC	6-TTGGCCAGAC	7.550492	-20.937620	0	T:91.0(3.79%),B:29.9(1.19%),P:1e-9	Tpos:38.2,Tstd:19.6,Bpos:44.9,Bstd:16.3,StrandBias:0.0,Multiplicity:1.04
0.094	0.041	0.054	0.811
0.054	0.001	0.067	0.878
0.166	0.001	0.793	0.040
0.013	0.146	0.746	0.095
0.054	0.810	0.055	0.081
0.053	0.838	0.001	0.108
0.920	0.013	0.013	0.054
0.081	0.081	0.784	0.054
0.627	0.028	0.305	0.040
0.067	0.811	0.028	0.094
>CCTTGTCTCA	7-CCTTGTCTCA	9.146959	-20.030464	0	T:35.0(1.46%),B:3.0(0.12%),P:1e-8	Tpos:30.5,Tstd:20.5,Bpos:27.0,Bstd:0.0,StrandBias:-0.2,Multiplicity:1.00
0.001	0.997	0.001	0.001
0.172	0.826	0.001	0.001
0.001	0.376	0.001	0.622
0.001	0.001	0.172	0.826
0.123	0.001	0.819	0.057
0.352	0.001	0.001	0.646
0.001	0.991	0.001	0.007
0.172	0.001	0.001	0.826
0.001	0.997	0.001	0.001
0.704	0.294	0.001	0.001
>GGGGAAATAG	8-GGGGAAATAG	9.575805	-18.739453	0	T:26.0(1.08%),B:0.8(0.03%),P:1e-8	Tpos:38.8,Tstd:18.7,Bpos:60.0,Bstd:0.0,StrandBias:1.9,Multiplicity:1.00
0.001	0.001	0.932	0.066
0.132	0.001	0.866	0.001
0.199	0.001	0.799	0.001
0.132	0.001	0.866	0.001
0.997	0.001	0.001	0.001
0.932	0.066	0.001	0.001
0.997	0.001	0.001	0.001
0.066	0.066	0.001	0.867
0.866	0.001	0.132	0.001
0.066	0.001	0.932	0.001
>CTAGAAGAGA	9-CTAGAAGAGA	9.511018	-17.731487	0	T:37.0(1.54%),B:4.3(0.17%),P:1e-7	Tpos:40.2,Tstd:19.1,Bpos:39.0,Bstd:13.8,StrandBias:-0.7,Multiplicity:1.00
0.001	0.957	0.001	0.041
0.042	0.072	0.001	0.885
0.915	0.001	0.001	0.083
0.041	0.001	0.957	0.001
0.873	0.001	0.084	0.042
0.997	0.001	0.001	0.001
0.001	0.001	0.915	0.083
0.957	0.001	0.001	0.041
0.252	0.001	0.746	0.001
0.997	0.001	0.001	0.001
>AGAGCHVAGA	10-AGAGCHVAGA	6.718549	-17.545073	0	T:48.0(2.00%),B:9.1(0.36%),P:1e-7	Tpos:39.8,Tstd:17.7,Bpos:33.8,Bstd:12.8,StrandBias:0.2,Multiplicity:1.02
0.522	0.005	0.140	0.333
0.184	0.094	0.615	0.107
0.702	0.003	0.173	0.122
0.185	0.184	0.625	0.006
0.281	0.473	0.084	0.162
0.332	0.341	0.108	0.219
0.324	0.196	0.324	0.156
0.567	0.090	0.186	0.157
0.257	0.172	0.486	0.085
0.655	0.158	0.172	0.015
>WTWTATTTTT	11-WTWTATTTTT	7.119642	-16.413776	0	T:469.0(19.56%),B:351.9(13.97%),P:1e-7	Tpos:37.0,Tstd:18.7,Bpos:35.8,Bstd:20.4,StrandBias:-0.1,Multiplicity:1.21
0.552	0.001	0.001	0.446
0.386	0.001	0.001	0.612
0.392	0.001	0.207	0.399
0.001	0.001	0.001	0.997
0.685	0.001	0.313	0.001
0.001	0.001	0.001	0.997
0.338	0.064	0.001	0.597
0.230	0.054	0.001	0.715
0.233	0.001	0.284	0.482
0.236	0.240	0.001	0.523
>GGATCGCCTG	12-GGATCGCCTG	10.340732	-15.846969	0	T:22.0(0.92%),B:0.8(0.03%),P:1e-6	Tpos:35.4,Tstd:20.8,Bpos:4.0,Bstd:0.0,StrandBias:-1.4,Multiplicity:1.00
0.001	0.001	0.997	0.001
0.001	0.001	0.997	0.001
0.636	0.213	0.150	0.001
0.106	0.001	0.001	0.892
0.106	0.743	0.001	0.150
0.133	0.005	0.750	0.112
0.106	0.892	0.001	0.001
0.001	0.892	0.001	0.106
0.001	0.001	0.001	0.997
0.001	0.001	0.997	0.001
>GGGCGCGGTG	13-GGGCGCGGTG	8.350283	-14.062178	0	T:26.0(1.08%),B:3.0(0.12%),P:1e-6	Tpos:36.1,Tstd:18.6,Bpos:46.9,Bstd:9.6,StrandBias:-0.2,Multiplicity:1.00
0.100	0.100	0.700	0.100
0.100	0.100	0.700	0.100
0.100	0.100	0.700	0.100
0.100	0.700	0.100	0.100
0.100	0.100	0.700	0.100
0.100	0.700	0.100	0.100
0.100	0.100	0.700	0.100
0.100	0.100	0.700	0.100
0.100	0.100	0.100	0.700
0.100	0.100	0.700	0.100
>TGTGAGGTTA	14-TGTGAGGTTA	9.582660	-12.957949	0	T:18.0(0.75%),B:0.8(0.03%),P:1e-5	Tpos:36.9,Tstd:18.2,Bpos:46.0,Bstd:0.0,StrandBias:0.5,Multiplicity:1.06
0.074	0.001	0.001	0.924
0.001	0.001	0.924	0.074
0.001	0.001	0.001	0.997
0.001	0.074	0.851	0.074
0.997	0.001	0.001	0.001
0.001	0.001	0.821	0.177
0.001	0.074	0.924	0.001
0.074	0.001	0.001	0.924
0.075	0.149	0.075	0.701
0.851	0.074	0.001	0.074
>TTACGAGGTC	15-TTACGAGGTC	8.437233	-10.579813	0	T:23.0(0.96%),B:3.6(0.14%),P:1e-4	Tpos:40.4,Tstd:18.6,Bpos:25.6,Bstd:9.7,StrandBias:1.8,Multiplicity:1.00
0.080	0.001	0.040	0.879
0.040	0.110	0.084	0.766
0.839	0.001	0.080	0.080
0.084	0.613	0.161	0.142
0.125	0.161	0.589	0.125
0.997	0.001	0.001	0.001
0.040	0.040	0.876	0.044
0.040	0.001	0.862	0.097
0.040	0.161	0.001	0.798
0.081	0.839	0.040	0.040
>GGGTGTGTGT	16-GGGTGTGTGT	6.479164	-10.321839	0	T:115.0(4.80%),B:66.9(2.66%),P:1e-4	Tpos:38.3,Tstd:18.0,Bpos:33.8,Bstd:17.6,StrandBias:0.0,Multiplicity:1.15
0.070	0.023	0.790	0.117
0.026	0.093	0.630	0.251
0.001	0.140	0.766	0.093
0.094	0.023	0.048	0.835
0.080	0.192	0.658	0.070
0.001	0.049	0.029	0.921
0.003	0.047	0.947	0.003
0.046	0.001	0.003	0.950
0.001	0.046	0.952	0.001
0.140	0.210	0.026	0.624
>TTACTTGAAC	17-TTACTTGAAC	8.023586	-10.200325	0	T:36.0(1.50%),B:11.0(0.44%),P:1e-4	Tpos:37.7,Tstd:20.7,Bpos:27.7,Bstd:18.9,StrandBias:0.2,Multiplicity:1.00
0.107	0.046	0.031	0.816
0.076	0.068	0.046	0.810
0.778	0.047	0.037	0.138
0.078	0.784	0.107	0.031
0.092	0.076	0.015	0.817
0.046	0.015	0.016	0.923
0.107	0.077	0.723	0.093
0.863	0.061	0.015	0.061
0.801	0.062	0.076	0.061
0.092	0.708	0.092	0.108
