>GGCTGGGA	1-GGCTGGGA	4.958748	-22.985943	0	T:396.0(16.51%),B:260.3(10.33%),P:1e-9	Tpos:38.1,Tstd:19.9,Bpos:37.3,Bstd:20.5,StrandBias:0.0,Multiplicity:1.21
0.247	0.042	0.586	0.125
0.125	0.107	0.657	0.111
0.145	0.590	0.106	0.159
0.160	0.084	0.115	0.641
0.053	0.006	0.738	0.203
0.176	0.035	0.638	0.151
0.266	0.106	0.542	0.086
0.457	0.191	0.212	0.140
>GTAGAGAT	2-GTAGAGAT	6.817531	-22.119982	0	T:153.0(6.38%),B:68.9(2.74%),P:1e-9	Tpos:37.7,Tstd:18.3,Bpos:38.5,Bstd:20.8,StrandBias:-0.2,Multiplicity:1.03
0.101	0.034	0.864	0.001
0.101	0.103	0.001	0.795
0.740	0.118	0.042	0.100
0.138	0.062	0.782	0.018
0.913	0.001	0.001	0.085
0.001	0.001	0.997	0.001
0.866	0.001	0.045	0.088
0.001	0.060	0.155	0.784
>GGTCTTGC	3-GGTCTTGC	7.221597	-20.681548	0	T:82.0(3.42%),B:24.8(0.98%),P:1e-8	Tpos:39.7,Tstd:20.5,Bpos:38.3,Bstd:21.1,StrandBias:0.0,Multiplicity:1.02
0.001	0.001	0.903	0.095
0.129	0.048	0.790	0.033
0.001	0.001	0.001	0.997
0.001	0.910	0.001	0.088
0.001	0.032	0.001	0.966
0.048	0.001	0.137	0.814
0.001	0.001	0.997	0.001
0.161	0.698	0.063	0.078
>AGCATTTT	4-AGCATTTT	6.722529	-20.103786	0	T:233.0(9.72%),B:133.1(5.28%),P:1e-8	Tpos:36.6,Tstd:20.4,Bpos:38.6,Bstd:20.6,StrandBias:0.0,Multiplicity:1.05
0.980	0.018	0.001	0.001
0.163	0.070	0.701	0.066
0.001	0.796	0.115	0.088
0.973	0.025	0.001	0.001
0.039	0.064	0.032	0.865
0.001	0.122	0.001	0.876
0.050	0.031	0.001	0.918
0.001	0.026	0.047	0.926
>TGCCCAAC	5-TGCCCAAC	6.795324	-19.456482	0	T:91.0(3.79%),B:31.5(1.25%),P:1e-8	Tpos:41.5,Tstd:20.3,Bpos:37.2,Bstd:20.4,StrandBias:0.1,Multiplicity:1.00
0.035	0.001	0.001	0.963
0.018	0.165	0.799	0.018
0.001	0.789	0.164	0.046
0.036	0.933	0.001	0.030
0.001	0.997	0.001	0.001
0.943	0.026	0.001	0.030
0.854	0.026	0.018	0.102
0.063	0.825	0.094	0.018
>AGRTCMCG	6-AGRTCMCG	5.975252	-13.704362	0	T:92.0(3.84%),B:41.6(1.65%),P:1e-5	Tpos:39.9,Tstd:19.5,Bpos:37.6,Bstd:20.2,StrandBias:0.1,Multiplicity:1.14
0.737	0.001	0.188	0.074
0.090	0.037	0.804	0.069
0.547	0.005	0.447	0.001
0.149	0.037	0.001	0.813
0.001	0.813	0.112	0.074
0.469	0.506	0.016	0.009
0.001	0.909	0.089	0.001
0.001	0.067	0.869	0.063
>CAAACAAA	7-CAAACAAA	7.868013	-12.182718	0	T:129.0(5.38%),B:72.6(2.88%),P:1e-5	Tpos:35.2,Tstd:18.7,Bpos:35.9,Bstd:16.8,StrandBias:0.4,Multiplicity:1.32
0.194	0.695	0.001	0.110
0.997	0.001	0.001	0.001
0.997	0.001	0.001	0.001
0.997	0.001	0.001	0.001
0.001	0.997	0.001	0.001
0.845	0.087	0.067	0.001
0.869	0.001	0.129	0.001
0.997	0.001	0.001	0.001
>GCGTGTGT	8-GCGTGTGT	4.385184	-5.655483	0	T:421.0(17.56%),B:370.5(14.71%),P:1e-2	Tpos:37.1,Tstd:19.2,Bpos:35.4,Bstd:19.4,StrandBias:0.1,Multiplicity:1.16
0.043	0.147	0.790	0.020
0.046	0.663	0.132	0.159
0.135	0.078	0.741	0.046
0.045	0.047	0.120	0.788
0.046	0.128	0.791	0.035
0.171	0.029	0.110	0.690
0.044	0.029	0.859	0.068
0.019	0.222	0.068	0.691
