>CCWTTGTBWT	1-CCWTTGTBWT	5.852376	-252.051440	0	T:1209.0(40.30%),B:293.2(13.06%),P:1e-109	Tpos:37.4,Tstd:19.0,Bpos:38.7,Bstd:19.0,StrandBias:0.0,Multiplicity:1.20
0.026	0.553	0.188	0.233
0.091	0.617	0.001	0.291
0.436	0.008	0.001	0.555
0.001	0.009	0.001	0.989
0.001	0.001	0.001	0.997
0.030	0.298	0.671	0.001
0.335	0.001	0.008	0.656
0.146	0.266	0.230	0.358
0.340	0.188	0.134	0.338
0.210	0.204	0.181	0.406
>GCHCAGCAGG	2-GCHCAGCAGG	6.150947	-160.164537	0	T:826.0(27.53%),B:195.1(8.69%),P:1e-69	Tpos:38.0,Tstd:18.4,Bpos:35.7,Bstd:34.3,StrandBias:-0.2,Multiplicity:1.12
0.131	0.144	0.449	0.276
0.196	0.604	0.196	0.004
0.347	0.274	0.160	0.219
0.018	0.968	0.013	0.001
0.606	0.080	0.093	0.221
0.062	0.049	0.853	0.036
0.022	0.801	0.022	0.155
0.500	0.001	0.266	0.233
0.049	0.018	0.855	0.078
0.026	0.001	0.951	0.022
>AAATGCAAAT	3-AAATGCAAAT	5.813432	-113.121993	0	T:626.0(20.87%),B:151.7(6.76%),P:1e-49	Tpos:36.8,Tstd:19.6,Bpos:38.2,Bstd:16.9,StrandBias:0.0,Multiplicity:1.13
0.430	0.165	0.200	0.205
0.475	0.220	0.144	0.160
0.676	0.079	0.105	0.140
0.001	0.005	0.040	0.954
0.001	0.001	0.860	0.138
0.060	0.496	0.105	0.339
0.684	0.001	0.001	0.314
0.715	0.020	0.245	0.020
0.806	0.015	0.149	0.030
0.040	0.140	0.125	0.695
>GCMATCARND	4-GCMATCARND	5.463861	-99.684648	0	T:516.0(17.20%),B:115.4(5.14%),P:1e-43	Tpos:37.9,Tstd:16.6,Bpos:38.6,Bstd:26.1,StrandBias:-0.1,Multiplicity:1.08
0.072	0.351	0.513	0.064
0.057	0.816	0.032	0.095
0.407	0.529	0.032	0.032
0.860	0.083	0.056	0.001
0.062	0.064	0.064	0.810
0.018	0.555	0.045	0.382
0.798	0.076	0.030	0.096
0.437	0.174	0.367	0.022
0.202	0.320	0.237	0.241
0.294	0.121	0.324	0.262
>RGTVMTTAAS	5-RGTVMTTAAS	5.771926	-88.164954	0	T:586.0(19.53%),B:162.7(7.24%),P:1e-38	Tpos:37.6,Tstd:19.3,Bpos:34.4,Bstd:23.7,StrandBias:0.1,Multiplicity:1.08
0.416	0.001	0.472	0.111
0.006	0.278	0.715	0.001
0.030	0.265	0.001	0.704
0.398	0.328	0.273	0.001
0.435	0.509	0.031	0.025
0.054	0.001	0.001	0.944
0.001	0.218	0.030	0.751
0.523	0.179	0.137	0.161
0.750	0.001	0.218	0.031
0.217	0.341	0.441	0.001
>CCGGCCSCGC	6-CCGGCCSCGC	7.923058	-65.101009	0	T:133.0(4.43%),B:3.0(0.14%),P:1e-28	Tpos:37.9,Tstd:20.2,Bpos:66.0,Bstd:0.0,StrandBias:0.3,Multiplicity:1.17
0.001	0.882	0.116	0.001
0.001	0.890	0.108	0.001
0.001	0.001	0.997	0.001
0.001	0.106	0.867	0.026
0.001	0.939	0.059	0.001
0.106	0.702	0.139	0.053
0.001	0.399	0.521	0.079
0.106	0.840	0.053	0.001
0.026	0.005	0.968	0.001
0.001	0.990	0.008	0.001
>GGGGCGCCGG	7-GGGGCGCCGG	8.015557	-46.357221	0	T:94.0(3.13%),B:2.6(0.11%),P:1e-20	Tpos:31.9,Tstd:17.6,Bpos:35.0,Bstd:0.0,StrandBias:-0.7,Multiplicity:1.08
0.112	0.114	0.718	0.056
0.063	0.056	0.879	0.002
0.028	0.343	0.627	0.002
0.028	0.028	0.916	0.028
0.001	0.997	0.001	0.001
0.001	0.001	0.997	0.001
0.001	0.887	0.056	0.056
0.001	0.673	0.159	0.167
0.061	0.058	0.851	0.030
0.224	0.028	0.745	0.003
>CGCSCTCCGG	8-CGCSCTCCGG	6.660268	-44.366249	0	T:85.0(2.83%),B:1.1(0.05%),P:1e-19	Tpos:37.3,Tstd:18.7,Bpos:0.0,Bstd:0.0,StrandBias:-0.2,Multiplicity:1.04
0.176	0.435	0.251	0.139
0.095	0.251	0.516	0.138
0.117	0.527	0.312	0.044
0.077	0.290	0.404	0.229
0.003	0.876	0.017	0.104
0.029	0.246	0.150	0.575
0.004	0.839	0.072	0.085
0.155	0.553	0.066	0.226
0.144	0.170	0.503	0.183
0.016	0.388	0.571	0.025
>TTCAAATGCA	9-TTCAAATGCA	7.979734	-42.334665	0	T:122.0(4.07%),B:11.5(0.51%),P:1e-18	Tpos:32.0,Tstd:22.5,Bpos:43.9,Bstd:11.0,StrandBias:-0.8,Multiplicity:1.02
0.023	0.092	0.023	0.862
0.093	0.046	0.046	0.815
0.035	0.802	0.105	0.058
0.907	0.023	0.023	0.047
0.775	0.070	0.096	0.059
0.756	0.105	0.092	0.047
0.186	0.081	0.092	0.641
0.059	0.047	0.825	0.069
0.058	0.836	0.046	0.060
0.803	0.092	0.035	0.070
>GCTGCGCGGC	10-GCTGCGCGGC	7.625701	-40.863118	0	T:84.0(2.80%),B:3.0(0.13%),P:1e-17	Tpos:35.1,Tstd:17.8,Bpos:46.6,Bstd:8.9,StrandBias:0.2,Multiplicity:1.08
0.040	0.033	0.862	0.065
0.048	0.846	0.073	0.033
0.049	0.041	0.147	0.763
0.073	0.138	0.741	0.048
0.073	0.764	0.089	0.074
0.065	0.032	0.814	0.089
0.065	0.781	0.114	0.040
0.033	0.065	0.804	0.098
0.057	0.051	0.819	0.073
0.057	0.822	0.089	0.032
>CGGCGGGAGC	11-CGGCGGGAGC	8.006513	-40.267205	0	T:111.0(3.70%),B:9.1(0.40%),P:1e-17	Tpos:37.4,Tstd:19.7,Bpos:24.0,Bstd:0.0,StrandBias:0.3,Multiplicity:1.01
0.027	0.716	0.068	0.189
0.001	0.120	0.719	0.160
0.001	0.120	0.878	0.001
0.121	0.731	0.054	0.094
0.121	0.029	0.821	0.029
0.002	0.028	0.969	0.001
0.069	0.042	0.887	0.002
0.606	0.094	0.138	0.162
0.001	0.066	0.932	0.001
0.040	0.752	0.195	0.013
>GCCGCCCGGG	12-GCCGCCCGGG	8.575773	-34.575351	0	T:77.0(2.57%),B:3.5(0.16%),P:1e-15	Tpos:38.3,Tstd:20.2,Bpos:62.0,Bstd:0.0,StrandBias:0.2,Multiplicity:1.07
0.001	0.235	0.763	0.001
0.001	0.700	0.252	0.047
0.001	0.729	0.269	0.001
0.017	0.126	0.835	0.022
0.001	0.887	0.095	0.017
0.001	0.918	0.048	0.033
0.019	0.761	0.047	0.173
0.031	0.204	0.732	0.033
0.111	0.047	0.841	0.001
0.001	0.094	0.858	0.047
>CCCGTGGAGA	13-CCCGTGGAGA	8.052770	-32.384320	0	T:77.0(2.57%),B:4.8(0.21%),P:1e-14	Tpos:37.3,Tstd:19.7,Bpos:28.3,Bstd:10.6,StrandBias:-0.5,Multiplicity:1.00
0.001	0.717	0.243	0.039
0.074	0.871	0.037	0.018
0.134	0.528	0.018	0.320
0.226	0.212	0.525	0.037
0.037	0.159	0.075	0.729
0.054	0.001	0.926	0.019
0.073	0.206	0.702	0.019
0.566	0.115	0.169	0.150
0.036	0.037	0.926	0.001
0.638	0.206	0.020	0.136
>CTTTAAAGAG	14-CTTTAAAGAG	7.667036	-27.600091	0	T:121.0(4.03%),B:22.1(0.99%),P:1e-11	Tpos:36.9,Tstd:19.0,Bpos:40.7,Bstd:20.6,StrandBias:-0.3,Multiplicity:1.00
0.042	0.874	0.001	0.083
0.023	0.021	0.001	0.955
0.001	0.003	0.001	0.995
0.002	0.258	0.044	0.696
0.636	0.154	0.126	0.084
0.768	0.001	0.230	0.001
0.914	0.001	0.083	0.002
0.147	0.065	0.725	0.063
0.714	0.001	0.222	0.063
0.027	0.063	0.743	0.167
>CCACAGGGGG	15-CCACAGGGGG	7.015752	-27.057341	0	T:132.0(4.40%),B:27.8(1.24%),P:1e-11	Tpos:39.0,Tstd:19.2,Bpos:37.1,Bstd:18.7,StrandBias:0.0,Multiplicity:1.00
0.068	0.716	0.095	0.121
0.101	0.742	0.080	0.077
0.568	0.171	0.151	0.110
0.079	0.736	0.129	0.056
0.643	0.099	0.123	0.135
0.077	0.075	0.777	0.071
0.080	0.082	0.743	0.095
0.115	0.094	0.726	0.065
0.146	0.086	0.659	0.109
0.095	0.118	0.691	0.096
>TGCCAGGAAT	16-TGCCAGGAAT	8.538307	-26.412656	0	T:47.0(1.57%),B:1.0(0.04%),P:1e-11	Tpos:36.5,Tstd:19.8,Bpos:49.8,Bstd:10.1,StrandBias:-1.4,Multiplicity:1.00
0.012	0.026	0.327	0.635
0.038	0.149	0.579	0.234
0.175	0.574	0.202	0.049
0.186	0.727	0.075	0.012
0.687	0.101	0.024	0.188
0.038	0.001	0.798	0.163
0.001	0.001	0.997	0.001
0.838	0.013	0.112	0.037
0.607	0.232	0.149	0.012
0.173	0.173	0.024	0.630
>CCGGTCCCCG	17-CCGGTCCCCG	5.828531	-22.546258	0	T:50.0(1.67%),B:2.0(0.09%),P:1e-9	Tpos:35.0,Tstd:19.3,Bpos:31.4,Bstd:8.6,StrandBias:0.8,Multiplicity:1.03
0.001	0.997	0.001	0.001
0.001	0.666	0.332	0.001
0.001	0.001	0.997	0.001
0.001	0.001	0.997	0.001
0.001	0.001	0.001	0.997
0.001	0.997	0.001	0.001
0.001	0.997	0.001	0.001
0.001	0.997	0.001	0.001
0.001	0.997	0.001	0.001
0.001	0.001	0.997	0.001
>CCCGACCCCC	18-CCCGACCCCC	8.743882	-21.840779	0	T:89.0(2.97%),B:15.2(0.68%),P:1e-9	Tpos:37.6,Tstd:19.1,Bpos:52.2,Bstd:16.7,StrandBias:0.7,Multiplicity:1.01
0.016	0.851	0.094	0.039
0.016	0.905	0.016	0.063
0.055	0.802	0.071	0.072
0.136	0.181	0.612	0.071
0.615	0.089	0.103	0.193
0.079	0.802	0.071	0.048
0.031	0.851	0.055	0.063
0.024	0.834	0.047	0.095
0.024	0.897	0.055	0.024
0.040	0.842	0.071	0.047
>NCCTGGCGGN	19-NCCTGGCGGN	5.646785	-20.766161	0	T:37.0(1.23%),B:0.8(0.04%),P:1e-9	Tpos:38.8,Tstd:15.9,Bpos:15.7,Bstd:2.1,StrandBias:-0.2,Multiplicity:1.00
0.210	0.243	0.324	0.224
0.136	0.535	0.197	0.132
0.137	0.574	0.141	0.148
0.166	0.171	0.139	0.524
0.119	0.118	0.609	0.154
0.126	0.156	0.591	0.127
0.140	0.513	0.196	0.151
0.180	0.160	0.489	0.170
0.145	0.184	0.531	0.140
0.218	0.238	0.311	0.233
>CCGCAGACAG	20-CCGCAGACAG	8.126081	-18.459144	0	T:56.0(1.87%),B:6.8(0.30%),P:1e-8	Tpos:28.8,Tstd:20.1,Bpos:26.9,Bstd:10.2,StrandBias:-0.2,Multiplicity:1.00
0.026	0.906	0.028	0.040
0.175	0.665	0.054	0.106
0.094	0.081	0.772	0.053
0.040	0.906	0.041	0.013
0.811	0.054	0.054	0.081
0.053	0.107	0.787	0.053
0.706	0.134	0.094	0.066
0.172	0.709	0.066	0.053
0.866	0.026	0.068	0.040
0.013	0.066	0.895	0.026
>TCAGGAATGT	21-TCAGGAATGT	8.007694	-17.836276	0	T:41.0(1.37%),B:2.1(0.09%),P:1e-7	Tpos:38.8,Tstd:20.2,Bpos:39.5,Bstd:14.4,StrandBias:-0.9,Multiplicity:1.00
0.129	0.050	0.187	0.634
0.155	0.588	0.179	0.078
0.788	0.013	0.044	0.155
0.166	0.031	0.727	0.076
0.135	0.107	0.660	0.098
0.713	0.063	0.174	0.050
0.700	0.109	0.025	0.166
0.075	0.031	0.101	0.793
0.044	0.236	0.662	0.058
0.076	0.263	0.075	0.586
>ASKCAGCCAG	22-ASKCAGCCAG	7.519822	-17.585083	0	T:51.0(1.70%),B:5.2(0.23%),P:1e-7	Tpos:43.3,Tstd:19.2,Bpos:38.1,Bstd:14.5,StrandBias:-0.3,Multiplicity:1.00
0.426	0.137	0.227	0.209
0.130	0.302	0.409	0.159
0.006	0.019	0.425	0.550
0.018	0.638	0.343	0.001
0.827	0.001	0.160	0.012
0.001	0.246	0.735	0.018
0.001	0.658	0.013	0.328
0.037	0.655	0.149	0.159
0.729	0.013	0.006	0.252
0.019	0.204	0.538	0.239
>GCCCGAGGGC	23-GCCCGAGGGC	7.678736	-17.318311	0	T:40.0(1.33%),B:2.6(0.12%),P:1e-7	Tpos:33.4,Tstd:21.7,Bpos:60.0,Bstd:0.0,StrandBias:-0.3,Multiplicity:1.00
0.059	0.110	0.772	0.059
0.138	0.481	0.235	0.145
0.038	0.786	0.076	0.100
0.205	0.580	0.062	0.153
0.177	0.201	0.615	0.007
0.642	0.142	0.188	0.028
0.170	0.052	0.754	0.024
0.038	0.170	0.646	0.146
0.038	0.187	0.650	0.125
0.059	0.681	0.205	0.055
>CCGCGGCTGC	24-CCGCGGCTGC	7.306668	-16.970234	0	T:72.0(2.40%),B:13.2(0.59%),P:1e-7	Tpos:37.2,Tstd:20.1,Bpos:8.9,Bstd:18.5,StrandBias:-0.6,Multiplicity:1.07
0.092	0.659	0.133	0.116
0.145	0.615	0.139	0.101
0.067	0.145	0.695	0.093
0.093	0.605	0.189	0.113
0.125	0.099	0.669	0.107
0.052	0.139	0.731	0.078
0.087	0.838	0.072	0.003
0.087	0.139	0.122	0.652
0.058	0.151	0.712	0.079
0.087	0.751	0.098	0.064
>CCATTCAGGC	25-CCATTCAGGC	6.963100	-11.565967	0	T:46.0(1.53%),B:8.8(0.39%),P:1e-5	Tpos:40.6,Tstd:20.0,Bpos:42.4,Bstd:15.2,StrandBias:-0.3,Multiplicity:1.00
0.115	0.678	0.098	0.109
0.126	0.681	0.059	0.134
0.641	0.135	0.114	0.110
0.064	0.088	0.079	0.769
0.095	0.082	0.068	0.755
0.153	0.643	0.090	0.114
0.715	0.095	0.086	0.104
0.104	0.084	0.692	0.120
0.098	0.104	0.664	0.134
0.093	0.688	0.104	0.115
