>CACAGCAGGRRG	1-CACAGCAGGRRG	6.547917	-189.733241	0	T:578.0(19.27%),B:65.7(2.93%),P:1e-82	Tpos:38.7,Tstd:17.9,Bpos:38.1,Bstd:26.5,StrandBias:-0.2,Multiplicity:1.07
0.114	0.806	0.079	0.001
0.488	0.299	0.027	0.186
0.009	0.981	0.009	0.001
0.956	0.001	0.017	0.026
0.043	0.001	0.955	0.001
0.001	0.955	0.001	0.043
0.744	0.001	0.087	0.168
0.001	0.001	0.839	0.159
0.001	0.001	0.997	0.001
0.366	0.141	0.361	0.131
0.322	0.087	0.388	0.202
0.194	0.186	0.426	0.194
>DRRGCMATTARS	2-DRRGCMATTARS	5.567683	-139.869968	0	T:832.0(27.73%),B:221.7(9.87%),P:1e-60	Tpos:37.5,Tstd:17.6,Bpos:36.6,Bstd:21.1,StrandBias:-0.1,Multiplicity:1.14
0.341	0.147	0.302	0.210
0.349	0.136	0.357	0.158
0.495	0.001	0.498	0.005
0.092	0.264	0.549	0.095
0.079	0.544	0.003	0.374
0.433	0.392	0.174	0.001
0.698	0.299	0.001	0.002
0.001	0.001	0.001	0.997
0.001	0.405	0.001	0.593
0.812	0.049	0.008	0.131
0.409	0.144	0.376	0.071
0.199	0.376	0.262	0.163
>TTGCAWWDCAAA	3-TTGCAWWDCAAA	6.312293	-107.181460	0	T:661.0(22.03%),B:175.6(7.82%),P:1e-46	Tpos:36.4,Tstd:18.8,Bpos:37.9,Bstd:19.3,StrandBias:-0.1,Multiplicity:1.11
0.145	0.292	0.069	0.494
0.296	0.001	0.001	0.702
0.177	0.287	0.499	0.037
0.330	0.512	0.005	0.153
0.598	0.171	0.001	0.230
0.415	0.069	0.001	0.515
0.258	0.182	0.180	0.381
0.394	0.029	0.298	0.279
0.001	0.566	0.289	0.144
0.884	0.001	0.001	0.114
0.997	0.001	0.001	0.001
0.641	0.029	0.011	0.319
>CCGCCGCCGCCG	4-CCGCCGCCGCCG	6.112955	-37.281981	0	T:124.0(4.13%),B:15.4(0.69%),P:1e-16	Tpos:36.1,Tstd:20.1,Bpos:46.2,Bstd:27.9,StrandBias:0.1,Multiplicity:1.17
0.001	0.925	0.037	0.037
0.074	0.888	0.037	0.001
0.037	0.001	0.925	0.037
0.001	0.962	0.036	0.001
0.001	0.925	0.037	0.037
0.037	0.037	0.925	0.001
0.001	0.962	0.001	0.036
0.001	0.925	0.037	0.037
0.001	0.001	0.962	0.036
0.001	0.997	0.001	0.001
0.037	0.852	0.074	0.037
0.037	0.037	0.889	0.037
>CCCGGGCCGCGC	5-CCCGGGCCGCGC	9.399710	-29.814457	0	T:68.0(2.27%),B:3.0(0.14%),P:1e-12	Tpos:35.8,Tstd:19.4,Bpos:0.0,Bstd:0.0,StrandBias:0.2,Multiplicity:1.05
0.001	0.997	0.001	0.001
0.050	0.942	0.007	0.001
0.152	0.688	0.109	0.051
0.050	0.108	0.841	0.001
0.001	0.108	0.890	0.001
0.001	0.158	0.840	0.001
0.050	0.689	0.260	0.001
0.001	0.891	0.101	0.007
0.001	0.309	0.689	0.001
0.001	0.847	0.151	0.001
0.001	0.158	0.840	0.001
0.001	0.984	0.014	0.001
>CCTTAACTGMTG	6-CCTTAACTGMTG	7.140080	-21.648315	0	T:69.0(2.30%),B:8.5(0.38%),P:1e-9	Tpos:39.4,Tstd:17.5,Bpos:47.5,Bstd:10.7,StrandBias:0.0,Multiplicity:1.03
0.198	0.398	0.189	0.216
0.272	0.515	0.022	0.191
0.022	0.190	0.022	0.766
0.015	0.169	0.244	0.572
0.431	0.229	0.153	0.187
0.523	0.150	0.150	0.177
0.126	0.489	0.207	0.179
0.317	0.012	0.021	0.650
0.171	0.029	0.631	0.169
0.421	0.360	0.021	0.199
0.037	0.021	0.194	0.748
0.018	0.134	0.590	0.258
>NNNCCTCCCNNN	7-NNNCCTCCCNNN	5.186268	-18.965581	0	T:47.0(1.57%),B:3.8(0.17%),P:1e-8	Tpos:39.4,Tstd:18.0,Bpos:53.9,Bstd:11.1,StrandBias:-0.1,Multiplicity:1.07
0.210	0.239	0.347	0.205
0.224	0.347	0.223	0.206
0.207	0.304	0.282	0.207
0.159	0.471	0.209	0.160
0.157	0.526	0.188	0.129
0.159	0.123	0.199	0.519
0.176	0.548	0.129	0.147
0.166	0.490	0.199	0.145
0.159	0.509	0.177	0.155
0.221	0.333	0.233	0.213
0.199	0.321	0.309	0.172
0.176	0.252	0.283	0.289
>SMTTTTCACTTC	8-SMTTTTCACTTC	9.408678	-18.206791	0	T:49.0(1.63%),B:4.1(0.18%),P:1e-7	Tpos:34.2,Tstd:19.2,Bpos:30.2,Bstd:10.0,StrandBias:0.1,Multiplicity:1.05
0.070	0.454	0.475	0.001
0.488	0.444	0.067	0.001
0.001	0.033	0.001	0.965
0.111	0.001	0.001	0.887
0.344	0.067	0.070	0.519
0.256	0.001	0.001	0.742
0.001	0.932	0.001	0.066
0.655	0.176	0.001	0.168
0.109	0.544	0.001	0.346
0.001	0.335	0.001	0.663
0.001	0.001	0.001	0.997
0.033	0.965	0.001	0.001
