>KCCTTTGT	1-KCCTTTGT	6.079647	-227.267709	0	T:1013.0(33.77%),B:218.9(9.75%),P:1e-98	Tpos:37.2,Tstd:19.5,Bpos:38.7,Bstd:19.4,StrandBias:0.1,Multiplicity:1.16
0.152	0.182	0.290	0.376
0.001	0.496	0.227	0.276
0.059	0.683	0.001	0.257
0.402	0.001	0.001	0.596
0.001	0.023	0.001	0.975
0.001	0.001	0.001	0.997
0.038	0.001	0.960	0.001
0.122	0.001	0.031	0.846
>ACAGCAGG	2-ACAGCAGG	5.887571	-135.171394	0	T:622.0(20.73%),B:126.4(5.63%),P:1e-58	Tpos:38.9,Tstd:19.1,Bpos:33.8,Bstd:31.3,StrandBias:-0.1,Multiplicity:1.07
0.750	0.154	0.045	0.051
0.001	0.997	0.001	0.001
0.943	0.001	0.009	0.047
0.024	0.001	0.974	0.001
0.016	0.937	0.022	0.025
0.822	0.012	0.047	0.119
0.001	0.019	0.928	0.052
0.001	0.001	0.974	0.024
>GCCATTAA	3-GCCATTAA	4.713995	-119.165678	0	T:1334.0(44.47%),B:546.5(24.34%),P:1e-51	Tpos:37.5,Tstd:19.2,Bpos:36.6,Bstd:29.9,StrandBias:0.1,Multiplicity:1.27
0.013	0.390	0.585	0.012
0.014	0.651	0.001	0.334
0.212	0.406	0.199	0.184
0.569	0.278	0.001	0.152
0.001	0.001	0.001	0.997
0.001	0.291	0.001	0.707
0.537	0.230	0.129	0.104
0.678	0.001	0.320	0.001
>ATGCAAAT	4-ATGCAAAT	6.054894	-103.139079	0	T:450.0(15.00%),B:83.5(3.72%),P:1e-44	Tpos:37.3,Tstd:20.0,Bpos:37.1,Bstd:17.6,StrandBias:-0.1,Multiplicity:1.10
0.892	0.027	0.001	0.080
0.001	0.004	0.001	0.994
0.001	0.001	0.935	0.063
0.001	0.889	0.001	0.109
0.805	0.001	0.001	0.193
0.854	0.034	0.069	0.043
0.997	0.001	0.001	0.001
0.037	0.105	0.055	0.803
>YRATTACC	5-YRATTACC	5.015583	-76.260356	0	T:724.0(24.13%),B:253.2(11.28%),P:1e-33	Tpos:36.8,Tstd:19.2,Bpos:36.8,Bstd:22.9,StrandBias:0.1,Multiplicity:1.09
0.001	0.520	0.022	0.457
0.517	0.098	0.371	0.014
0.849	0.006	0.006	0.139
0.040	0.001	0.222	0.737
0.001	0.329	0.001	0.669
0.683	0.024	0.292	0.001
0.115	0.745	0.001	0.139
0.024	0.573	0.022	0.381
>TTGAAAGG	6-TTGAAAGG	6.407808	-53.450711	0	T:437.0(14.57%),B:136.8(6.09%),P:1e-23	Tpos:36.0,Tstd:19.9,Bpos:38.8,Bstd:20.3,StrandBias:-0.2,Multiplicity:1.10
0.134	0.181	0.129	0.556
0.107	0.011	0.001	0.881
0.001	0.341	0.523	0.135
0.997	0.001	0.001	0.001
0.820	0.001	0.178	0.001
0.749	0.002	0.002	0.247
0.001	0.045	0.784	0.170
0.150	0.148	0.701	0.001
>CTCCGCAG	7-CTCCGCAG	6.191378	-44.652613	0	T:281.0(9.37%),B:72.6(3.23%),P:1e-19	Tpos:35.8,Tstd:19.7,Bpos:39.7,Bstd:37.1,StrandBias:0.0,Multiplicity:1.04
0.011	0.901	0.001	0.087
0.001	0.097	0.001	0.901
0.001	0.977	0.021	0.001
0.001	0.693	0.098	0.208
0.165	0.001	0.833	0.001
0.011	0.967	0.011	0.011
0.832	0.087	0.055	0.026
0.011	0.001	0.977	0.011
>CCGGAAYG	8-CCGGAAYG	7.321033	-42.898556	0	T:109.0(3.63%),B:7.1(0.32%),P:1e-18	Tpos:34.0,Tstd:19.4,Bpos:40.8,Bstd:19.8,StrandBias:-0.4,Multiplicity:1.01
0.001	0.896	0.102	0.001
0.153	0.845	0.001	0.001
0.001	0.001	0.997	0.001
0.001	0.001	0.997	0.001
0.789	0.001	0.209	0.001
0.587	0.001	0.310	0.102
0.001	0.528	0.001	0.470
0.001	0.102	0.896	0.001
>CCATCGCC	9-CCATCGCC	6.076018	-41.758341	0	T:260.0(8.67%),B:66.5(2.96%),P:1e-18	Tpos:33.3,Tstd:19.1,Bpos:39.7,Bstd:26.3,StrandBias:0.4,Multiplicity:1.15
0.114	0.721	0.110	0.055
0.051	0.880	0.032	0.037
0.614	0.145	0.181	0.060
0.095	0.165	0.255	0.484
0.037	0.865	0.018	0.080
0.086	0.103	0.717	0.094
0.009	0.877	0.057	0.057
0.033	0.849	0.074	0.044
>CGGCGCGC	10-CGGCGCGC	6.801004	-39.077155	0	T:201.0(6.70%),B:43.3(1.93%),P:1e-16	Tpos:36.2,Tstd:18.6,Bpos:49.7,Bstd:26.3,StrandBias:0.1,Multiplicity:1.36
0.001	0.756	0.242	0.001
0.079	0.101	0.726	0.094
0.001	0.365	0.633	0.001
0.072	0.783	0.144	0.001
0.001	0.001	0.997	0.001
0.001	0.997	0.001	0.001
0.001	0.107	0.891	0.001
0.023	0.822	0.154	0.001
>CCGGTCGC	11-CCGGTCGC	7.331239	-30.940375	0	T:55.0(1.83%),B:0.5(0.02%),P:1e-13	Tpos:39.6,Tstd:20.3,Bpos:23.0,Bstd:0.0,StrandBias:-0.1,Multiplicity:1.08
0.001	0.984	0.014	0.001
0.062	0.815	0.046	0.077
0.046	0.062	0.861	0.031
0.015	0.031	0.923	0.031
0.001	0.400	0.001	0.598
0.014	0.984	0.001	0.001
0.045	0.077	0.877	0.001
0.001	0.984	0.014	0.001
>ACGCGTCG	12-ACGCGTCG	5.787158	-28.933037	0	T:62.0(2.07%),B:2.2(0.10%),P:1e-12	Tpos:37.6,Tstd:19.9,Bpos:44.3,Bstd:11.1,StrandBias:-0.7,Multiplicity:1.02
0.692	0.052	0.130	0.126
0.087	0.800	0.096	0.017
0.017	0.069	0.913	0.001
0.155	0.843	0.001	0.001
0.140	0.087	0.617	0.156
0.017	0.144	0.147	0.692
0.212	0.684	0.035	0.069
0.035	0.153	0.760	0.052
>CGCGTCAC	13-CGCGTCAC	6.410044	-22.996244	0	T:126.0(4.20%),B:29.2(1.30%),P:1e-9	Tpos:39.5,Tstd:20.4,Bpos:36.9,Bstd:30.5,StrandBias:0.4,Multiplicity:1.09
0.002	0.629	0.368	0.001
0.239	0.001	0.755	0.005
0.118	0.656	0.225	0.001
0.003	0.001	0.982	0.014
0.001	0.001	0.213	0.785
0.001	0.607	0.391	0.001
0.715	0.113	0.002	0.170
0.001	0.909	0.089	0.001
>AGGCCGCC	14-AGGCCGCC	6.324021	-21.353610	0	T:196.0(6.53%),B:65.6(2.92%),P:1e-9	Tpos:38.3,Tstd:19.0,Bpos:40.2,Bstd:21.1,StrandBias:-0.2,Multiplicity:1.05
0.706	0.122	0.122	0.050
0.095	0.027	0.837	0.041
0.001	0.094	0.892	0.013
0.027	0.932	0.040	0.001
0.048	0.832	0.072	0.048
0.001	0.001	0.934	0.064
0.001	0.974	0.024	0.001
0.020	0.929	0.050	0.001
>CATGCTGA	15-CATGCTGA	7.606527	-20.024633	0	T:97.0(3.23%),B:21.0(0.93%),P:1e-8	Tpos:36.2,Tstd:19.0,Bpos:49.3,Bstd:17.6,StrandBias:0.1,Multiplicity:1.00
0.001	0.997	0.001	0.001
0.854	0.001	0.001	0.144
0.001	0.001	0.217	0.781
0.001	0.001	0.997	0.001
0.001	0.997	0.001	0.001
0.001	0.001	0.001	0.997
0.001	0.001	0.997	0.001
0.997	0.001	0.001	0.001
>CCGCTCGT	16-CCGCTCGT	5.713612	-15.680445	0	T:103.0(3.43%),B:29.0(1.29%),P:1e-6	Tpos:35.9,Tstd:19.0,Bpos:32.4,Bstd:16.1,StrandBias:0.4,Multiplicity:1.00
0.018	0.692	0.226	0.064
0.086	0.551	0.092	0.271
0.001	0.232	0.617	0.150
0.124	0.853	0.009	0.014
0.170	0.142	0.080	0.608
0.195	0.440	0.277	0.089
0.206	0.138	0.642	0.014
0.018	0.108	0.210	0.664
>GGCCATCT	17-GGCCATCT	10.780072	-10.720572	0	T:27.0(0.90%),B:2.7(0.12%),P:1e-4	Tpos:40.4,Tstd:16.6,Bpos:59.0,Bstd:0.0,StrandBias:-0.2,Multiplicity:1.06
0.001	0.039	0.959	0.001
0.001	0.001	0.997	0.001
0.001	0.997	0.001	0.001
0.001	0.997	0.001	0.001
0.997	0.001	0.001	0.001
0.117	0.001	0.001	0.881
0.001	0.881	0.117	0.001
0.001	0.001	0.001	0.997
