>GAGGCTGAGGNA	6-GAGGCTGAGGNA	5.418129	-15.201872	0	T:491.0(20.07%),B:379.2(14.68%),P:1e-6
0.018	0.210	0.769	0.003
0.681	0.060	0.138	0.121
0.217	0.003	0.621	0.159
0.178	0.102	0.654	0.066
0.213	0.652	0.009	0.126
0.212	0.139	0.021	0.628
0.199	0.133	0.575	0.093
0.659	0.003	0.193	0.145
0.195	0.001	0.795	0.009
0.202	0.018	0.768	0.012
0.273	0.274	0.157	0.296
0.396	0.177	0.219	0.208
