>CAGGCATGGTGG	1-CAGGCATGGTGG	7.622972	-19.727592	0	T:88.0(3.60%),B:29.2(1.13%),P:1e-8
0.068	0.710	0.111	0.111
0.847	0.009	0.126	0.018
0.094	0.051	0.796	0.059
0.052	0.094	0.794	0.060
0.111	0.656	0.119	0.114
0.702	0.103	0.126	0.069
0.119	0.094	0.077	0.710
0.119	0.017	0.770	0.094
0.051	0.120	0.752	0.077
0.136	0.034	0.144	0.686
0.068	0.017	0.821	0.094
0.068	0.059	0.771	0.102
