>TTTTWTTTKAGA	3-TCTMAAAWAAAA	9.542596	-16.774659	0	T:104.0(4.25%),B:44.6(1.73%),P:1e-7
0.001	0.001	0.022	0.976
0.045	0.045	0.125	0.785
0.090	0.001	0.057	0.852
0.081	0.023	0.011	0.885
0.529	0.035	0.023	0.413
0.068	0.012	0.001	0.919
0.103	0.069	0.001	0.827
0.103	0.046	0.011	0.840
0.203	0.001	0.428	0.368
0.704	0.011	0.001	0.284
0.276	0.080	0.530	0.114
0.805	0.024	0.046	0.125
