>NNCATGCCTGTA	8-NNCATGCCTGTA	6.180819	-14.324120	0	T:40.0(1.64%),B:8.9(0.35%),P:1e-6
0.249	0.310	0.204	0.237
0.231	0.191	0.316	0.262
0.181	0.463	0.168	0.187
0.576	0.152	0.114	0.158
0.128	0.088	0.118	0.666
0.168	0.140	0.533	0.159
0.161	0.543	0.139	0.157
0.131	0.611	0.098	0.160
0.165	0.117	0.102	0.616
0.176	0.170	0.466	0.188
0.206	0.156	0.196	0.443
0.459	0.191	0.150	0.200
