>TCTMAAAWAAAA	3-TCTMAAAWAAAA,BestGuess:PB0116.1_Elf3_2/Jaspar(0.785)	9.542596	-16.774659	0	T:104.0(4.25%),B:44.6(1.73%),P:1e-7
0.125	0.046	0.024	0.805
0.114	0.530	0.080	0.276
0.284	0.001	0.011	0.704
0.368	0.428	0.001	0.203
0.840	0.011	0.046	0.103
0.827	0.001	0.069	0.103
0.919	0.001	0.012	0.068
0.413	0.023	0.035	0.529
0.885	0.011	0.023	0.081
0.852	0.057	0.001	0.090
0.785	0.125	0.045	0.045
0.976	0.022	0.001	0.001
