>GARCCCRGGARG	3-GARCCCRGGARG	7.345410	-40.533506	0	T:228.0(14.00%),B:86.3(5.21%),P:1e-17
0.261	0.285	0.453	0.001
0.962	0.012	0.025	0.001
0.388	0.173	0.365	0.074
0.187	0.486	0.277	0.050
0.223	0.638	0.001	0.138
0.274	0.464	0.013	0.249
0.466	0.001	0.459	0.074
0.186	0.001	0.812	0.001
0.036	0.001	0.962	0.001
0.974	0.024	0.001	0.001
0.424	0.001	0.427	0.149
0.161	0.049	0.564	0.226
