>AGGAGRATCACT	4-AGGAGRATCACT,BestGuess:ttk/MA0460.1/Jaspar(0.622)	9.664514	-32.689608	0	T:89.0(5.46%),B:15.0(0.91%),P:1e-14
0.721	0.001	0.277	0.001
0.085	0.120	0.794	0.001
0.162	0.001	0.795	0.042
0.833	0.042	0.002	0.123
0.078	0.002	0.919	0.001
0.514	0.039	0.405	0.042
0.912	0.002	0.084	0.002
0.041	0.001	0.041	0.917
0.081	0.511	0.322	0.086
0.624	0.081	0.137	0.158
0.086	0.786	0.003	0.125
0.048	0.039	0.001	0.912
