>AGTGATYCTCCT	4-AGGAGRATCACT	9.664514	-32.689608	0	T:89.0(5.46%),B:15.0(0.91%),P:1e-14
0.912	0.001	0.039	0.048
0.125	0.003	0.786	0.086
0.158	0.137	0.081	0.624
0.086	0.322	0.511	0.081
0.917	0.041	0.001	0.041
0.002	0.084	0.002	0.912
0.042	0.405	0.039	0.514
0.001	0.919	0.002	0.078
0.123	0.002	0.042	0.833
0.042	0.795	0.001	0.162
0.001	0.794	0.120	0.085
0.001	0.277	0.001	0.721
