>CCCAGTSATTKS	7-CCCAGTSATTKS	6.924082	-28.205002	0	T:179.0(10.99%),B:73.5(4.44%),P:1e-12
0.001	0.950	0.001	0.048
0.073	0.925	0.001	0.001
0.001	0.950	0.001	0.048
0.949	0.001	0.001	0.049
0.049	0.123	0.804	0.024
0.048	0.255	0.200	0.497
0.049	0.350	0.446	0.156
0.725	0.173	0.030	0.072
0.001	0.395	0.028	0.576
0.049	0.129	0.228	0.594
0.151	0.181	0.327	0.341
0.147	0.428	0.327	0.098
