>GCCGGGCGTGGT	8-ACCACGCCCGGC	7.961676	-16.720564	0	T:41.0(2.52%),B:7.0(0.42%),P:1e-7
0.096	0.175	0.609	0.120
0.129	0.568	0.174	0.129
0.178	0.482	0.130	0.210
0.172	0.083	0.583	0.162
0.109	0.074	0.731	0.086
0.110	0.145	0.648	0.097
0.151	0.499	0.206	0.144
0.151	0.161	0.518	0.170
0.102	0.081	0.211	0.606
0.081	0.087	0.706	0.126
0.118	0.133	0.627	0.122
0.175	0.139	0.261	0.426
