>ACCACGCCCGGC	8-ACCACGCCCGGC,BestGuess:Klf12/MA0742.1/Jaspar(0.767)	7.961676	-16.720564	0	T:41.0(2.52%),B:7.0(0.42%),P:1e-7
0.426	0.261	0.139	0.175
0.122	0.627	0.133	0.118
0.126	0.706	0.087	0.081
0.606	0.211	0.081	0.102
0.170	0.518	0.161	0.151
0.144	0.206	0.499	0.151
0.097	0.648	0.145	0.110
0.086	0.731	0.074	0.109
0.162	0.583	0.083	0.172
0.210	0.130	0.482	0.178
0.129	0.174	0.568	0.129
0.120	0.609	0.175	0.096
