>GGAAACCATCAT	18-ATGATGGTTTCC	8.748090	-23.316352	0	T:51.0(1.34%),B:6.1(0.15%),P:1e-10
0.324	0.014	0.508	0.154
0.020	0.242	0.649	0.089
0.805	0.099	0.007	0.089
0.642	0.102	0.232	0.024
0.721	0.133	0.143	0.003
0.174	0.594	0.003	0.229
0.147	0.825	0.014	0.014
0.823	0.072	0.003	0.102
0.253	0.171	0.095	0.481
0.010	0.529	0.291	0.170
0.502	0.157	0.102	0.239
0.092	0.168	0.194	0.546
