>CGGCTCATTGCA	19-CGGCTCATTGCA	9.438233	-23.049619	0	T:53.0(1.39%),B:7.5(0.19%),P:1e-10
0.177	0.498	0.151	0.174
0.218	0.053	0.507	0.222
0.110	0.117	0.606	0.167
0.136	0.627	0.120	0.117
0.108	0.080	0.034	0.778
0.088	0.735	0.103	0.074
0.717	0.139	0.041	0.103
0.091	0.155	0.088	0.666
0.069	0.052	0.107	0.772
0.076	0.122	0.640	0.162
0.103	0.734	0.069	0.094
0.724	0.091	0.034	0.151
