>CCTCAGCCTCCC	3-CCTCAGCCTCCC	9.535175	-111.019393	0	T:452.0(11.84%),B:133.2(3.31%),P:1e-48
0.073	0.745	0.018	0.164
0.019	0.889	0.001	0.091
0.001	0.072	0.001	0.926
0.018	0.796	0.074	0.112
0.603	0.040	0.170	0.187
0.095	0.036	0.850	0.019
0.001	0.782	0.036	0.181
0.055	0.725	0.001	0.219
0.018	0.018	0.001	0.963
0.001	0.691	0.054	0.254
0.001	0.962	0.018	0.019
0.037	0.758	0.018	0.187
