>ATGATGGTTTCC	18-ATGATGGTTTCC,BestGuess:che-1/MA0260.1/Jaspar(0.693)	8.748090	-23.316352	0	T:51.0(1.34%),B:6.1(0.15%),P:1e-10
0.546	0.194	0.168	0.092
0.239	0.102	0.157	0.502
0.170	0.291	0.529	0.010
0.481	0.095	0.171	0.253
0.102	0.003	0.072	0.823
0.014	0.014	0.825	0.147
0.229	0.003	0.594	0.174
0.003	0.143	0.133	0.721
0.024	0.232	0.102	0.642
0.089	0.007	0.099	0.805
0.089	0.649	0.242	0.020
0.154	0.508	0.014	0.324
