>TTCATCCATBTH	21-TTCATCCATBTH,BestGuess:AT/dmmpmm(Papatsenko)/fly(0.682)	8.667584	-17.117360	0	T:57.0(1.49%),B:14.4(0.36%),P:1e-7
0.012	0.299	0.055	0.634
0.171	0.171	0.116	0.542
0.030	0.922	0.018	0.030
0.626	0.037	0.006	0.331
0.164	0.024	0.263	0.549
0.036	0.556	0.140	0.268
0.030	0.660	0.018	0.292
0.653	0.018	0.018	0.311
0.018	0.018	0.037	0.927
0.092	0.329	0.359	0.220
0.012	0.330	0.012	0.646
0.269	0.317	0.073	0.341
