>CCARGGAWGVAG	9-CCARGGAWGVAG	7.096690	-51.931449	0	T:436.0(11.42%),B:213.8(5.32%),P:1e-22
0.007	0.518	0.243	0.232
0.076	0.798	0.001	0.125
0.476	0.245	0.001	0.278
0.433	0.007	0.546	0.014
0.001	0.001	0.854	0.144
0.027	0.048	0.924	0.001
0.554	0.397	0.014	0.035
0.426	0.014	0.134	0.427
0.252	0.021	0.699	0.028
0.312	0.273	0.413	0.001
0.726	0.001	0.161	0.112
0.161	0.028	0.692	0.119
