>CMCABCTVCHCA	15-CMCABCTVCHCA	6.909679	-34.083008	0	T:272.0(7.13%),B:129.3(3.21%),P:1e-14
0.061	0.830	0.048	0.061
0.513	0.426	0.001	0.060
0.060	0.915	0.013	0.012
0.866	0.036	0.049	0.049
0.012	0.346	0.340	0.302
0.369	0.522	0.060	0.049
0.108	0.335	0.012	0.545
0.329	0.344	0.279	0.048
0.066	0.897	0.013	0.024
0.367	0.308	0.012	0.313
0.049	0.540	0.362	0.049
0.639	0.024	0.313	0.024
