>CAGCCTGGGVAA	7-CAGCCTGGGVAA	8.211181	-62.146436	0	T:235.0(6.16%),B:63.5(1.58%),P:1e-26
0.210	0.579	0.129	0.082
0.685	0.026	0.082	0.207
0.080	0.118	0.636	0.166
0.026	0.713	0.231	0.030
0.103	0.866	0.016	0.015
0.234	0.001	0.003	0.762
0.073	0.015	0.801	0.111
0.155	0.007	0.757	0.081
0.122	0.104	0.767	0.007
0.259	0.333	0.227	0.181
0.689	0.130	0.133	0.048
0.564	0.177	0.148	0.111
