>TGGGSAGATCAC	17-GTGATCTSCCCA	8.189738	-26.126628	0	T:44.0(1.15%),B:3.0(0.07%),P:1e-11
0.283	0.212	0.031	0.474
0.178	0.015	0.531	0.276
0.013	0.010	0.946	0.031
0.023	0.175	0.779	0.023
0.250	0.415	0.294	0.041
0.513	0.005	0.209	0.273
0.039	0.167	0.542	0.252
0.397	0.186	0.173	0.245
0.152	0.258	0.031	0.559
0.036	0.647	0.057	0.260
0.587	0.021	0.126	0.266
0.152	0.428	0.258	0.162
