>VADVATTGCTKG	13-VADVATTGCTKG	7.805112	-24.320638	0	T:73.0(3.04%),B:15.3(0.61%),P:1e-10
0.269	0.322	0.376	0.033
0.591	0.053	0.037	0.319
0.319	0.040	0.276	0.365
0.309	0.259	0.346	0.086
0.634	0.097	0.212	0.057
0.053	0.103	0.050	0.794
0.043	0.030	0.379	0.548
0.166	0.272	0.499	0.063
0.040	0.827	0.053	0.080
0.086	0.027	0.020	0.867
0.033	0.017	0.462	0.488
0.179	0.229	0.506	0.086
