>TTTGTATTTGTW	3-TTTGTATTTGTW	7.645220	-50.102915	0	T:350.0(14.57%),B:155.4(6.22%),P:1e-21
0.231	0.060	0.082	0.627
0.322	0.087	0.066	0.525
0.087	0.008	0.056	0.849
0.164	0.060	0.604	0.172
0.044	0.030	0.027	0.899
0.799	0.072	0.061	0.068
0.046	0.016	0.027	0.911
0.073	0.025	0.041	0.861
0.044	0.003	0.011	0.942
0.153	0.149	0.475	0.223
0.161	0.093	0.087	0.659
0.392	0.087	0.136	0.384
