>ATTTCAAGATGA	17-ATTTCAAGATGA	9.452996	-14.074156	0	T:40.0(1.66%),B:8.4(0.33%),P:1e-6
0.830	0.034	0.068	0.068
0.186	0.068	0.105	0.641
0.034	0.034	0.001	0.931
0.068	0.071	0.068	0.793
0.037	0.827	0.034	0.102
0.863	0.034	0.001	0.102
0.931	0.001	0.034	0.034
0.139	0.078	0.749	0.034
0.863	0.001	0.034	0.102
0.102	0.003	0.034	0.861
0.102	0.034	0.863	0.001
0.894	0.001	0.068	0.037
