>TATWTWTTAAAT	15-TATWTWTTAAAT	8.069269	-19.193168	0	T:196.0(8.16%),B:105.3(4.21%),P:1e-8
0.188	0.182	0.001	0.629
0.913	0.001	0.085	0.001
0.065	0.001	0.001	0.933
0.375	0.061	0.066	0.498
0.112	0.041	0.061	0.786
0.498	0.001	0.050	0.451
0.244	0.111	0.096	0.549
0.198	0.091	0.046	0.665
0.589	0.152	0.127	0.132
0.619	0.001	0.001	0.379
0.595	0.177	0.051	0.177
0.001	0.101	0.071	0.827
