>TKTAATCCCAGC	1-TKTAATCCCAGC	5.953221	-84.434117	0	T:559.0(23.26%),B:247.8(9.91%),P:1e-36
0.177	0.120	0.019	0.684
0.185	0.117	0.410	0.287
0.167	0.236	0.162	0.436
0.428	0.218	0.205	0.149
0.636	0.087	0.066	0.211
0.157	0.157	0.113	0.573
0.130	0.650	0.068	0.152
0.120	0.609	0.007	0.264
0.001	0.985	0.001	0.013
0.853	0.001	0.040	0.106
0.073	0.104	0.630	0.193
0.002	0.735	0.106	0.157
