>TCDGCCTCCCAA	2-TCDGCCTCCCAA	7.161073	-56.888119	0	T:299.0(12.44%),B:109.2(4.37%),P:1e-24
0.032	0.096	0.016	0.856
0.032	0.654	0.047	0.267
0.338	0.121	0.285	0.256
0.038	0.064	0.787	0.111
0.016	0.871	0.001	0.112
0.016	0.920	0.016	0.048
0.016	0.016	0.001	0.967
0.001	0.983	0.015	0.001
0.001	0.982	0.001	0.016
0.126	0.810	0.001	0.063
0.706	0.128	0.054	0.112
0.639	0.079	0.203	0.079
