>TKTAATCCCAGC	1-TKTAATCCCAGC	5.953221	-84.434117	0	T:559.0(23.26%),B:247.8(9.91%),P:1e-36	Tpos:36.9,Tstd:19.0,Bpos:37.1,Bstd:21.1,StrandBias:-0.2,Multiplicity:1.11
0.177	0.120	0.019	0.684
0.185	0.117	0.410	0.287
0.167	0.236	0.162	0.436
0.428	0.218	0.205	0.149
0.636	0.087	0.066	0.211
0.157	0.157	0.113	0.573
0.130	0.650	0.068	0.152
0.120	0.609	0.007	0.264
0.001	0.985	0.001	0.013
0.853	0.001	0.040	0.106
0.073	0.104	0.630	0.193
0.002	0.735	0.106	0.157
>TCDGCCTCCCAA	2-TCDGCCTCCCAA	7.161073	-56.888119	0	T:299.0(12.44%),B:109.2(4.37%),P:1e-24	Tpos:37.0,Tstd:18.8,Bpos:36.3,Bstd:20.8,StrandBias:-0.5,Multiplicity:1.13
0.032	0.096	0.016	0.856
0.032	0.654	0.047	0.267
0.338	0.121	0.285	0.256
0.038	0.064	0.787	0.111
0.016	0.871	0.001	0.112
0.016	0.920	0.016	0.048
0.016	0.016	0.001	0.967
0.001	0.983	0.015	0.001
0.001	0.982	0.001	0.016
0.126	0.810	0.001	0.063
0.706	0.128	0.054	0.112
0.639	0.079	0.203	0.079
>TTTGTATTTGTW	3-TTTGTATTTGTW	7.645220	-50.102915	0	T:350.0(14.57%),B:155.4(6.22%),P:1e-21	Tpos:39.6,Tstd:19.0,Bpos:38.5,Bstd:19.4,StrandBias:0.2,Multiplicity:1.15
0.231	0.060	0.082	0.627
0.322	0.087	0.066	0.525
0.087	0.008	0.056	0.849
0.164	0.060	0.604	0.172
0.044	0.030	0.027	0.899
0.799	0.072	0.061	0.068
0.046	0.016	0.027	0.911
0.073	0.025	0.041	0.861
0.044	0.003	0.011	0.942
0.153	0.149	0.475	0.223
0.161	0.093	0.087	0.659
0.392	0.087	0.136	0.384
>CTCWGTCTCCCA	4-CTCWGTCTCCCA	9.613679	-47.909301	0	T:173.0(7.20%),B:44.8(1.79%),P:1e-20	Tpos:41.4,Tstd:19.8,Bpos:31.6,Bstd:21.2,StrandBias:-0.6,Multiplicity:1.02
0.001	0.997	0.001	0.001
0.147	0.049	0.001	0.803
0.001	0.640	0.212	0.147
0.447	0.054	0.001	0.498
0.001	0.001	0.890	0.108
0.001	0.304	0.103	0.592
0.001	0.730	0.001	0.268
0.176	0.001	0.022	0.801
0.001	0.700	0.294	0.005
0.001	0.950	0.001	0.048
0.048	0.950	0.001	0.001
0.754	0.098	0.147	0.001
>KTAGCTGGGACT	5-KTAGCTGGGACT	7.882074	-44.379722	0	T:175.0(7.28%),B:49.9(2.00%),P:1e-19	Tpos:34.2,Tstd:21.6,Bpos:35.6,Bstd:22.2,StrandBias:-0.2,Multiplicity:1.01
0.004	0.001	0.515	0.480
0.094	0.134	0.049	0.723
0.772	0.001	0.178	0.049
0.001	0.088	0.910	0.001
0.178	0.820	0.001	0.001
0.134	0.134	0.001	0.731
0.044	0.001	0.954	0.001
0.001	0.003	0.995	0.001
0.097	0.001	0.901	0.001
0.564	0.182	0.094	0.160
0.271	0.510	0.213	0.006
0.134	0.045	0.001	0.820
>WAAATATTTTWW	6-WAAATATTTTWW	8.109855	-39.655198	0	T:260.0(10.82%),B:110.4(4.42%),P:1e-17	Tpos:38.5,Tstd:19.6,Bpos:38.2,Bstd:17.1,StrandBias:-0.1,Multiplicity:1.06
0.405	0.080	0.233	0.282
0.582	0.120	0.016	0.282
0.719	0.001	0.152	0.128
0.541	0.121	0.177	0.161
0.001	0.031	0.001	0.967
0.983	0.015	0.001	0.001
0.193	0.001	0.001	0.805
0.001	0.016	0.016	0.967
0.001	0.001	0.001	0.997
0.154	0.209	0.129	0.508
0.387	0.226	0.080	0.307
0.331	0.145	0.104	0.420
>GAGAATCGCTTG	7-GAGAATCGCTTG	1.398842	-39.149416	0	T:145.0(6.03%),B:38.0(1.52%),P:1e-17	Tpos:37.4,Tstd:15.1,Bpos:30.3,Bstd:21.5,StrandBias:0.1,Multiplicity:1.01
0.001	0.001	0.997	0.001
0.589	0.109	0.001	0.301
0.001	0.001	0.997	0.001
0.997	0.001	0.001	0.001
0.647	0.001	0.001	0.351
0.001	0.337	0.001	0.661
0.001	0.997	0.001	0.001
0.001	0.001	0.638	0.360
0.001	0.997	0.001	0.001
0.001	0.351	0.001	0.647
0.001	0.001	0.001	0.997
0.001	0.001	0.997	0.001
>ACYCCATCTCTA	8-ACYCCATCTCTA	8.037792	-37.343379	0	T:117.0(4.87%),B:25.7(1.03%),P:1e-16	Tpos:36.9,Tstd:20.4,Bpos:42.6,Bstd:19.0,StrandBias:0.2,Multiplicity:1.00
0.866	0.089	0.001	0.044
0.001	0.772	0.001	0.226
0.001	0.552	0.001	0.446
0.089	0.643	0.134	0.134
0.089	0.675	0.001	0.235
0.557	0.089	0.353	0.001
0.001	0.001	0.001	0.997
0.001	0.954	0.044	0.001
0.001	0.001	0.001	0.997
0.089	0.777	0.045	0.089
0.129	0.001	0.001	0.869
0.861	0.001	0.001	0.137
>GTGGCTCATGCC	9-GTGGCTCATGCC	8.350715	-35.336361	0	T:88.0(3.66%),B:13.9(0.56%),P:1e-15	Tpos:35.1,Tstd:16.5,Bpos:33.3,Bstd:25.0,StrandBias:-0.5,Multiplicity:1.00
0.085	0.042	0.872	0.001
0.042	0.001	0.001	0.956
0.086	0.001	0.871	0.042
0.001	0.001	0.913	0.085
0.001	0.572	0.085	0.342
0.133	0.043	0.299	0.525
0.001	0.956	0.001	0.042
0.913	0.042	0.044	0.001
0.002	0.279	0.001	0.718
0.001	0.043	0.913	0.043
0.001	0.997	0.001	0.001
0.128	0.870	0.001	0.001
>GRNKGCAGKRDB	10-GRNKGCAGKRDB	8.398616	-33.985455	0	T:145.0(6.03%),B:44.4(1.78%),P:1e-14	Tpos:38.9,Tstd:19.6,Bpos:35.9,Bstd:22.5,StrandBias:0.5,Multiplicity:1.13
0.284	0.053	0.434	0.229
0.458	0.001	0.540	0.001
0.256	0.312	0.188	0.243
0.068	0.001	0.496	0.435
0.001	0.001	0.997	0.001
0.001	0.997	0.001	0.001
0.997	0.001	0.001	0.001
0.001	0.001	0.997	0.001
0.214	0.013	0.417	0.356
0.387	0.226	0.387	0.001
0.309	0.066	0.355	0.269
0.040	0.390	0.313	0.257
>THHTGTATTTTT	11-THHTGTATTTTT	9.060302	-33.182304	0	T:133.0(5.53%),B:38.6(1.54%),P:1e-14	Tpos:39.0,Tstd:19.8,Bpos:38.9,Bstd:20.0,StrandBias:-0.7,Multiplicity:1.00
0.092	0.129	0.264	0.515
0.197	0.337	0.129	0.337
0.362	0.300	0.001	0.337
0.001	0.001	0.001	0.997
0.001	0.001	0.997	0.001
0.001	0.001	0.054	0.944
0.997	0.001	0.001	0.001
0.001	0.073	0.018	0.908
0.001	0.001	0.036	0.962
0.068	0.129	0.153	0.650
0.202	0.202	0.074	0.522
0.264	0.221	0.074	0.442
>TATGTTGCCCAG	12-TATGTTGCCCAG	11.404634	-24.808584	0	T:61.0(2.54%),B:9.7(0.39%),P:1e-10	Tpos:38.9,Tstd:19.4,Bpos:36.7,Bstd:29.2,StrandBias:0.4,Multiplicity:1.00
0.037	0.262	0.001	0.700
0.728	0.160	0.075	0.037
0.001	0.001	0.036	0.962
0.036	0.001	0.962	0.001
0.001	0.036	0.001	0.962
0.001	0.001	0.001	0.997
0.001	0.001	0.997	0.001
0.001	0.925	0.037	0.037
0.001	0.962	0.001	0.036
0.001	0.962	0.001	0.036
0.962	0.001	0.036	0.001
0.001	0.036	0.962	0.001
>VADVATTGCTKG	13-VADVATTGCTKG	7.805112	-24.320638	0	T:73.0(3.04%),B:15.3(0.61%),P:1e-10	Tpos:31.7,Tstd:17.6,Bpos:35.0,Bstd:16.5,StrandBias:0.0,Multiplicity:1.00
0.269	0.322	0.376	0.033
0.591	0.053	0.037	0.319
0.319	0.040	0.276	0.365
0.309	0.259	0.346	0.086
0.634	0.097	0.212	0.057
0.053	0.103	0.050	0.794
0.043	0.030	0.379	0.548
0.166	0.272	0.499	0.063
0.040	0.827	0.053	0.080
0.086	0.027	0.020	0.867
0.033	0.017	0.462	0.488
0.179	0.229	0.506	0.086
>GKGARCCAAGAT	14-GKGARCCAAGAT	7.391086	-22.752340	0	T:74.0(3.08%),B:17.7(0.71%),P:1e-9	Tpos:33.3,Tstd:20.1,Bpos:45.0,Bstd:21.1,StrandBias:0.9,Multiplicity:1.00
0.001	0.001	0.997	0.001
0.001	0.001	0.433	0.565
0.185	0.185	0.414	0.216
0.997	0.001	0.001	0.001
0.436	0.216	0.348	0.001
0.001	0.968	0.001	0.030
0.001	0.968	0.001	0.030
0.914	0.032	0.053	0.001
0.968	0.030	0.001	0.001
0.248	0.001	0.750	0.001
0.997	0.001	0.001	0.001
0.215	0.001	0.001	0.783
>TATWTWTTAAAT	15-TATWTWTTAAAT	8.069269	-19.193168	0	T:196.0(8.16%),B:105.3(4.21%),P:1e-8	Tpos:33.2,Tstd:19.5,Bpos:38.5,Bstd:19.6,StrandBias:-0.0,Multiplicity:1.14
0.188	0.182	0.001	0.629
0.913	0.001	0.085	0.001
0.065	0.001	0.001	0.933
0.375	0.061	0.066	0.498
0.112	0.041	0.061	0.786
0.498	0.001	0.050	0.451
0.244	0.111	0.096	0.549
0.198	0.091	0.046	0.665
0.589	0.152	0.127	0.132
0.619	0.001	0.001	0.379
0.595	0.177	0.051	0.177
0.001	0.101	0.071	0.827
>ATTATTATCATT	16-ATTATTATCATT	9.741372	-14.107542	0	T:44.0(1.83%),B:10.8(0.43%),P:1e-6	Tpos:38.1,Tstd:17.4,Bpos:47.6,Bstd:19.7,StrandBias:1.0,Multiplicity:1.03
0.826	0.001	0.001	0.172
0.057	0.001	0.057	0.885
0.230	0.001	0.187	0.582
0.869	0.001	0.129	0.001
0.172	0.001	0.001	0.826
0.001	0.186	0.001	0.812
0.997	0.001	0.001	0.001
0.057	0.001	0.001	0.941
0.015	0.836	0.001	0.148
0.884	0.001	0.001	0.114
0.001	0.001	0.001	0.997
0.001	0.286	0.001	0.712
>ATTTCAAGATGA	17-ATTTCAAGATGA	9.452996	-14.074156	0	T:40.0(1.66%),B:8.4(0.33%),P:1e-6	Tpos:39.4,Tstd:18.6,Bpos:29.7,Bstd:14.7,StrandBias:0.4,Multiplicity:1.00
0.830	0.034	0.068	0.068
0.186	0.068	0.105	0.641
0.034	0.034	0.001	0.931
0.068	0.071	0.068	0.793
0.037	0.827	0.034	0.102
0.863	0.034	0.001	0.102
0.931	0.001	0.034	0.034
0.139	0.078	0.749	0.034
0.863	0.001	0.034	0.102
0.102	0.003	0.034	0.861
0.102	0.034	0.863	0.001
0.894	0.001	0.068	0.037
