>AGCTGGGATT	1-AGCTGGGATT	6.695212	-82.830109	0	T:425.0(17.69%),B:155.6(6.22%),P:1e-35	Tpos:35.7,Tstd:20.8,Bpos:36.5,Bstd:22.9,StrandBias:-0.1,Multiplicity:1.06
0.804	0.023	0.023	0.150
0.034	0.034	0.909	0.023
0.292	0.661	0.046	0.001
0.011	0.224	0.001	0.764
0.101	0.001	0.897	0.001
0.340	0.011	0.648	0.001
0.156	0.001	0.832	0.011
0.662	0.011	0.222	0.105
0.154	0.118	0.054	0.674
0.127	0.226	0.023	0.624
>AAAATAWAWW	2-AAAATAWAWW	6.880509	-75.019462	0	T:625.0(26.01%),B:315.9(12.64%),P:1e-32	Tpos:38.1,Tstd:19.6,Bpos:38.5,Bstd:18.5,StrandBias:-0.3,Multiplicity:1.30
0.473	0.154	0.185	0.187
0.997	0.001	0.001	0.001
0.759	0.001	0.059	0.181
0.853	0.001	0.145	0.001
0.001	0.287	0.001	0.711
0.902	0.001	0.096	0.001
0.388	0.168	0.122	0.322
0.579	0.211	0.001	0.209
0.568	0.001	0.001	0.430
0.461	0.211	0.001	0.326
>CYTGGGAGRB	3-CYTGGGAGRB	4.833823	-75.005394	0	T:958.0(39.87%),B:599.8(23.99%),P:1e-32	Tpos:37.6,Tstd:19.9,Bpos:36.2,Bstd:23.8,StrandBias:0.3,Multiplicity:1.45
0.009	0.630	0.234	0.127
0.105	0.410	0.037	0.447
0.186	0.075	0.278	0.461
0.064	0.001	0.808	0.127
0.041	0.004	0.944	0.011
0.247	0.244	0.508	0.001
0.535	0.100	0.051	0.314
0.210	0.080	0.488	0.222
0.403	0.037	0.437	0.123
0.084	0.354	0.293	0.269
>AYCATSTTGG	4-AYCATSTTGG	7.094395	-53.390968	0	T:172.0(7.16%),B:38.6(1.54%),P:1e-23	Tpos:36.6,Tstd:20.4,Bpos:39.0,Bstd:24.4,StrandBias:0.0,Multiplicity:1.01
0.666	0.036	0.187	0.111
0.092	0.464	0.035	0.408
0.036	0.681	0.194	0.089
0.910	0.053	0.018	0.019
0.054	0.054	0.035	0.857
0.018	0.520	0.461	0.001
0.018	0.088	0.070	0.824
0.036	0.053	0.035	0.876
0.179	0.001	0.749	0.071
0.196	0.215	0.518	0.071
>GTGATYCTCC	5-GTGATYCTCC	6.762138	-44.031053	0	T:203.0(8.45%),B:66.1(2.65%),P:1e-19	Tpos:35.8,Tstd:17.0,Bpos:34.3,Bstd:25.1,StrandBias:-0.1,Multiplicity:1.03
0.050	0.114	0.810	0.026
0.064	0.288	0.014	0.634
0.190	0.026	0.771	0.013
0.885	0.038	0.063	0.014
0.013	0.025	0.377	0.585
0.064	0.500	0.039	0.397
0.152	0.760	0.001	0.087
0.162	0.163	0.075	0.600
0.038	0.719	0.063	0.180
0.076	0.658	0.125	0.141
>HTYTACTTTC	6-HTYTACTTTC	7.167756	-41.792370	0	T:190.0(7.91%),B:61.5(2.46%),P:1e-18	Tpos:37.4,Tstd:19.9,Bpos:37.2,Bstd:16.4,StrandBias:0.3,Multiplicity:1.08
0.293	0.283	0.110	0.314
0.109	0.200	0.001	0.690
0.146	0.418	0.158	0.279
0.001	0.059	0.001	0.939
0.676	0.189	0.001	0.134
0.102	0.655	0.001	0.242
0.084	0.169	0.001	0.746
0.085	0.001	0.001	0.913
0.001	0.001	0.110	0.888
0.137	0.446	0.266	0.151
>CAGGCTGGTB	7-CAGGCTGGTB	8.136007	-37.854373	0	T:170.0(7.07%),B:54.9(2.20%),P:1e-16	Tpos:36.8,Tstd:17.8,Bpos:34.7,Bstd:20.2,StrandBias:0.2,Multiplicity:1.00
0.192	0.806	0.001	0.001
0.885	0.001	0.057	0.057
0.001	0.001	0.997	0.001
0.001	0.001	0.997	0.001
0.197	0.563	0.235	0.005
0.177	0.001	0.172	0.650
0.057	0.001	0.941	0.001
0.057	0.001	0.812	0.130
0.316	0.001	0.001	0.682
0.001	0.374	0.259	0.365
>GGCYGGGCGS	8-GGCYGGGCGS	6.685783	-36.114621	0	T:225.0(9.36%),B:92.1(3.68%),P:1e-15	Tpos:35.0,Tstd:20.1,Bpos:30.8,Bstd:24.1,StrandBias:0.4,Multiplicity:1.04
0.210	0.145	0.454	0.191
0.001	0.246	0.752	0.001
0.014	0.750	0.235	0.001
0.117	0.444	0.001	0.439
0.043	0.001	0.927	0.029
0.001	0.001	0.997	0.001
0.029	0.074	0.896	0.001
0.130	0.522	0.116	0.232
0.248	0.179	0.457	0.117
0.058	0.339	0.454	0.150
>GGSTGCWGTG	9-GGSTGCWGTG	8.346863	-35.518172	0	T:155.0(6.45%),B:48.3(1.93%),P:1e-15	Tpos:36.0,Tstd:19.6,Bpos:34.6,Bstd:22.4,StrandBias:0.1,Multiplicity:1.14
0.001	0.001	0.922	0.076
0.390	0.001	0.608	0.001
0.001	0.460	0.320	0.219
0.001	0.001	0.001	0.997
0.001	0.001	0.769	0.229
0.001	0.846	0.001	0.152
0.398	0.001	0.226	0.375
0.001	0.074	0.924	0.001
0.001	0.001	0.001	0.997
0.074	0.001	0.924	0.001
>AATAAATGTT	10-AATAAATGTT	7.101908	-32.808888	0	T:328.0(13.65%),B:174.5(6.98%),P:1e-14	Tpos:35.0,Tstd:20.3,Bpos:38.0,Bstd:20.7,StrandBias:-0.1,Multiplicity:1.09
0.563	0.028	0.042	0.367
0.757	0.001	0.001	0.241
0.097	0.156	0.114	0.633
0.826	0.001	0.172	0.001
0.887	0.001	0.111	0.001
0.971	0.001	0.001	0.027
0.056	0.085	0.001	0.858
0.237	0.016	0.705	0.042
0.290	0.001	0.044	0.665
0.327	0.015	0.143	0.515
>GAGGAAGGCA	11-GAGGAAGGCA	9.013163	-30.621231	0	T:63.0(2.62%),B:6.2(0.25%),P:1e-13	Tpos:39.3,Tstd:21.7,Bpos:52.2,Bstd:2.0,StrandBias:0.1,Multiplicity:1.02
0.383	0.001	0.615	0.001
0.642	0.001	0.356	0.001
0.001	0.001	0.997	0.001
0.001	0.147	0.851	0.001
0.765	0.164	0.070	0.001
0.641	0.001	0.357	0.001
0.001	0.001	0.997	0.001
0.001	0.001	0.625	0.373
0.191	0.807	0.001	0.001
0.710	0.079	0.140	0.071
>CATGCATGAG	12-CATGCATGAG	7.933316	-28.343016	0	T:62.0(2.58%),B:7.2(0.29%),P:1e-12	Tpos:35.9,Tstd:19.5,Bpos:35.6,Bstd:17.7,StrandBias:0.6,Multiplicity:1.03
0.057	0.805	0.081	0.057
0.862	0.092	0.012	0.034
0.057	0.024	0.140	0.779
0.080	0.069	0.804	0.047
0.092	0.758	0.047	0.103
0.850	0.092	0.024	0.034
0.137	0.011	0.070	0.782
0.069	0.080	0.802	0.049
0.794	0.011	0.034	0.161
0.138	0.047	0.781	0.034
>AGAGATGGGG	13-AGAGATGGGG	9.156941	-28.109949	0	T:84.0(3.50%),B:17.8(0.71%),P:1e-12	Tpos:33.7,Tstd:20.1,Bpos:40.3,Bstd:4.8,StrandBias:0.8,Multiplicity:1.00
0.599	0.001	0.074	0.326
0.001	0.258	0.740	0.001
0.997	0.001	0.001	0.001
0.001	0.074	0.851	0.074
0.997	0.001	0.001	0.001
0.001	0.148	0.001	0.850
0.001	0.001	0.997	0.001
0.293	0.156	0.550	0.001
0.001	0.001	0.700	0.298
0.001	0.001	0.997	0.001
>AGCCACTGCG	14-AGCCACTGCG	7.838364	-26.355018	0	T:96.0(4.00%),B:25.7(1.03%),P:1e-11	Tpos:34.2,Tstd:18.7,Bpos:43.8,Bstd:12.1,StrandBias:0.6,Multiplicity:1.02
0.859	0.070	0.001	0.070
0.186	0.004	0.809	0.001
0.070	0.675	0.110	0.145
0.040	0.890	0.035	0.035
0.890	0.001	0.070	0.039
0.001	0.964	0.001	0.034
0.074	0.036	0.001	0.889
0.001	0.001	0.964	0.034
0.107	0.620	0.004	0.269
0.247	0.216	0.533	0.004
>TGAACCCAGG	15-TGAACCCAGG	7.011055	-26.070965	0	T:166.0(6.91%),B:69.6(2.78%),P:1e-11	Tpos:37.0,Tstd:18.0,Bpos:38.8,Bstd:22.0,StrandBias:0.2,Multiplicity:1.01
0.356	0.019	0.043	0.582
0.056	0.062	0.820	0.062
0.829	0.044	0.071	0.056
0.443	0.140	0.266	0.150
0.077	0.537	0.317	0.069
0.059	0.579	0.056	0.306
0.068	0.610	0.025	0.297
0.738	0.043	0.120	0.099
0.278	0.031	0.660	0.031
0.168	0.298	0.497	0.037
>CTAAGTAATT	16-CTAAGTAATT	8.553459	-25.136462	0	T:46.0(1.91%),B:3.7(0.15%),P:1e-10	Tpos:37.5,Tstd:20.9,Bpos:38.9,Bstd:5.8,StrandBias:-0.8,Multiplicity:1.00
0.045	0.915	0.001	0.039
0.414	0.001	0.001	0.584
0.683	0.197	0.039	0.081
0.920	0.001	0.001	0.078
0.001	0.038	0.960	0.001
0.130	0.281	0.001	0.588
0.876	0.084	0.039	0.001
0.875	0.123	0.001	0.001
0.044	0.001	0.001	0.954
0.078	0.001	0.084	0.837
>GTGGYCTTGA	17-GTGGYCTTGA	7.185068	-24.808584	0	T:61.0(2.54%),B:10.0(0.40%),P:1e-10	Tpos:38.1,Tstd:20.5,Bpos:38.2,Bstd:16.2,StrandBias:0.7,Multiplicity:1.00
0.121	0.257	0.532	0.090
0.217	0.051	0.127	0.605
0.217	0.005	0.611	0.167
0.187	0.116	0.480	0.218
0.045	0.419	0.101	0.435
0.045	0.768	0.001	0.186
0.171	0.055	0.001	0.773
0.176	0.001	0.126	0.697
0.001	0.141	0.788	0.070
0.591	0.101	0.202	0.106
>TCTTCCCATC	18-TCTTCCCATC	9.178238	-22.926074	0	T:32.0(1.33%),B:0.5(0.02%),P:1e-9	Tpos:40.4,Tstd:18.7,Bpos:34.0,Bstd:0.0,StrandBias:-0.1,Multiplicity:1.00
0.001	0.001	0.069	0.929
0.139	0.791	0.001	0.069
0.001	0.001	0.001	0.997
0.001	0.001	0.138	0.860
0.022	0.676	0.001	0.301
0.069	0.791	0.001	0.139
0.001	0.929	0.001	0.069
0.997	0.001	0.001	0.001
0.001	0.113	0.001	0.885
0.001	0.861	0.069	0.069
>TAGTCATTAT	19-TAGTCATTAT	7.884004	-22.824440	0	T:62.0(2.58%),B:11.1(0.44%),P:1e-9	Tpos:33.8,Tstd:17.4,Bpos:43.7,Bstd:15.2,StrandBias:0.8,Multiplicity:1.02
0.072	0.036	0.036	0.856
0.788	0.012	0.047	0.153
0.130	0.070	0.730	0.070
0.023	0.035	0.071	0.871
0.187	0.690	0.036	0.087
0.875	0.047	0.001	0.077
0.035	0.048	0.106	0.811
0.070	0.094	0.091	0.745
0.788	0.048	0.070	0.094
0.056	0.048	0.035	0.861
>CATGYTACTT	20-CATGYTACTT	8.210827	-22.613933	0	T:45.0(1.87%),B:5.0(0.20%),P:1e-9	Tpos:37.2,Tstd:19.5,Bpos:46.9,Bstd:8.0,StrandBias:0.9,Multiplicity:1.02
0.046	0.589	0.309	0.056
0.997	0.001	0.001	0.001
0.406	0.001	0.001	0.592
0.001	0.001	0.997	0.001
0.001	0.393	0.208	0.399
0.001	0.001	0.001	0.997
0.997	0.001	0.001	0.001
0.001	0.997	0.001	0.001
0.001	0.022	0.001	0.976
0.276	0.023	0.001	0.700
>ACATGGTAGA	21-ACATGGTAGA	7.878565	-17.966318	0	T:35.0(1.46%),B:3.3(0.13%),P:1e-7	Tpos:33.4,Tstd:18.1,Bpos:28.2,Bstd:6.2,StrandBias:0.6,Multiplicity:1.00
0.768	0.065	0.116	0.051
0.081	0.771	0.067	0.081
0.865	0.051	0.049	0.035
0.130	0.033	0.049	0.788
0.114	0.001	0.818	0.067
0.081	0.098	0.754	0.067
0.130	0.100	0.065	0.705
0.934	0.001	0.016	0.049
0.065	0.049	0.788	0.098
0.833	0.065	0.035	0.067
>TCTAAGACAT	22-TCTAAGACAT	10.246797	-16.455909	0	T:23.0(0.96%),B:0.7(0.03%),P:1e-7	Tpos:33.6,Tstd:16.0,Bpos:0.0,Bstd:0.0,StrandBias:0.5,Multiplicity:1.00
0.001	0.070	0.001	0.928
0.001	0.928	0.070	0.001
0.071	0.071	0.001	0.857
0.857	0.001	0.071	0.071
0.997	0.001	0.001	0.001
0.001	0.001	0.997	0.001
0.928	0.001	0.001	0.070
0.071	0.715	0.143	0.071
0.857	0.071	0.001	0.071
0.001	0.001	0.001	0.997
>CTTTGTTCTC	23-CTTTGTTCTC	8.202069	-16.077209	0	T:37.0(1.54%),B:5.8(0.23%),P:1e-6	Tpos:38.2,Tstd:19.9,Bpos:6.0,Bstd:0.0,StrandBias:-0.7,Multiplicity:1.00
0.298	0.627	0.038	0.037
0.078	0.047	0.149	0.726
0.037	0.215	0.032	0.716
0.047	0.028	0.093	0.832
0.172	0.299	0.460	0.069
0.042	0.191	0.196	0.571
0.056	0.048	0.048	0.848
0.010	0.618	0.157	0.215
0.028	0.321	0.029	0.622
0.041	0.611	0.248	0.100
>WGGTATATAC	24-WGGTATATAC	10.320604	-12.868910	0	T:18.0(0.75%),B:0.5(0.02%),P:1e-5	Tpos:32.6,Tstd:12.9,Bpos:42.0,Bstd:0.0,StrandBias:-0.2,Multiplicity:1.00
0.485	0.001	0.107	0.406
0.104	0.001	0.625	0.270
0.001	0.001	0.997	0.001
0.001	0.001	0.001	0.997
0.997	0.001	0.001	0.001
0.001	0.025	0.270	0.704
0.626	0.135	0.135	0.104
0.001	0.001	0.001	0.997
0.997	0.001	0.001	0.001
0.001	0.997	0.001	0.001
>ASNKKGGTCG	25-ASNKKGGTCG	5.036323	-7.429632	0	T:70.0(2.91%),B:38.5(1.54%),P:1e-3	Tpos:40.8,Tstd:17.5,Bpos:40.2,Bstd:20.0,StrandBias:0.4,Multiplicity:1.08
0.406	0.225	0.232	0.136
0.022	0.410	0.327	0.240
0.217	0.296	0.251	0.237
0.076	0.196	0.317	0.412
0.061	0.066	0.402	0.471
0.003	0.244	0.746	0.007
0.012	0.335	0.614	0.039
0.192	0.151	0.057	0.600
0.196	0.591	0.206	0.007
0.148	0.233	0.538	0.081
