>MACCCASC	1-MACCCASC	6.009380	-92.661351	0	T:647.0(26.92%),B:299.9(12.00%),P:1e-40	Tpos:34.7,Tstd:20.7,Bpos:37.4,Bstd:25.8,StrandBias:0.0,Multiplicity:1.05
0.400	0.465	0.001	0.134
0.501	0.001	0.222	0.276
0.001	0.997	0.001	0.001
0.001	0.997	0.001	0.001
0.001	0.997	0.001	0.001
0.997	0.001	0.001	0.001
0.144	0.432	0.423	0.001
0.001	0.562	0.402	0.035
>WATATTTW	2-WATATTTW	5.920825	-80.218642	0	T:778.0(32.38%),B:429.5(17.18%),P:1e-34	Tpos:37.8,Tstd:20.5,Bpos:38.0,Bstd:18.3,StrandBias:0.2,Multiplicity:1.34
0.474	0.001	0.096	0.428
0.487	0.129	0.117	0.267
0.001	0.001	0.001	0.997
0.997	0.001	0.001	0.001
0.001	0.184	0.001	0.814
0.001	0.001	0.001	0.997
0.001	0.001	0.001	0.997
0.427	0.001	0.001	0.571
>AGGCTGGG	3-AGGCTGGG	5.416479	-78.363587	0	T:730.0(30.38%),B:393.1(15.72%),P:1e-34	Tpos:38.2,Tstd:20.1,Bpos:34.8,Bstd:23.7,StrandBias:0.3,Multiplicity:1.55
0.620	0.050	0.136	0.194
0.198	0.029	0.650	0.123
0.037	0.131	0.808	0.024
0.039	0.834	0.071	0.056
0.166	0.111	0.135	0.588
0.028	0.013	0.909	0.050
0.095	0.041	0.816	0.048
0.106	0.086	0.779	0.029
>YAAGATGR	4-YAAGATGR	5.943226	-63.810666	0	T:383.0(15.94%),B:155.6(6.22%),P:1e-27	Tpos:35.2,Tstd:19.9,Bpos:36.3,Bstd:23.6,StrandBias:0.0,Multiplicity:1.11
0.085	0.457	0.061	0.397
0.817	0.001	0.181	0.001
0.944	0.001	0.001	0.054
0.001	0.104	0.894	0.001
0.997	0.001	0.001	0.001
0.001	0.001	0.001	0.997
0.001	0.001	0.997	0.001
0.401	0.001	0.452	0.145
>GCCTCCCN	5-GCCTCCCN	5.606488	-55.670251	0	T:472.0(19.64%),B:235.7(9.43%),P:1e-24	Tpos:36.3,Tstd:20.0,Bpos:36.7,Bstd:23.9,StrandBias:-0.3,Multiplicity:1.14
0.246	0.166	0.497	0.091
0.103	0.622	0.075	0.200
0.110	0.582	0.111	0.197
0.100	0.071	0.118	0.711
0.044	0.595	0.212	0.149
0.060	0.933	0.001	0.006
0.066	0.865	0.010	0.059
0.277	0.270	0.201	0.253
>TAGAGACG	6-TAGAGACG	6.108152	-34.331078	0	T:172.0(7.16%),B:60.7(2.43%),P:1e-14	Tpos:37.9,Tstd:21.8,Bpos:33.3,Bstd:23.9,StrandBias:-0.3,Multiplicity:1.01
0.121	0.044	0.068	0.767
0.859	0.036	0.043	0.062
0.100	0.215	0.639	0.046
0.852	0.022	0.068	0.058
0.116	0.096	0.773	0.015
0.795	0.046	0.115	0.044
0.146	0.571	0.065	0.218
0.151	0.054	0.755	0.040
>TTACAGGC	7-TTACAGGC	7.000860	-33.436674	0	T:137.0(5.70%),B:40.3(1.61%),P:1e-14	Tpos:35.4,Tstd:19.0,Bpos:29.6,Bstd:19.5,StrandBias:0.1,Multiplicity:1.01
0.026	0.001	0.001	0.972
0.001	0.044	0.001	0.954
0.825	0.065	0.109	0.001
0.001	0.997	0.001	0.001
0.983	0.001	0.015	0.001
0.001	0.015	0.983	0.001
0.001	0.001	0.874	0.124
0.001	0.972	0.026	0.001
>YCGCTGCA	8-YCGCTGCA	3.894801	-32.892787	0	T:175.0(7.28%),B:64.2(2.57%),P:1e-14	Tpos:37.2,Tstd:20.6,Bpos:41.2,Bstd:20.7,StrandBias:0.0,Multiplicity:1.21
0.001	0.550	0.001	0.448
0.001	0.997	0.001	0.001
0.214	0.001	0.784	0.001
0.001	0.997	0.001	0.001
0.001	0.001	0.001	0.997
0.001	0.001	0.997	0.001
0.001	0.997	0.001	0.001
0.971	0.027	0.001	0.001
>ATCGCTTG	9-ATCGCTTG	5.165547	-31.882732	0	T:286.0(11.90%),B:144.4(5.78%),P:1e-13	Tpos:37.6,Tstd:18.1,Bpos:36.7,Bstd:23.6,StrandBias:0.0,Multiplicity:1.04
0.576	0.168	0.123	0.133
0.156	0.087	0.141	0.616
0.196	0.595	0.106	0.103
0.163	0.115	0.455	0.267
0.071	0.692	0.078	0.159
0.104	0.116	0.094	0.686
0.092	0.068	0.095	0.745
0.091	0.169	0.637	0.103
>AGRAAGTA	10-AGRAAGTA	6.137795	-31.573512	0	T:414.0(17.23%),B:246.9(9.87%),P:1e-13	Tpos:40.3,Tstd:19.7,Bpos:39.2,Bstd:22.0,StrandBias:-0.0,Multiplicity:1.11
0.486	0.001	0.276	0.237
0.001	0.001	0.908	0.090
0.350	0.001	0.451	0.198
0.811	0.092	0.001	0.096
0.997	0.001	0.001	0.001
0.217	0.199	0.583	0.001
0.116	0.112	0.154	0.618
0.676	0.001	0.001	0.322
>GCCGAGAT	11-GCCGAGAT	6.024371	-31.117635	0	T:180.0(7.49%),B:70.7(2.83%),P:1e-13	Tpos:38.9,Tstd:20.8,Bpos:38.3,Bstd:20.7,StrandBias:0.9,Multiplicity:1.00
0.135	0.116	0.678	0.071
0.181	0.663	0.080	0.076
0.027	0.868	0.042	0.063
0.216	0.117	0.535	0.132
0.785	0.059	0.112	0.044
0.078	0.079	0.813	0.030
0.851	0.060	0.040	0.049
0.062	0.088	0.024	0.826
>AACAAATA	12-AACAAATA	6.086443	-31.093093	0	T:416.0(17.31%),B:249.1(9.96%),P:1e-13	Tpos:35.8,Tstd:20.3,Bpos:38.4,Bstd:20.8,StrandBias:-0.2,Multiplicity:1.14
0.736	0.078	0.001	0.185
0.749	0.131	0.119	0.001
0.001	0.988	0.001	0.010
0.819	0.049	0.001	0.131
0.971	0.001	0.001	0.027
0.987	0.001	0.003	0.009
0.001	0.170	0.192	0.637
0.881	0.007	0.111	0.001
>ACTTSAAG	13-ACTTSAAG	7.580019	-26.906589	0	T:113.0(4.70%),B:35.0(1.40%),P:1e-11	Tpos:39.0,Tstd:20.7,Bpos:35.6,Bstd:23.5,StrandBias:-0.0,Multiplicity:1.01
0.732	0.115	0.152	0.001
0.001	0.842	0.156	0.001
0.001	0.198	0.081	0.720
0.001	0.001	0.080	0.918
0.001	0.554	0.444	0.001
0.997	0.001	0.001	0.001
0.848	0.150	0.001	0.001
0.001	0.001	0.997	0.001
>TCAAACTC	14-TCAAACTC	7.675400	-26.164013	0	T:108.0(4.49%),B:32.0(1.28%),P:1e-11	Tpos:35.7,Tstd:19.4,Bpos:37.4,Bstd:19.7,StrandBias:0.3,Multiplicity:1.00
0.001	0.113	0.001	0.885
0.067	0.762	0.125	0.046
0.997	0.001	0.001	0.001
0.997	0.001	0.001	0.001
0.997	0.001	0.001	0.001
0.001	0.997	0.001	0.001
0.001	0.053	0.001	0.945
0.067	0.931	0.001	0.001
>TGAGCCMC	15-TGAGCCMC	8.230447	-24.860403	0	T:93.0(3.87%),B:25.9(1.03%),P:1e-10	Tpos:34.7,Tstd:18.3,Bpos:23.2,Bstd:24.0,StrandBias:0.3,Multiplicity:1.00
0.140	0.001	0.001	0.858
0.001	0.001	0.997	0.001
0.840	0.048	0.111	0.001
0.001	0.260	0.653	0.086
0.341	0.494	0.001	0.163
0.001	0.934	0.024	0.041
0.474	0.511	0.014	0.001
0.248	0.750	0.001	0.001
>GTCTTBCT	16-GTCTTBCT	6.916300	-22.610054	0	T:135.0(5.62%),B:54.4(2.18%),P:1e-9	Tpos:38.8,Tstd:21.5,Bpos:34.5,Bstd:21.7,StrandBias:-0.1,Multiplicity:1.02
0.007	0.118	0.874	0.001
0.001	0.093	0.056	0.850
0.001	0.878	0.001	0.120
0.001	0.001	0.001	0.997
0.093	0.001	0.001	0.905
0.001	0.309	0.411	0.279
0.001	0.997	0.001	0.001
0.001	0.377	0.001	0.621
>CCCGTCMG	17-CCCGTCMG	5.327078	-18.351185	0	T:69.0(2.87%),B:19.1(0.76%),P:1e-7	Tpos:37.6,Tstd:21.5,Bpos:56.5,Bstd:10.6,StrandBias:-0.1,Multiplicity:1.12
0.059	0.731	0.064	0.146
0.167	0.707	0.069	0.057
0.078	0.763	0.059	0.100
0.235	0.055	0.628	0.082
0.121	0.251	0.194	0.434
0.049	0.699	0.210	0.042
0.325	0.379	0.179	0.117
0.132	0.123	0.467	0.278
>GWGGCGAC	18-GWGGCGAC	3.631841	-13.128299	0	T:32.0(1.33%),B:5.5(0.22%),P:1e-5	Tpos:32.1,Tstd:20.8,Bpos:47.0,Bstd:0.0,StrandBias:0.5,Multiplicity:1.00
0.001	0.001	0.997	0.001
0.488	0.171	0.001	0.340
0.001	0.001	0.997	0.001
0.001	0.001	0.997	0.001
0.001	0.587	0.411	0.001
0.001	0.001	0.997	0.001
0.997	0.001	0.001	0.001
0.001	0.997	0.001	0.001
>TTGGGTCG	19-TTGGGTCG	8.339385	-10.955825	0	T:36.0(1.50%),B:9.7(0.39%),P:1e-4	Tpos:31.3,Tstd:18.9,Bpos:54.0,Bstd:19.2,StrandBias:0.8,Multiplicity:1.00
0.034	0.001	0.034	0.931
0.034	0.034	0.068	0.864
0.001	0.001	0.997	0.001
0.001	0.001	0.997	0.001
0.001	0.001	0.965	0.033
0.001	0.001	0.001	0.997
0.196	0.666	0.001	0.137
0.255	0.138	0.606	0.001
