>GCTATTTT	1-GCTATTTT	6.263262	-410.654507	0	T:1134.0(37.80%),B:197.4(7.25%),P:1e-178	Tpos:38.6,Tstd:17.3,Bpos:36.1,Bstd:23.7,StrandBias:0.1,Multiplicity:1.09
0.080	0.057	0.696	0.167
0.013	0.804	0.056	0.127
0.001	0.001	0.001	0.997
0.997	0.001	0.001	0.001
0.001	0.001	0.005	0.993
0.023	0.003	0.001	0.973
0.009	0.018	0.001	0.972
0.079	0.092	0.001	0.828
>TATTTTTG	2-TATTTTTG	6.188930	-353.097487	0	T:1149.0(38.30%),B:251.8(9.25%),P:1e-153	Tpos:37.4,Tstd:19.1,Bpos:36.9,Bstd:21.9,StrandBias:0.1,Multiplicity:1.07
0.001	0.032	0.001	0.966
0.997	0.001	0.001	0.001
0.330	0.001	0.031	0.638
0.276	0.086	0.001	0.637
0.001	0.001	0.001	0.997
0.030	0.033	0.001	0.936
0.001	0.026	0.057	0.916
0.215	0.001	0.783	0.001
>TGASTCAT	3-TGASTCAT	6.246840	-170.772403	0	T:492.0(16.40%),B:74.5(2.74%),P:1e-74	Tpos:37.0,Tstd:18.1,Bpos:36.7,Bstd:24.4,StrandBias:-0.0,Multiplicity:1.09
0.085	0.028	0.041	0.846
0.001	0.062	0.704	0.233
0.896	0.023	0.023	0.058
0.043	0.451	0.457	0.048
0.016	0.013	0.026	0.945
0.170	0.765	0.060	0.005
0.895	0.037	0.018	0.050
0.143	0.177	0.183	0.497
>AACCACAG	4-AACCACAG	5.705124	-128.594282	0	T:530.0(17.67%),B:129.6(4.76%),P:1e-55	Tpos:38.4,Tstd:20.1,Bpos:36.4,Bstd:23.3,StrandBias:0.0,Multiplicity:1.10
0.822	0.001	0.093	0.084
0.877	0.037	0.085	0.001
0.037	0.961	0.001	0.001
0.001	0.997	0.001	0.001
0.939	0.001	0.031	0.029
0.001	0.997	0.001	0.001
0.979	0.005	0.015	0.001
0.259	0.047	0.630	0.064
>VGGAAGTG	5-VGGAAGTG	5.839023	-111.435783	0	T:548.0(18.27%),B:158.0(5.80%),P:1e-48	Tpos:36.8,Tstd:19.6,Bpos:37.7,Bstd:19.3,StrandBias:0.1,Multiplicity:1.06
0.336	0.301	0.362	0.001
0.001	0.030	0.968	0.001
0.001	0.001	0.997	0.001
0.967	0.001	0.001	0.031
0.863	0.012	0.001	0.124
0.185	0.222	0.592	0.001
0.001	0.302	0.001	0.696
0.218	0.080	0.655	0.047
>TTCTGTTT	6-TTCTGTTT	7.268629	-109.043221	0	T:347.0(11.57%),B:59.8(2.20%),P:1e-47	Tpos:40.4,Tstd:19.9,Bpos:33.1,Bstd:23.8,StrandBias:-0.8,Multiplicity:1.02
0.001	0.001	0.140	0.858
0.001	0.001	0.001	0.997
0.001	0.997	0.001	0.001
0.001	0.001	0.097	0.901
0.267	0.001	0.731	0.001
0.001	0.001	0.001	0.997
0.001	0.001	0.001	0.997
0.001	0.001	0.001	0.997
>TATAAATA	7-TATAAATA	8.528206	-87.510934	0	T:260.0(8.67%),B:39.2(1.44%),P:1e-38	Tpos:40.3,Tstd:18.7,Bpos:37.3,Bstd:23.4,StrandBias:0.2,Multiplicity:1.04
0.001	0.001	0.001	0.997
0.891	0.107	0.001	0.001
0.001	0.001	0.001	0.997
0.826	0.001	0.001	0.172
0.997	0.001	0.001	0.001
0.886	0.001	0.001	0.112
0.001	0.001	0.001	0.997
0.997	0.001	0.001	0.001
>TTTCAGTT	8-TTTCAGTT	7.327469	-85.056080	0	T:363.0(12.10%),B:89.1(3.27%),P:1e-36	Tpos:37.0,Tstd:19.9,Bpos:33.6,Bstd:22.8,StrandBias:-0.2,Multiplicity:1.07
0.001	0.173	0.045	0.781
0.014	0.253	0.001	0.732
0.028	0.001	0.001	0.970
0.001	0.997	0.001	0.001
0.640	0.001	0.358	0.001
0.058	0.233	0.708	0.001
0.001	0.001	0.014	0.984
0.001	0.170	0.001	0.828
>GAAACCAC	9-GAAACCAC	5.849030	-77.279900	0	T:420.0(14.00%),B:129.0(4.74%),P:1e-33	Tpos:36.5,Tstd:21.2,Bpos:38.3,Bstd:23.1,StrandBias:-0.4,Multiplicity:1.05
0.018	0.060	0.843	0.079
0.957	0.001	0.001	0.041
0.931	0.039	0.001	0.029
0.937	0.001	0.061	0.001
0.001	0.929	0.001	0.069
0.023	0.850	0.001	0.126
0.905	0.001	0.050	0.044
0.058	0.744	0.127	0.071
>AAATAGKM	10-AAATAGKM	6.794307	-69.871914	0	T:236.0(7.87%),B:43.1(1.58%),P:1e-30	Tpos:39.6,Tstd:17.5,Bpos:39.1,Bstd:19.1,StrandBias:-0.1,Multiplicity:1.00
0.997	0.001	0.001	0.001
0.997	0.001	0.001	0.001
0.634	0.001	0.001	0.364
0.001	0.001	0.001	0.997
0.933	0.065	0.001	0.001
0.084	0.001	0.914	0.001
0.010	0.001	0.520	0.469
0.466	0.532	0.001	0.001
>TGTGGGCG	11-TGTGGGCG	5.404498	-54.392680	0	T:416.0(13.87%),B:161.9(5.95%),P:1e-23	Tpos:35.0,Tstd:19.3,Bpos:38.3,Bstd:22.0,StrandBias:0.4,Multiplicity:1.06
0.126	0.068	0.069	0.737
0.016	0.071	0.859	0.054
0.045	0.104	0.164	0.687
0.056	0.062	0.836	0.046
0.063	0.085	0.781	0.071
0.024	0.131	0.744	0.101
0.077	0.673	0.096	0.154
0.200	0.043	0.689	0.068
>GTCATATC	12-GTCATATC	6.635249	-51.831735	0	T:180.0(6.00%),B:34.7(1.27%),P:1e-22	Tpos:40.2,Tstd:20.8,Bpos:37.2,Bstd:26.9,StrandBias:-0.1,Multiplicity:1.02
0.001	0.031	0.967	0.001
0.001	0.015	0.025	0.959
0.029	0.939	0.016	0.016
0.983	0.015	0.001	0.001
0.045	0.001	0.001	0.953
0.656	0.100	0.087	0.157
0.073	0.109	0.001	0.817
0.048	0.829	0.122	0.001
>GCGTGCGT	13-GCGTGCGT	5.731140	-25.498742	0	T:97.0(3.23%),B:21.1(0.77%),P:1e-11	Tpos:33.7,Tstd:19.4,Bpos:36.3,Bstd:23.8,StrandBias:-0.1,Multiplicity:1.09
0.125	0.063	0.762	0.050
0.059	0.827	0.057	0.057
0.026	0.069	0.834	0.071
0.075	0.137	0.125	0.663
0.050	0.082	0.849	0.019
0.066	0.616	0.200	0.118
0.075	0.066	0.776	0.083
0.092	0.161	0.063	0.684
>CGGCGRCC	14-CGGCGRCC	5.987643	-24.070842	0	T:129.0(4.30%),B:39.4(1.45%),P:1e-10	Tpos:36.2,Tstd:20.9,Bpos:46.0,Bstd:13.9,StrandBias:-0.2,Multiplicity:1.08
0.069	0.870	0.006	0.055
0.028	0.014	0.835	0.123
0.001	0.131	0.867	0.001
0.001	0.655	0.001	0.343
0.087	0.057	0.763	0.093
0.467	0.182	0.350	0.001
0.001	0.867	0.131	0.001
0.110	0.799	0.006	0.085
>AATGAAAC	15-AATGAAAC	7.194091	-21.387643	0	T:96.0(3.20%),B:25.0(0.92%),P:1e-9	Tpos:35.9,Tstd:21.2,Bpos:39.1,Bstd:20.8,StrandBias:0.0,Multiplicity:1.01
0.613	0.001	0.001	0.385
0.997	0.001	0.001	0.001
0.001	0.059	0.001	0.939
0.001	0.001	0.997	0.001
0.908	0.001	0.001	0.090
0.997	0.001	0.001	0.001
0.997	0.001	0.001	0.001
0.001	0.997	0.001	0.001
>CTTAACCA	16-CTTAACCA	6.328126	-21.242785	0	T:75.0(2.50%),B:16.0(0.59%),P:1e-9	Tpos:31.8,Tstd:20.1,Bpos:43.4,Bstd:15.2,StrandBias:0.3,Multiplicity:1.02
0.001	0.997	0.001	0.001
0.148	0.001	0.001	0.850
0.001	0.001	0.001	0.997
0.757	0.001	0.061	0.181
0.997	0.001	0.001	0.001
0.001	0.997	0.001	0.001
0.001	0.961	0.037	0.001
0.997	0.001	0.001	0.001
>GACGCGAG	17-GACGCGAG	5.733033	-19.827494	0	T:42.0(1.40%),B:3.2(0.12%),P:1e-8	Tpos:39.0,Tstd:17.7,Bpos:43.0,Bstd:9.9,StrandBias:-0.3,Multiplicity:1.10
0.129	0.094	0.694	0.083
0.622	0.170	0.133	0.075
0.137	0.608	0.131	0.124
0.127	0.136	0.634	0.103
0.095	0.582	0.135	0.188
0.165	0.142	0.592	0.101
0.625	0.135	0.135	0.105
0.140	0.126	0.645	0.089
>CGCSCCGC	18-CGCSCCGC	7.811674	-17.959755	0	T:68.0(2.27%),B:15.7(0.58%),P:1e-7	Tpos:34.9,Tstd:18.5,Bpos:25.6,Bstd:32.2,StrandBias:-0.3,Multiplicity:1.24
0.001	0.997	0.001	0.001
0.001	0.202	0.796	0.001
0.001	0.997	0.001	0.001
0.001	0.482	0.516	0.001
0.001	0.788	0.210	0.001
0.001	0.997	0.001	0.001
0.001	0.263	0.735	0.001
0.001	0.642	0.356	0.001
>CAGGAAAC	19-CAGGAAAC	7.788646	-15.301198	0	T:37.0(1.23%),B:4.9(0.18%),P:1e-6	Tpos:36.5,Tstd:17.3,Bpos:44.9,Bstd:21.3,StrandBias:0.6,Multiplicity:1.03
0.001	0.997	0.001	0.001
0.952	0.001	0.046	0.001
0.001	0.001	0.997	0.001
0.001	0.001	0.815	0.183
0.997	0.001	0.001	0.001
0.997	0.001	0.001	0.001
0.997	0.001	0.001	0.001
0.001	0.997	0.001	0.001
>RAGGGAGA	20-RAGGGAGA	8.775227	-11.290275	0	T:74.0(2.47%),B:27.2(1.00%),P:1e-4	Tpos:35.9,Tstd:19.9,Bpos:35.5,Bstd:14.8,StrandBias:0.2,Multiplicity:1.00
0.446	0.001	0.552	0.001
0.907	0.091	0.001	0.001
0.001	0.001	0.997	0.001
0.135	0.001	0.863	0.001
0.001	0.001	0.997	0.001
0.892	0.001	0.001	0.106
0.320	0.001	0.678	0.001
0.997	0.001	0.001	0.001
>CTCTCTCT	21-CTCTCTCT	8.545904	-4.227457	0	T:70.0(2.33%),B:41.5(1.52%),P:1e-1	Tpos:36.4,Tstd:19.9,Bpos:37.6,Bstd:18.6,StrandBias:0.3,Multiplicity:1.15
0.001	0.997	0.001	0.001
0.001	0.001	0.105	0.893
0.001	0.997	0.001	0.001
0.001	0.147	0.001	0.851
0.001	0.997	0.001	0.001
0.001	0.001	0.001	0.997
0.001	0.892	0.106	0.001
0.001	0.001	0.001	0.997
