>KCTATTTTTRGM	1-KCTATTTTTRGM	6.106991	-642.925479	0	T:1446.0(48.20%),B:202.0(7.42%),P:1e-279	Tpos:39.1,Tstd:16.3,Bpos:39.3,Bstd:22.3,StrandBias:0.0,Multiplicity:1.10
0.118	0.054	0.486	0.342
0.027	0.786	0.030	0.157
0.003	0.007	0.001	0.989
0.977	0.001	0.003	0.019
0.041	0.001	0.001	0.957
0.068	0.001	0.001	0.930
0.003	0.007	0.001	0.989
0.088	0.087	0.001	0.824
0.107	0.046	0.053	0.794
0.573	0.001	0.423	0.003
0.108	0.042	0.747	0.103
0.398	0.429	0.073	0.100
>DDDATGASTCAT	2-DDDATGASTCAT	6.636995	-201.782199	0	T:537.0(17.90%),B:71.9(2.64%),P:1e-87	Tpos:36.5,Tstd:17.5,Bpos:37.0,Bstd:22.0,StrandBias:0.0,Multiplicity:1.09
0.319	0.166	0.241	0.275
0.337	0.175	0.228	0.259
0.353	0.075	0.222	0.350
0.410	0.219	0.203	0.169
0.001	0.001	0.001	0.997
0.006	0.031	0.748	0.215
0.977	0.001	0.001	0.021
0.119	0.416	0.372	0.094
0.124	0.001	0.001	0.874
0.243	0.738	0.018	0.001
0.962	0.001	0.001	0.036
0.194	0.184	0.228	0.394
>AGTTTCAGTTCC	3-AGTTTCAGTTCC	8.350392	-98.342124	0	T:292.0(9.73%),B:44.8(1.65%),P:1e-42	Tpos:37.5,Tstd:18.4,Bpos:33.2,Bstd:22.0,StrandBias:-0.1,Multiplicity:1.06
0.626	0.019	0.239	0.116
0.106	0.165	0.547	0.182
0.038	0.009	0.001	0.952
0.038	0.115	0.047	0.800
0.019	0.019	0.048	0.914
0.001	0.933	0.009	0.057
0.780	0.001	0.057	0.162
0.020	0.298	0.529	0.153
0.038	0.001	0.009	0.952
0.038	0.048	0.001	0.913
0.087	0.512	0.066	0.335
0.125	0.521	0.057	0.297
>NKBTGTGGKTDG	4-NKBTGTGGKTDG	7.351998	-85.797448	0	T:401.0(13.37%),B:108.4(3.98%),P:1e-37	Tpos:38.3,Tstd:18.9,Bpos:34.1,Bstd:23.1,StrandBias:0.1,Multiplicity:1.07
0.212	0.185	0.297	0.306
0.171	0.180	0.252	0.397
0.108	0.315	0.257	0.320
0.018	0.001	0.067	0.914
0.001	0.001	0.997	0.001
0.001	0.001	0.075	0.923
0.001	0.001	0.997	0.001
0.001	0.001	0.997	0.001
0.001	0.027	0.423	0.549
0.103	0.238	0.198	0.461
0.306	0.001	0.333	0.360
0.243	0.153	0.397	0.207
>AAAAAGGAAACT	5-AAAAAGGAAACT	9.847748	-28.543418	0	T:85.0(2.83%),B:13.0(0.48%),P:1e-12	Tpos:37.6,Tstd:19.8,Bpos:38.2,Bstd:20.5,StrandBias:-0.4,Multiplicity:1.01
0.495	0.200	0.304	0.001
0.804	0.001	0.194	0.001
0.969	0.001	0.001	0.029
0.859	0.001	0.139	0.001
0.657	0.001	0.197	0.145
0.001	0.001	0.997	0.001
0.081	0.001	0.917	0.001
0.664	0.055	0.254	0.027
0.997	0.001	0.001	0.001
0.997	0.001	0.001	0.001
0.027	0.557	0.197	0.219
0.285	0.170	0.030	0.515
>GGGGGGGGGGGG	6-GGGGGGGGGGGG	7.239794	-20.167765	0	T:119.0(3.97%),B:40.0(1.47%),P:1e-8	Tpos:40.3,Tstd:19.3,Bpos:38.6,Bstd:38.0,StrandBias:0.2,Multiplicity:1.17
0.015	0.271	0.706	0.008
0.023	0.282	0.694	0.001
0.056	0.256	0.670	0.018
0.031	0.228	0.738	0.003
0.023	0.254	0.720	0.003
0.046	0.343	0.603	0.008
0.087	0.305	0.567	0.041
0.025	0.269	0.705	0.001
0.066	0.302	0.631	0.001
0.099	0.295	0.605	0.001
0.123	0.276	0.600	0.001
0.061	0.282	0.656	0.001
>GAGAGAGAGAGA	7-GAGAGAGAGAGA	13.699122	-7.016218	0	T:14.0(0.47%),B:1.8(0.07%),P:1e-3	Tpos:36.3,Tstd:18.5,Bpos:46.7,Bstd:9.5,StrandBias:-0.9,Multiplicity:1.07
0.092	0.069	0.838	0.001
0.884	0.001	0.023	0.092
0.023	0.023	0.953	0.001
0.740	0.120	0.070	0.070
0.001	0.046	0.884	0.069
0.839	0.046	0.046	0.069
0.001	0.001	0.976	0.022
0.862	0.092	0.023	0.023
0.001	0.046	0.952	0.001
0.976	0.022	0.001	0.001
0.184	0.023	0.792	0.001
0.952	0.001	0.001	0.046
