>CCAAAAATAG	1-CCAAAAATAG	4.430073	-637.671256	0	T:1513.0(50.43%),B:240.4(8.83%),P:1e-276	Tpos:39.0,Tstd:16.8,Bpos:37.0,Bstd:21.8,StrandBias:-0.0,Multiplicity:1.13
0.072	0.866	0.041	0.021
0.002	0.802	0.001	0.195
0.827	0.093	0.002	0.078
0.825	0.015	0.123	0.037
0.986	0.001	0.011	0.002
0.958	0.004	0.001	0.037
0.976	0.001	0.001	0.022
0.001	0.001	0.001	0.997
0.990	0.001	0.007	0.002
0.032	0.018	0.927	0.023
>TATTTWTAGM	2-TATTTWTAGM	7.889640	-244.929938	0	T:714.0(23.80%),B:117.6(4.32%),P:1e-106	Tpos:36.9,Tstd:19.6,Bpos:42.4,Bstd:18.6,StrandBias:-0.1,Multiplicity:1.05
0.001	0.227	0.001	0.771
0.997	0.001	0.001	0.001
0.403	0.001	0.021	0.575
0.392	0.001	0.001	0.606
0.367	0.042	0.001	0.590
0.480	0.001	0.001	0.518
0.001	0.001	0.001	0.997
0.997	0.001	0.001	0.001
0.342	0.115	0.542	0.001
0.425	0.472	0.001	0.102
>TATGASTCAT	3-TATGASTCAT	7.487312	-186.028800	0	T:391.0(13.03%),B:27.4(1.01%),P:1e-80	Tpos:36.7,Tstd:17.6,Bpos:38.9,Bstd:22.0,StrandBias:-0.0,Multiplicity:1.08
0.260	0.047	0.263	0.429
0.446	0.236	0.204	0.114
0.011	0.001	0.001	0.987
0.001	0.023	0.749	0.227
0.987	0.001	0.001	0.011
0.063	0.437	0.437	0.063
0.003	0.001	0.001	0.995
0.208	0.780	0.011	0.001
0.968	0.001	0.001	0.030
0.134	0.208	0.174	0.484
>KBTGTGGTTD	4-KBTGTGGTTD	6.700348	-129.075455	0	T:587.0(19.57%),B:159.6(5.86%),P:1e-56	Tpos:38.0,Tstd:19.4,Bpos:34.1,Bstd:23.6,StrandBias:0.1,Multiplicity:1.10
0.165	0.196	0.265	0.374
0.153	0.325	0.224	0.297
0.078	0.001	0.001	0.920
0.001	0.001	0.997	0.001
0.214	0.001	0.015	0.770
0.001	0.001	0.997	0.001
0.001	0.001	0.997	0.001
0.001	0.210	0.216	0.573
0.130	0.191	0.057	0.622
0.330	0.001	0.259	0.409
>AAATAGCCAC	5-AAATAGCCAC	7.474170	-107.301332	0	T:227.0(7.57%),B:15.5(0.57%),P:1e-46	Tpos:36.7,Tstd:17.8,Bpos:42.8,Bstd:17.4,StrandBias:0.0,Multiplicity:1.03
0.782	0.067	0.067	0.084
0.865	0.034	0.067	0.034
0.832	0.067	0.067	0.034
0.052	0.057	0.084	0.807
0.899	0.017	0.050	0.034
0.092	0.084	0.774	0.050
0.092	0.717	0.052	0.139
0.162	0.737	0.034	0.067
0.781	0.101	0.001	0.117
0.086	0.811	0.050	0.053
>TTTCAGTTCC	6-TTTCAGTTCC	6.764952	-97.984202	0	T:274.0(9.13%),B:37.2(1.36%),P:1e-42	Tpos:36.6,Tstd:18.7,Bpos:34.9,Bstd:15.4,StrandBias:-0.2,Multiplicity:1.06
0.009	0.001	0.001	0.989
0.001	0.053	0.001	0.945
0.010	0.010	0.010	0.970
0.001	0.997	0.001	0.001
0.980	0.001	0.018	0.001
0.001	0.168	0.770	0.061
0.001	0.001	0.009	0.989
0.001	0.009	0.001	0.989
0.175	0.692	0.001	0.132
0.001	0.902	0.001	0.096
>ACTTCCTBTT	7-ACTTCCTBTT	6.842992	-80.761129	0	T:502.0(16.73%),B:172.3(6.33%),P:1e-35	Tpos:37.4,Tstd:20.2,Bpos:37.4,Bstd:19.7,StrandBias:-0.1,Multiplicity:1.05
0.637	0.108	0.204	0.051
0.007	0.588	0.116	0.289
0.027	0.013	0.001	0.959
0.007	0.007	0.007	0.979
0.014	0.691	0.063	0.232
0.020	0.956	0.001	0.023
0.001	0.289	0.013	0.697
0.018	0.317	0.275	0.391
0.090	0.125	0.001	0.784
0.041	0.292	0.109	0.558
>AGTTTCAKTT	8-AGTTTCAKTT	9.319136	-60.662861	0	T:140.0(4.67%),B:12.7(0.47%),P:1e-26	Tpos:37.3,Tstd:21.0,Bpos:27.2,Bstd:13.0,StrandBias:-0.1,Multiplicity:1.00
0.587	0.001	0.232	0.180
0.020	0.221	0.719	0.040
0.001	0.021	0.001	0.977
0.001	0.019	0.001	0.979
0.020	0.001	0.020	0.959
0.001	0.915	0.001	0.083
0.609	0.001	0.330	0.060
0.006	0.121	0.458	0.415
0.001	0.001	0.001	0.997
0.001	0.142	0.103	0.754
>GTGACTCATT	9-GTGACTCATT	6.210891	-59.635464	0	T:122.0(4.07%),B:7.3(0.27%),P:1e-25	Tpos:37.8,Tstd:21.2,Bpos:31.9,Bstd:12.3,StrandBias:0.0,Multiplicity:1.00
0.162	0.146	0.534	0.158
0.147	0.074	0.095	0.684
0.142	0.136	0.568	0.154
0.610	0.129	0.105	0.156
0.134	0.594	0.144	0.128
0.168	0.117	0.079	0.636
0.138	0.567	0.142	0.153
0.624	0.129	0.089	0.158
0.130	0.139	0.139	0.592
0.139	0.133	0.136	0.592
>CGAAAATAAC	10-CGAAAATAAC	8.066390	-58.535314	0	T:148.0(4.93%),B:16.9(0.62%),P:1e-25	Tpos:36.5,Tstd:18.2,Bpos:42.3,Bstd:27.6,StrandBias:0.4,Multiplicity:1.02
0.111	0.541	0.142	0.206
0.047	0.142	0.639	0.172
0.758	0.084	0.100	0.058
0.914	0.014	0.044	0.028
0.966	0.001	0.019	0.014
0.848	0.076	0.056	0.020
0.028	0.006	0.028	0.938
0.846	0.028	0.070	0.056
0.816	0.058	0.084	0.042
0.114	0.759	0.043	0.084
>GTAATKACTR	11-GTAATKACTR	7.753982	-49.881706	0	T:148.0(4.93%),B:22.2(0.81%),P:1e-21	Tpos:36.3,Tstd:19.1,Bpos:36.4,Bstd:26.3,StrandBias:-0.1,Multiplicity:1.00
0.136	0.001	0.862	0.001
0.354	0.001	0.001	0.644
0.609	0.001	0.001	0.389
0.722	0.159	0.118	0.001
0.001	0.089	0.001	0.909
0.001	0.001	0.430	0.568
0.765	0.001	0.120	0.114
0.001	0.864	0.001	0.134
0.183	0.026	0.001	0.790
0.376	0.001	0.460	0.163
>GGGACTTCCC	12-GGGACTTCCC	8.648216	-38.719351	0	T:93.0(3.10%),B:9.2(0.34%),P:1e-16	Tpos:37.3,Tstd:18.1,Bpos:50.1,Bstd:13.7,StrandBias:0.2,Multiplicity:1.07
0.039	0.001	0.843	0.117
0.001	0.001	0.921	0.077
0.039	0.129	0.634	0.198
0.644	0.001	0.274	0.081
0.117	0.419	0.216	0.247
0.001	0.001	0.001	0.997
0.001	0.038	0.001	0.960
0.039	0.628	0.001	0.332
0.001	0.997	0.001	0.001
0.001	0.997	0.001	0.001
>CTAAATWAGG	13-CTAAATWAGG	9.230783	-31.760728	0	T:86.0(2.87%),B:11.2(0.41%),P:1e-13	Tpos:38.6,Tstd:16.1,Bpos:43.4,Bstd:13.1,StrandBias:-0.1,Multiplicity:1.00
0.001	0.997	0.001	0.001
0.040	0.122	0.001	0.837
0.958	0.001	0.001	0.040
0.917	0.001	0.001	0.081
0.877	0.001	0.001	0.121
0.218	0.001	0.001	0.780
0.462	0.122	0.001	0.415
0.958	0.001	0.001	0.040
0.237	0.001	0.761	0.001
0.040	0.001	0.753	0.206
>CCTCCCACGC	14-CCTCCCACGC	8.796639	-26.954532	0	T:54.0(1.80%),B:3.2(0.12%),P:1e-11	Tpos:34.6,Tstd:17.8,Bpos:50.5,Bstd:16.1,StrandBias:0.1,Multiplicity:1.00
0.001	0.951	0.047	0.001
0.001	0.951	0.001	0.047
0.142	0.001	0.001	0.856
0.001	0.997	0.001	0.001
0.001	0.951	0.047	0.001
0.047	0.905	0.047	0.001
0.857	0.095	0.001	0.047
0.001	0.951	0.001	0.047
0.190	0.143	0.666	0.001
0.047	0.951	0.001	0.001
>CGCAGTTTCA	15-CGCAGTTTCA	9.551722	-26.729781	0	T:46.0(1.53%),B:1.3(0.05%),P:1e-11	Tpos:26.4,Tstd:21.0,Bpos:35.0,Bstd:0.0,StrandBias:0.6,Multiplicity:1.00
0.081	0.760	0.105	0.054
0.209	0.001	0.685	0.105
0.105	0.789	0.105	0.001
0.997	0.001	0.001	0.001
0.001	0.001	0.997	0.001
0.001	0.001	0.001	0.997
0.001	0.001	0.001	0.997
0.001	0.001	0.001	0.997
0.001	0.789	0.105	0.105
0.997	0.001	0.001	0.001
>AGTGGGTKNW	16-AGTGGGTKNW	6.137016	-26.485857	0	T:81.0(2.70%),B:13.6(0.50%),P:1e-11	Tpos:39.9,Tstd:20.5,Bpos:36.2,Bstd:18.1,StrandBias:0.7,Multiplicity:1.02
0.636	0.129	0.197	0.038
0.259	0.151	0.568	0.022
0.232	0.016	0.195	0.557
0.242	0.006	0.625	0.127
0.072	0.014	0.722	0.192
0.011	0.202	0.519	0.268
0.126	0.100	0.170	0.604
0.119	0.032	0.482	0.367
0.190	0.238	0.261	0.311
0.386	0.175	0.117	0.321
>CAATGACTGT	17-CAATGACTGT	9.165864	-22.694617	0	T:35.0(1.17%),B:0.9(0.03%),P:1e-9	Tpos:37.6,Tstd:20.7,Bpos:26.7,Bstd:1.3,StrandBias:-0.5,Multiplicity:1.00
0.073	0.788	0.044	0.095
0.809	0.001	0.001	0.189
0.997	0.001	0.001	0.001
0.095	0.095	0.001	0.809
0.001	0.001	0.997	0.001
0.809	0.001	0.095	0.095
0.001	0.997	0.001	0.001
0.001	0.001	0.001	0.997
0.001	0.001	0.997	0.001
0.001	0.095	0.095	0.809
>ATGATGTCAT	18-ATGATGTCAT	7.475611	-21.866095	0	T:87.0(2.90%),B:20.7(0.76%),P:1e-9	Tpos:35.8,Tstd:18.3,Bpos:40.9,Bstd:16.5,StrandBias:-0.1,Multiplicity:1.04
0.706	0.112	0.121	0.061
0.078	0.026	0.034	0.862
0.077	0.095	0.759	0.069
0.793	0.061	0.069	0.077
0.103	0.026	0.104	0.767
0.043	0.104	0.775	0.078
0.061	0.060	0.026	0.853
0.095	0.810	0.052	0.043
0.948	0.017	0.001	0.034
0.069	0.079	0.113	0.739
>CAVCTGCWGC	19-CAVCTGCWGC	7.698221	-20.424162	0	T:107.0(3.57%),B:32.7(1.20%),P:1e-8	Tpos:40.2,Tstd:18.6,Bpos:42.7,Bstd:18.7,StrandBias:0.0,Multiplicity:1.01
0.185	0.779	0.001	0.035
0.695	0.125	0.053	0.127
0.357	0.219	0.281	0.143
0.017	0.912	0.001	0.070
0.329	0.017	0.001	0.653
0.001	0.001	0.997	0.001
0.001	0.840	0.001	0.158
0.438	0.018	0.001	0.543
0.107	0.001	0.891	0.001
0.148	0.745	0.001	0.106
>CCAGCCCTCA	20-CCAGCCCTCA	8.188899	-17.606697	0	T:35.0(1.17%),B:2.6(0.10%),P:1e-7	Tpos:34.6,Tstd:19.7,Bpos:20.7,Bstd:6.2,StrandBias:0.5,Multiplicity:1.06
0.001	0.863	0.091	0.045
0.001	0.997	0.001	0.001
0.954	0.001	0.001	0.044
0.045	0.045	0.909	0.001
0.001	0.909	0.045	0.045
0.001	0.954	0.044	0.001
0.045	0.909	0.045	0.001
0.044	0.001	0.001	0.954
0.091	0.728	0.136	0.045
0.863	0.001	0.001	0.135
>TATGAATAGA	21-TATGAATAGA	8.666579	-17.009731	0	T:34.0(1.13%),B:2.6(0.10%),P:1e-7	Tpos:37.7,Tstd:22.7,Bpos:33.0,Bstd:0.0,StrandBias:-0.1,Multiplicity:1.00
0.043	0.022	0.022	0.913
0.997	0.001	0.001	0.001
0.016	0.001	0.001	0.982
0.001	0.104	0.894	0.001
0.894	0.001	0.104	0.001
0.789	0.105	0.105	0.001
0.001	0.105	0.105	0.789
0.894	0.001	0.104	0.001
0.001	0.104	0.894	0.001
0.956	0.001	0.001	0.042
>SCSCSCCSCS	22-SCSCSCCSCS	6.052777	-11.478633	0	T:198.0(6.60%),B:110.9(4.07%),P:1e-4	Tpos:39.0,Tstd:19.0,Bpos:39.2,Bstd:40.7,StrandBias:0.1,Multiplicity:1.44
0.001	0.497	0.437	0.065
0.001	0.660	0.338	0.001
0.001	0.535	0.393	0.071
0.001	0.779	0.219	0.001
0.001	0.455	0.405	0.140
0.001	0.592	0.406	0.001
0.106	0.619	0.166	0.109
0.001	0.490	0.482	0.027
0.001	0.729	0.269	0.001
0.109	0.454	0.396	0.041
>GMGMGCGMGA	23-GMGMGCGMGA	7.969429	-5.937672	0	T:19.0(0.63%),B:4.4(0.16%),P:1e-2	Tpos:38.2,Tstd:18.9,Bpos:39.1,Bstd:15.6,StrandBias:-0.2,Multiplicity:1.16
0.042	0.064	0.740	0.154
0.398	0.368	0.022	0.212
0.002	0.089	0.821	0.088
0.547	0.428	0.024	0.001
0.045	0.024	0.826	0.105
0.378	0.556	0.023	0.043
0.068	0.152	0.737	0.043
0.400	0.445	0.001	0.154
0.086	0.022	0.891	0.001
0.615	0.168	0.175	0.042
>KCTATTTTTRGM	1-KCTATTTTTRGM	6.106991	-642.925479	0	T:1446.0(48.20%),B:202.0(7.42%),P:1e-279	Tpos:39.1,Tstd:16.3,Bpos:39.3,Bstd:22.3,StrandBias:0.0,Multiplicity:1.10
0.118	0.054	0.486	0.342
0.027	0.786	0.030	0.157
0.003	0.007	0.001	0.989
0.977	0.001	0.003	0.019
0.041	0.001	0.001	0.957
0.068	0.001	0.001	0.930
0.003	0.007	0.001	0.989
0.088	0.087	0.001	0.824
0.107	0.046	0.053	0.794
0.573	0.001	0.423	0.003
0.108	0.042	0.747	0.103
0.398	0.429	0.073	0.100
>DDDATGASTCAT	2-DDDATGASTCAT	6.636995	-201.782199	0	T:537.0(17.90%),B:71.9(2.64%),P:1e-87	Tpos:36.5,Tstd:17.5,Bpos:37.0,Bstd:22.0,StrandBias:0.0,Multiplicity:1.09
0.319	0.166	0.241	0.275
0.337	0.175	0.228	0.259
0.353	0.075	0.222	0.350
0.410	0.219	0.203	0.169
0.001	0.001	0.001	0.997
0.006	0.031	0.748	0.215
0.977	0.001	0.001	0.021
0.119	0.416	0.372	0.094
0.124	0.001	0.001	0.874
0.243	0.738	0.018	0.001
0.962	0.001	0.001	0.036
0.194	0.184	0.228	0.394
>AGTTTCAGTTCC	3-AGTTTCAGTTCC	8.350392	-98.342124	0	T:292.0(9.73%),B:44.8(1.65%),P:1e-42	Tpos:37.5,Tstd:18.4,Bpos:33.2,Bstd:22.0,StrandBias:-0.1,Multiplicity:1.06
0.626	0.019	0.239	0.116
0.106	0.165	0.547	0.182
0.038	0.009	0.001	0.952
0.038	0.115	0.047	0.800
0.019	0.019	0.048	0.914
0.001	0.933	0.009	0.057
0.780	0.001	0.057	0.162
0.020	0.298	0.529	0.153
0.038	0.001	0.009	0.952
0.038	0.048	0.001	0.913
0.087	0.512	0.066	0.335
0.125	0.521	0.057	0.297
>NKBTGTGGKTDG	4-NKBTGTGGKTDG	7.351998	-85.797448	0	T:401.0(13.37%),B:108.4(3.98%),P:1e-37	Tpos:38.3,Tstd:18.9,Bpos:34.1,Bstd:23.1,StrandBias:0.1,Multiplicity:1.07
0.212	0.185	0.297	0.306
0.171	0.180	0.252	0.397
0.108	0.315	0.257	0.320
0.018	0.001	0.067	0.914
0.001	0.001	0.997	0.001
0.001	0.001	0.075	0.923
0.001	0.001	0.997	0.001
0.001	0.001	0.997	0.001
0.001	0.027	0.423	0.549
0.103	0.238	0.198	0.461
0.306	0.001	0.333	0.360
0.243	0.153	0.397	0.207
>AAAAAGGAAACT	5-AAAAAGGAAACT	9.847748	-28.543418	0	T:85.0(2.83%),B:13.0(0.48%),P:1e-12	Tpos:37.6,Tstd:19.8,Bpos:38.2,Bstd:20.5,StrandBias:-0.4,Multiplicity:1.01
0.495	0.200	0.304	0.001
0.804	0.001	0.194	0.001
0.969	0.001	0.001	0.029
0.859	0.001	0.139	0.001
0.657	0.001	0.197	0.145
0.001	0.001	0.997	0.001
0.081	0.001	0.917	0.001
0.664	0.055	0.254	0.027
0.997	0.001	0.001	0.001
0.997	0.001	0.001	0.001
0.027	0.557	0.197	0.219
0.285	0.170	0.030	0.515
>GGGGGGGGGGGG	6-GGGGGGGGGGGG	7.239794	-20.167765	0	T:119.0(3.97%),B:40.0(1.47%),P:1e-8	Tpos:40.3,Tstd:19.3,Bpos:38.6,Bstd:38.0,StrandBias:0.2,Multiplicity:1.17
0.015	0.271	0.706	0.008
0.023	0.282	0.694	0.001
0.056	0.256	0.670	0.018
0.031	0.228	0.738	0.003
0.023	0.254	0.720	0.003
0.046	0.343	0.603	0.008
0.087	0.305	0.567	0.041
0.025	0.269	0.705	0.001
0.066	0.302	0.631	0.001
0.099	0.295	0.605	0.001
0.123	0.276	0.600	0.001
0.061	0.282	0.656	0.001
>GAGAGAGAGAGA	7-GAGAGAGAGAGA	13.699122	-7.016218	0	T:14.0(0.47%),B:1.8(0.07%),P:1e-3	Tpos:36.3,Tstd:18.5,Bpos:46.7,Bstd:9.5,StrandBias:-0.9,Multiplicity:1.07
0.092	0.069	0.838	0.001
0.884	0.001	0.023	0.092
0.023	0.023	0.953	0.001
0.740	0.120	0.070	0.070
0.001	0.046	0.884	0.069
0.839	0.046	0.046	0.069
0.001	0.001	0.976	0.022
0.862	0.092	0.023	0.023
0.001	0.046	0.952	0.001
0.976	0.022	0.001	0.001
0.184	0.023	0.792	0.001
0.952	0.001	0.001	0.046
>GCTATTTT	1-GCTATTTT	6.263262	-410.654507	0	T:1134.0(37.80%),B:197.4(7.25%),P:1e-178	Tpos:38.6,Tstd:17.3,Bpos:36.1,Bstd:23.7,StrandBias:0.1,Multiplicity:1.09
0.080	0.057	0.696	0.167
0.013	0.804	0.056	0.127
0.001	0.001	0.001	0.997
0.997	0.001	0.001	0.001
0.001	0.001	0.005	0.993
0.023	0.003	0.001	0.973
0.009	0.018	0.001	0.972
0.079	0.092	0.001	0.828
>TATTTTTG	2-TATTTTTG	6.188930	-353.097487	0	T:1149.0(38.30%),B:251.8(9.25%),P:1e-153	Tpos:37.4,Tstd:19.1,Bpos:36.9,Bstd:21.9,StrandBias:0.1,Multiplicity:1.07
0.001	0.032	0.001	0.966
0.997	0.001	0.001	0.001
0.330	0.001	0.031	0.638
0.276	0.086	0.001	0.637
0.001	0.001	0.001	0.997
0.030	0.033	0.001	0.936
0.001	0.026	0.057	0.916
0.215	0.001	0.783	0.001
>TGASTCAT	3-TGASTCAT	6.246840	-170.772403	0	T:492.0(16.40%),B:74.5(2.74%),P:1e-74	Tpos:37.0,Tstd:18.1,Bpos:36.7,Bstd:24.4,StrandBias:-0.0,Multiplicity:1.09
0.085	0.028	0.041	0.846
0.001	0.062	0.704	0.233
0.896	0.023	0.023	0.058
0.043	0.451	0.457	0.048
0.016	0.013	0.026	0.945
0.170	0.765	0.060	0.005
0.895	0.037	0.018	0.050
0.143	0.177	0.183	0.497
>AACCACAG	4-AACCACAG	5.705124	-128.594282	0	T:530.0(17.67%),B:129.6(4.76%),P:1e-55	Tpos:38.4,Tstd:20.1,Bpos:36.4,Bstd:23.3,StrandBias:0.0,Multiplicity:1.10
0.822	0.001	0.093	0.084
0.877	0.037	0.085	0.001
0.037	0.961	0.001	0.001
0.001	0.997	0.001	0.001
0.939	0.001	0.031	0.029
0.001	0.997	0.001	0.001
0.979	0.005	0.015	0.001
0.259	0.047	0.630	0.064
>VGGAAGTG	5-VGGAAGTG	5.839023	-111.435783	0	T:548.0(18.27%),B:158.0(5.80%),P:1e-48	Tpos:36.8,Tstd:19.6,Bpos:37.7,Bstd:19.3,StrandBias:0.1,Multiplicity:1.06
0.336	0.301	0.362	0.001
0.001	0.030	0.968	0.001
0.001	0.001	0.997	0.001
0.967	0.001	0.001	0.031
0.863	0.012	0.001	0.124
0.185	0.222	0.592	0.001
0.001	0.302	0.001	0.696
0.218	0.080	0.655	0.047
>TTCTGTTT	6-TTCTGTTT	7.268629	-109.043221	0	T:347.0(11.57%),B:59.8(2.20%),P:1e-47	Tpos:40.4,Tstd:19.9,Bpos:33.1,Bstd:23.8,StrandBias:-0.8,Multiplicity:1.02
0.001	0.001	0.140	0.858
0.001	0.001	0.001	0.997
0.001	0.997	0.001	0.001
0.001	0.001	0.097	0.901
0.267	0.001	0.731	0.001
0.001	0.001	0.001	0.997
0.001	0.001	0.001	0.997
0.001	0.001	0.001	0.997
>TATAAATA	7-TATAAATA	8.528206	-87.510934	0	T:260.0(8.67%),B:39.2(1.44%),P:1e-38	Tpos:40.3,Tstd:18.7,Bpos:37.3,Bstd:23.4,StrandBias:0.2,Multiplicity:1.04
0.001	0.001	0.001	0.997
0.891	0.107	0.001	0.001
0.001	0.001	0.001	0.997
0.826	0.001	0.001	0.172
0.997	0.001	0.001	0.001
0.886	0.001	0.001	0.112
0.001	0.001	0.001	0.997
0.997	0.001	0.001	0.001
>TTTCAGTT	8-TTTCAGTT	7.327469	-85.056080	0	T:363.0(12.10%),B:89.1(3.27%),P:1e-36	Tpos:37.0,Tstd:19.9,Bpos:33.6,Bstd:22.8,StrandBias:-0.2,Multiplicity:1.07
0.001	0.173	0.045	0.781
0.014	0.253	0.001	0.732
0.028	0.001	0.001	0.970
0.001	0.997	0.001	0.001
0.640	0.001	0.358	0.001
0.058	0.233	0.708	0.001
0.001	0.001	0.014	0.984
0.001	0.170	0.001	0.828
>GAAACCAC	9-GAAACCAC	5.849030	-77.279900	0	T:420.0(14.00%),B:129.0(4.74%),P:1e-33	Tpos:36.5,Tstd:21.2,Bpos:38.3,Bstd:23.1,StrandBias:-0.4,Multiplicity:1.05
0.018	0.060	0.843	0.079
0.957	0.001	0.001	0.041
0.931	0.039	0.001	0.029
0.937	0.001	0.061	0.001
0.001	0.929	0.001	0.069
0.023	0.850	0.001	0.126
0.905	0.001	0.050	0.044
0.058	0.744	0.127	0.071
>AAATAGKM	10-AAATAGKM	6.794307	-69.871914	0	T:236.0(7.87%),B:43.1(1.58%),P:1e-30	Tpos:39.6,Tstd:17.5,Bpos:39.1,Bstd:19.1,StrandBias:-0.1,Multiplicity:1.00
0.997	0.001	0.001	0.001
0.997	0.001	0.001	0.001
0.634	0.001	0.001	0.364
0.001	0.001	0.001	0.997
0.933	0.065	0.001	0.001
0.084	0.001	0.914	0.001
0.010	0.001	0.520	0.469
0.466	0.532	0.001	0.001
>TGTGGGCG	11-TGTGGGCG	5.404498	-54.392680	0	T:416.0(13.87%),B:161.9(5.95%),P:1e-23	Tpos:35.0,Tstd:19.3,Bpos:38.3,Bstd:22.0,StrandBias:0.4,Multiplicity:1.06
0.126	0.068	0.069	0.737
0.016	0.071	0.859	0.054
0.045	0.104	0.164	0.687
0.056	0.062	0.836	0.046
0.063	0.085	0.781	0.071
0.024	0.131	0.744	0.101
0.077	0.673	0.096	0.154
0.200	0.043	0.689	0.068
>GTCATATC	12-GTCATATC	6.635249	-51.831735	0	T:180.0(6.00%),B:34.7(1.27%),P:1e-22	Tpos:40.2,Tstd:20.8,Bpos:37.2,Bstd:26.9,StrandBias:-0.1,Multiplicity:1.02
0.001	0.031	0.967	0.001
0.001	0.015	0.025	0.959
0.029	0.939	0.016	0.016
0.983	0.015	0.001	0.001
0.045	0.001	0.001	0.953
0.656	0.100	0.087	0.157
0.073	0.109	0.001	0.817
0.048	0.829	0.122	0.001
>GCGTGCGT	13-GCGTGCGT	5.731140	-25.498742	0	T:97.0(3.23%),B:21.1(0.77%),P:1e-11	Tpos:33.7,Tstd:19.4,Bpos:36.3,Bstd:23.8,StrandBias:-0.1,Multiplicity:1.09
0.125	0.063	0.762	0.050
0.059	0.827	0.057	0.057
0.026	0.069	0.834	0.071
0.075	0.137	0.125	0.663
0.050	0.082	0.849	0.019
0.066	0.616	0.200	0.118
0.075	0.066	0.776	0.083
0.092	0.161	0.063	0.684
>CGGCGRCC	14-CGGCGRCC	5.987643	-24.070842	0	T:129.0(4.30%),B:39.4(1.45%),P:1e-10	Tpos:36.2,Tstd:20.9,Bpos:46.0,Bstd:13.9,StrandBias:-0.2,Multiplicity:1.08
0.069	0.870	0.006	0.055
0.028	0.014	0.835	0.123
0.001	0.131	0.867	0.001
0.001	0.655	0.001	0.343
0.087	0.057	0.763	0.093
0.467	0.182	0.350	0.001
0.001	0.867	0.131	0.001
0.110	0.799	0.006	0.085
>AATGAAAC	15-AATGAAAC	7.194091	-21.387643	0	T:96.0(3.20%),B:25.0(0.92%),P:1e-9	Tpos:35.9,Tstd:21.2,Bpos:39.1,Bstd:20.8,StrandBias:0.0,Multiplicity:1.01
0.613	0.001	0.001	0.385
0.997	0.001	0.001	0.001
0.001	0.059	0.001	0.939
0.001	0.001	0.997	0.001
0.908	0.001	0.001	0.090
0.997	0.001	0.001	0.001
0.997	0.001	0.001	0.001
0.001	0.997	0.001	0.001
>CTTAACCA	16-CTTAACCA	6.328126	-21.242785	0	T:75.0(2.50%),B:16.0(0.59%),P:1e-9	Tpos:31.8,Tstd:20.1,Bpos:43.4,Bstd:15.2,StrandBias:0.3,Multiplicity:1.02
0.001	0.997	0.001	0.001
0.148	0.001	0.001	0.850
0.001	0.001	0.001	0.997
0.757	0.001	0.061	0.181
0.997	0.001	0.001	0.001
0.001	0.997	0.001	0.001
0.001	0.961	0.037	0.001
0.997	0.001	0.001	0.001
>GACGCGAG	17-GACGCGAG	5.733033	-19.827494	0	T:42.0(1.40%),B:3.2(0.12%),P:1e-8	Tpos:39.0,Tstd:17.7,Bpos:43.0,Bstd:9.9,StrandBias:-0.3,Multiplicity:1.10
0.129	0.094	0.694	0.083
0.622	0.170	0.133	0.075
0.137	0.608	0.131	0.124
0.127	0.136	0.634	0.103
0.095	0.582	0.135	0.188
0.165	0.142	0.592	0.101
0.625	0.135	0.135	0.105
0.140	0.126	0.645	0.089
>CGCSCCGC	18-CGCSCCGC	7.811674	-17.959755	0	T:68.0(2.27%),B:15.7(0.58%),P:1e-7	Tpos:34.9,Tstd:18.5,Bpos:25.6,Bstd:32.2,StrandBias:-0.3,Multiplicity:1.24
0.001	0.997	0.001	0.001
0.001	0.202	0.796	0.001
0.001	0.997	0.001	0.001
0.001	0.482	0.516	0.001
0.001	0.788	0.210	0.001
0.001	0.997	0.001	0.001
0.001	0.263	0.735	0.001
0.001	0.642	0.356	0.001
>CAGGAAAC	19-CAGGAAAC	7.788646	-15.301198	0	T:37.0(1.23%),B:4.9(0.18%),P:1e-6	Tpos:36.5,Tstd:17.3,Bpos:44.9,Bstd:21.3,StrandBias:0.6,Multiplicity:1.03
0.001	0.997	0.001	0.001
0.952	0.001	0.046	0.001
0.001	0.001	0.997	0.001
0.001	0.001	0.815	0.183
0.997	0.001	0.001	0.001
0.997	0.001	0.001	0.001
0.997	0.001	0.001	0.001
0.001	0.997	0.001	0.001
>RAGGGAGA	20-RAGGGAGA	8.775227	-11.290275	0	T:74.0(2.47%),B:27.2(1.00%),P:1e-4	Tpos:35.9,Tstd:19.9,Bpos:35.5,Bstd:14.8,StrandBias:0.2,Multiplicity:1.00
0.446	0.001	0.552	0.001
0.907	0.091	0.001	0.001
0.001	0.001	0.997	0.001
0.135	0.001	0.863	0.001
0.001	0.001	0.997	0.001
0.892	0.001	0.001	0.106
0.320	0.001	0.678	0.001
0.997	0.001	0.001	0.001
>CTCTCTCT	21-CTCTCTCT	8.545904	-4.227457	0	T:70.0(2.33%),B:41.5(1.52%),P:1e-1	Tpos:36.4,Tstd:19.9,Bpos:37.6,Bstd:18.6,StrandBias:0.3,Multiplicity:1.15
0.001	0.997	0.001	0.001
0.001	0.001	0.105	0.893
0.001	0.997	0.001	0.001
0.001	0.147	0.001	0.851
0.001	0.997	0.001	0.001
0.001	0.001	0.001	0.997
0.001	0.892	0.106	0.001
0.001	0.001	0.001	0.997
