>GTTCACGC	1-GTTCACGC	6.716556	-69.031148	0	T:154.0(8.79%),B:19.0(1.05%),P:1e-29	Tpos:38.7,Tstd:18.0,Bpos:45.0,Bstd:23.1,StrandBias:-0.1,Multiplicity:1.05
0.016	0.053	0.874	0.057
0.169	0.107	0.041	0.683
0.074	0.001	0.041	0.884
0.016	0.916	0.034	0.034
0.866	0.069	0.016	0.049
0.318	0.552	0.053	0.077
0.112	0.074	0.749	0.065
0.301	0.487	0.059	0.153
>CCCAGCAA	2-CCCAGCAA	6.753603	-64.263547	0	T:293.0(16.73%),B:97.7(5.38%),P:1e-27	Tpos:37.3,Tstd:21.4,Bpos:33.0,Bstd:25.3,StrandBias:0.0,Multiplicity:1.16
0.032	0.794	0.067	0.107
0.278	0.616	0.040	0.066
0.091	0.745	0.062	0.102
0.733	0.001	0.049	0.217
0.069	0.067	0.809	0.055
0.027	0.822	0.087	0.064
0.703	0.162	0.039	0.096
0.784	0.113	0.059	0.044
>ATCCCAGC	3-ATCCCAGC	6.767220	-58.166057	0	T:260.0(14.85%),B:84.8(4.68%),P:1e-25	Tpos:34.9,Tstd:21.7,Bpos:40.2,Bstd:25.3,StrandBias:-0.3,Multiplicity:1.07
0.952	0.001	0.046	0.001
0.038	0.038	0.077	0.847
0.001	0.952	0.001	0.046
0.001	0.845	0.019	0.135
0.001	0.937	0.001	0.061
0.961	0.019	0.019	0.001
0.001	0.032	0.807	0.160
0.001	0.888	0.110	0.001
>CCRGCCTC	4-CCRGCCTC	5.551208	-55.175685	0	T:416.0(23.76%),B:199.0(10.97%),P:1e-23	Tpos:36.9,Tstd:19.3,Bpos:34.5,Bstd:24.9,StrandBias:-0.2,Multiplicity:1.59
0.001	0.608	0.095	0.296
0.019	0.839	0.042	0.100
0.366	0.177	0.245	0.212
0.241	0.061	0.625	0.073
0.012	0.549	0.290	0.149
0.043	0.763	0.001	0.193
0.122	0.050	0.024	0.804
0.060	0.833	0.100	0.007
>GGCAAGAM	5-GGCAAGAM	5.995432	-45.548440	0	T:259.0(14.79%),B:101.0(5.57%),P:1e-19	Tpos:37.4,Tstd:20.0,Bpos:40.2,Bstd:22.6,StrandBias:0.5,Multiplicity:1.04
0.203	0.001	0.606	0.190
0.001	0.098	0.832	0.069
0.001	0.808	0.190	0.001
0.983	0.001	0.001	0.015
0.805	0.157	0.001	0.037
0.001	0.007	0.991	0.001
0.907	0.001	0.091	0.001
0.255	0.399	0.122	0.224
>WDMAAATA	6-WDMAAATA	5.741316	-43.530589	0	T:563.0(32.15%),B:345.5(19.05%),P:1e-18	Tpos:36.8,Tstd:19.8,Bpos:39.0,Bstd:19.0,StrandBias:0.1,Multiplicity:1.30
0.387	0.165	0.080	0.369
0.230	0.155	0.338	0.278
0.396	0.345	0.114	0.145
0.970	0.001	0.028	0.001
0.956	0.001	0.001	0.042
0.744	0.108	0.089	0.059
0.001	0.001	0.177	0.821
0.605	0.195	0.199	0.001
>AGGTGGAG	7-AGGTGGAG	5.440885	-38.207127	0	T:106.0(6.05%),B:19.4(1.07%),P:1e-16	Tpos:36.5,Tstd:21.7,Bpos:38.6,Bstd:24.8,StrandBias:1.3,Multiplicity:1.00
0.997	0.001	0.001	0.001
0.001	0.043	0.955	0.001
0.001	0.001	0.997	0.001
0.001	0.043	0.001	0.955
0.001	0.087	0.911	0.001
0.001	0.001	0.997	0.001
0.997	0.001	0.001	0.001
0.001	0.001	0.997	0.001
>CGTCTGTA	8-CGTCTGTA	5.424554	-33.101392	0	T:97.0(5.54%),B:19.2(1.06%),P:1e-14	Tpos:35.8,Tstd:20.5,Bpos:38.6,Bstd:14.1,StrandBias:-0.5,Multiplicity:1.00
0.001	0.997	0.001	0.001
0.034	0.001	0.964	0.001
0.001	0.317	0.142	0.540
0.135	0.728	0.135	0.002
0.001	0.001	0.001	0.997
0.001	0.001	0.997	0.001
0.001	0.001	0.001	0.997
0.997	0.001	0.001	0.001
>AAGTTACT	9-AAGTTACT	6.123124	-31.213069	0	T:220.0(12.56%),B:98.4(5.42%),P:1e-13	Tpos:38.9,Tstd:19.1,Bpos:38.6,Bstd:19.3,StrandBias:0.3,Multiplicity:1.05
0.636	0.193	0.004	0.167
0.542	0.001	0.072	0.385
0.099	0.058	0.842	0.001
0.001	0.087	0.002	0.910
0.200	0.062	0.003	0.735
0.929	0.001	0.014	0.056
0.001	0.768	0.001	0.230
0.099	0.043	0.001	0.857
>CGCCCGGG	10-CGCCCGGG	5.522619	-27.886720	0	T:73.0(4.17%),B:12.4(0.69%),P:1e-12	Tpos:34.7,Tstd:20.0,Bpos:41.8,Bstd:17.5,StrandBias:-0.1,Multiplicity:1.00
0.168	0.546	0.195	0.091
0.134	0.114	0.626	0.126
0.094	0.663	0.166	0.077
0.117	0.678	0.120	0.085
0.118	0.598	0.142	0.142
0.150	0.125	0.572	0.153
0.111	0.086	0.691	0.112
0.093	0.166	0.631	0.110
>CGTCCCCA	11-CGTCCCCA	7.345681	-27.680894	0	T:91.0(5.20%),B:21.4(1.18%),P:1e-12	Tpos:29.4,Tstd:21.9,Bpos:36.3,Bstd:33.6,StrandBias:-0.0,Multiplicity:1.00
0.001	0.819	0.001	0.179
0.316	0.210	0.473	0.001
0.001	0.073	0.024	0.902
0.001	0.975	0.023	0.001
0.001	0.997	0.001	0.001
0.024	0.951	0.001	0.024
0.024	0.951	0.024	0.001
0.951	0.024	0.001	0.024
>GGTCATGA	12-GGTCATGA	6.944660	-26.201834	0	T:118.0(6.74%),B:38.3(2.11%),P:1e-11	Tpos:36.0,Tstd:19.9,Bpos:42.0,Bstd:21.5,StrandBias:-0.3,Multiplicity:1.08
0.150	0.001	0.789	0.060
0.060	0.001	0.938	0.001
0.045	0.045	0.001	0.909
0.018	0.824	0.157	0.001
0.921	0.001	0.018	0.060
0.001	0.001	0.214	0.784
0.001	0.045	0.879	0.075
0.953	0.001	0.001	0.045
>TACATAGT	13-TACATAGT	5.596970	-25.963582	0	T:124.0(7.08%),B:42.6(2.35%),P:1e-11	Tpos:35.7,Tstd:20.3,Bpos:38.6,Bstd:19.9,StrandBias:0.0,Multiplicity:1.05
0.152	0.225	0.054	0.569
0.644	0.023	0.154	0.179
0.225	0.428	0.193	0.154
0.578	0.378	0.015	0.029
0.232	0.153	0.001	0.614
0.718	0.007	0.062	0.213
0.076	0.039	0.651	0.234
0.024	0.275	0.029	0.672
