>GGAGGCAGAG	1-GGAGGCAGAG	7.251105	-57.823028	0	T:329.0(18.79%),B:130.9(7.21%),P:1e-25	Tpos:37.5,Tstd:18.5,Bpos:34.5,Bstd:26.2,StrandBias:0.2,Multiplicity:1.41
0.020	0.001	0.723	0.256
0.029	0.001	0.969	0.001
0.851	0.001	0.001	0.147
0.184	0.001	0.814	0.001
0.301	0.001	0.678	0.020
0.082	0.455	0.198	0.265
0.559	0.142	0.124	0.175
0.143	0.040	0.807	0.010
0.627	0.001	0.302	0.070
0.236	0.020	0.694	0.050
>BTTGAAGTVA	2-BTTGAAGTVA	6.833187	-54.596508	0	T:179.0(10.22%),B:41.5(2.29%),P:1e-23	Tpos:40.6,Tstd:19.2,Bpos:33.7,Bstd:29.1,StrandBias:0.3,Multiplicity:1.17
0.124	0.296	0.314	0.266
0.165	0.165	0.051	0.619
0.039	0.022	0.034	0.905
0.040	0.290	0.448	0.222
0.592	0.374	0.006	0.028
0.920	0.006	0.035	0.039
0.269	0.028	0.697	0.006
0.246	0.221	0.102	0.430
0.336	0.256	0.317	0.091
0.653	0.154	0.142	0.051
>TAGTCCCAGC	3-TAGTCCCAGC	8.291210	-51.557848	0	T:179.0(10.22%),B:44.3(2.44%),P:1e-22	Tpos:36.7,Tstd:20.5,Bpos:33.8,Bstd:25.7,StrandBias:0.2,Multiplicity:1.00
0.001	0.001	0.037	0.961
0.843	0.155	0.001	0.001
0.321	0.038	0.510	0.131
0.001	0.075	0.050	0.874
0.038	0.886	0.038	0.038
0.038	0.655	0.076	0.231
0.001	0.885	0.001	0.113
0.997	0.001	0.001	0.001
0.001	0.001	0.961	0.037
0.001	0.793	0.080	0.126
>CACCVYNCCC	4-CACCVYNCCC	7.716155	-42.042207	0	T:119.0(6.80%),B:22.5(1.24%),P:1e-18	Tpos:35.5,Tstd:19.7,Bpos:41.7,Bstd:19.5,StrandBias:-0.2,Multiplicity:1.03
0.001	0.997	0.001	0.001
0.908	0.090	0.001	0.001
0.043	0.553	0.001	0.403
0.001	0.682	0.173	0.144
0.293	0.307	0.270	0.131
0.001	0.558	0.001	0.440
0.280	0.177	0.322	0.222
0.001	0.863	0.001	0.135
0.001	0.997	0.001	0.001
0.180	0.818	0.001	0.001
>CTGGGGATGG	5-CTGGGGATGG	7.100807	-41.383202	0	T:124.0(7.08%),B:25.8(1.42%),P:1e-17	Tpos:34.0,Tstd:20.5,Bpos:36.8,Bstd:27.6,StrandBias:0.3,Multiplicity:1.04
0.062	0.743	0.122	0.073
0.049	0.049	0.024	0.878
0.014	0.049	0.876	0.061
0.050	0.036	0.853	0.061
0.036	0.024	0.879	0.061
0.061	0.109	0.794	0.036
0.804	0.050	0.049	0.097
0.171	0.109	0.127	0.593
0.097	0.001	0.830	0.072
0.086	0.085	0.767	0.062
>CTCCHRCCTG	6-CTCCHRCCTG	7.189024	-32.054497	0	T:118.0(6.74%),B:31.8(1.75%),P:1e-13	Tpos:37.6,Tstd:16.5,Bpos:29.7,Bstd:21.1,StrandBias:0.6,Multiplicity:1.01
0.133	0.449	0.188	0.230
0.181	0.295	0.003	0.521
0.003	0.797	0.078	0.122
0.259	0.579	0.034	0.128
0.346	0.360	0.001	0.293
0.287	0.189	0.369	0.154
0.081	0.589	0.272	0.058
0.131	0.865	0.001	0.003
0.001	0.129	0.001	0.869
0.144	0.199	0.582	0.075
>ANBATCTTGG	7-ANBATCTTGG	6.879397	-29.727891	0	T:142.0(8.11%),B:48.5(2.67%),P:1e-12	Tpos:39.1,Tstd:18.9,Bpos:34.9,Bstd:22.7,StrandBias:-0.4,Multiplicity:1.01
0.801	0.001	0.074	0.124
0.285	0.189	0.250	0.277
0.080	0.291	0.266	0.363
0.633	0.046	0.092	0.229
0.031	0.001	0.001	0.967
0.022	0.909	0.023	0.046
0.054	0.160	0.022	0.764
0.045	0.080	0.025	0.850
0.001	0.001	0.883	0.115
0.001	0.045	0.909	0.045
>TATTTTATTT	8-TATTTTATTT	6.724013	-29.466199	0	T:345.0(19.70%),B:198.8(10.96%),P:1e-12	Tpos:38.5,Tstd:18.9,Bpos:36.6,Bstd:18.0,StrandBias:0.2,Multiplicity:1.23
0.091	0.064	0.041	0.804
0.724	0.084	0.067	0.125
0.064	0.056	0.057	0.823
0.073	0.020	0.039	0.868
0.066	0.035	0.074	0.825
0.046	0.078	0.035	0.841
0.801	0.116	0.051	0.032
0.117	0.048	0.086	0.749
0.076	0.087	0.048	0.789
0.066	0.073	0.076	0.785
>GCAAGAATAA	9-GCAAGAATAA	8.227741	-28.397190	0	T:44.0(2.51%),B:1.1(0.06%),P:1e-12	Tpos:35.0,Tstd:21.1,Bpos:36.7,Bstd:12.2,StrandBias:0.8,Multiplicity:1.00
0.001	0.001	0.918	0.080
0.080	0.918	0.001	0.001
0.972	0.001	0.001	0.026
0.918	0.001	0.001	0.080
0.080	0.001	0.839	0.080
0.997	0.001	0.001	0.001
0.918	0.001	0.080	0.001
0.081	0.081	0.188	0.650
0.812	0.080	0.001	0.107
0.892	0.001	0.013	0.094
>AGTTCAAAAC	10-AGTTCAAAAC	8.278450	-25.780115	0	T:36.0(2.06%),B:0.6(0.03%),P:1e-11	Tpos:32.2,Tstd:19.6,Bpos:53.0,Bstd:0.0,StrandBias:-0.5,Multiplicity:1.00
0.901	0.001	0.070	0.028
0.185	0.157	0.425	0.234
0.258	0.028	0.001	0.713
0.030	0.015	0.228	0.727
0.014	0.535	0.266	0.185
0.756	0.014	0.014	0.216
0.801	0.184	0.001	0.014
0.569	0.001	0.229	0.201
0.638	0.029	0.186	0.147
0.112	0.804	0.028	0.056
>TGTGAGGAAG	11-TGTGAGGAAG	8.335226	-25.606563	0	T:60.0(3.43%),B:8.4(0.46%),P:1e-11	Tpos:32.7,Tstd:19.5,Bpos:44.1,Bstd:18.0,StrandBias:-0.3,Multiplicity:1.00
0.150	0.001	0.178	0.671
0.100	0.025	0.756	0.119
0.050	0.001	0.183	0.766
0.050	0.075	0.750	0.125
0.777	0.001	0.221	0.001
0.025	0.001	0.799	0.175
0.054	0.025	0.920	0.001
0.916	0.079	0.004	0.001
0.899	0.001	0.050	0.050
0.175	0.004	0.792	0.029
>AATAAATGTT	12-AATAAATGTT	9.366409	-25.003133	0	T:59.0(3.37%),B:8.0(0.44%),P:1e-10	Tpos:40.7,Tstd:17.5,Bpos:44.0,Bstd:12.4,StrandBias:0.3,Multiplicity:1.00
0.969	0.001	0.001	0.029
0.910	0.030	0.030	0.030
0.029	0.001	0.001	0.969
0.969	0.001	0.029	0.001
0.939	0.030	0.030	0.001
0.969	0.001	0.029	0.001
0.030	0.030	0.001	0.939
0.250	0.090	0.659	0.001
0.001	0.001	0.119	0.879
0.060	0.001	0.030	0.909
>GATCACGAGA	13-GATCACGAGA	8.248598	-24.337811	0	T:34.0(1.94%),B:0.6(0.03%),P:1e-10	Tpos:39.5,Tstd:18.0,Bpos:8.0,Bstd:0.0,StrandBias:1.1,Multiplicity:1.03
0.055	0.137	0.671	0.137
0.834	0.110	0.028	0.028
0.028	0.055	0.028	0.889
0.055	0.862	0.082	0.001
0.917	0.055	0.027	0.001
0.194	0.639	0.082	0.085
0.139	0.030	0.749	0.082
0.834	0.164	0.001	0.001
0.055	0.137	0.780	0.028
0.862	0.001	0.110	0.027
>AGTAAGAATA	14-AGTAAGAATA	8.474463	-24.067477	0	T:62.0(3.54%),B:10.9(0.60%),P:1e-10	Tpos:38.8,Tstd:19.0,Bpos:28.2,Bstd:12.8,StrandBias:0.8,Multiplicity:1.00
0.932	0.001	0.001	0.066
0.066	0.066	0.867	0.001
0.066	0.001	0.001	0.932
0.867	0.001	0.066	0.066
0.997	0.001	0.001	0.001
0.133	0.066	0.800	0.001
0.997	0.001	0.001	0.001
0.932	0.001	0.001	0.066
0.132	0.001	0.001	0.866
0.867	0.066	0.001	0.066
>AGGRATGRRG	15-AGGRATGRRG	7.883519	-23.206376	0	T:56.0(3.20%),B:8.6(0.47%),P:1e-10	Tpos:40.3,Tstd:19.0,Bpos:28.2,Bstd:17.5,StrandBias:-0.8,Multiplicity:1.00
0.867	0.026	0.028	0.079
0.027	0.039	0.710	0.224
0.368	0.041	0.539	0.052
0.480	0.095	0.385	0.041
0.896	0.052	0.026	0.026
0.092	0.026	0.041	0.841
0.133	0.016	0.799	0.052
0.411	0.080	0.440	0.069
0.369	0.026	0.512	0.093
0.105	0.052	0.804	0.039
>GGCTGGKTCA	16-GGCTGGKTCA	7.535999	-22.702404	0	T:68.0(3.88%),B:14.9(0.82%),P:1e-9	Tpos:35.9,Tstd:20.8,Bpos:31.0,Bstd:19.7,StrandBias:0.3,Multiplicity:1.03
0.038	0.001	0.829	0.132
0.001	0.109	0.693	0.197
0.242	0.418	0.141	0.200
0.238	0.001	0.001	0.760
0.133	0.001	0.865	0.001
0.001	0.367	0.520	0.112
0.173	0.165	0.275	0.387
0.001	0.001	0.035	0.963
0.001	0.862	0.104	0.033
0.796	0.202	0.001	0.001
>GGGTTTWAAA	17-GGGTTTWAAA	8.193468	-22.355275	0	T:77.0(4.40%),B:19.1(1.05%),P:1e-9	Tpos:35.4,Tstd:18.8,Bpos:41.2,Bstd:18.7,StrandBias:0.4,Multiplicity:1.00
0.122	0.001	0.580	0.297
0.260	0.001	0.582	0.157
0.357	0.058	0.528	0.057
0.199	0.056	0.001	0.744
0.001	0.001	0.001	0.997
0.027	0.001	0.001	0.971
0.319	0.086	0.150	0.444
0.686	0.001	0.114	0.199
0.997	0.001	0.001	0.001
0.971	0.001	0.001	0.027
>AGGTAGATAT	18-AGGTAGATAT	8.305324	-22.252650	0	T:61.0(3.48%),B:11.2(0.62%),P:1e-9	Tpos:36.5,Tstd:20.3,Bpos:30.7,Bstd:12.1,StrandBias:0.0,Multiplicity:1.02
0.961	0.001	0.034	0.004
0.239	0.034	0.722	0.005
0.034	0.136	0.659	0.171
0.218	0.107	0.036	0.639
0.892	0.001	0.001	0.106
0.273	0.068	0.625	0.034
0.927	0.001	0.038	0.034
0.185	0.034	0.001	0.780
0.960	0.001	0.038	0.001
0.136	0.001	0.001	0.862
>ATATTTGAGA	19-ATATTTGAGA	7.306895	-20.595860	0	T:107.0(6.11%),B:39.9(2.20%),P:1e-8	Tpos:35.7,Tstd:19.9,Bpos:39.8,Bstd:21.9,StrandBias:-0.4,Multiplicity:1.03
0.784	0.032	0.086	0.098
0.032	0.064	0.087	0.817
0.793	0.075	0.064	0.068
0.064	0.098	0.032	0.806
0.064	0.032	0.076	0.828
0.054	0.011	0.054	0.881
0.119	0.055	0.733	0.093
0.804	0.001	0.087	0.108
0.147	0.086	0.681	0.086
0.891	0.033	0.055	0.021
>AACATAGCAA	20-AACATAGCAA	9.736866	-19.348557	0	T:31.0(1.77%),B:2.0(0.11%),P:1e-8	Tpos:36.7,Tstd:23.1,Bpos:46.0,Bstd:12.9,StrandBias:-0.3,Multiplicity:1.00
0.857	0.095	0.001	0.047
0.951	0.001	0.001	0.047
0.047	0.951	0.001	0.001
0.905	0.047	0.001	0.047
0.047	0.001	0.286	0.666
0.857	0.001	0.095	0.047
0.001	0.001	0.951	0.047
0.001	0.997	0.001	0.001
0.951	0.001	0.001	0.047
0.905	0.001	0.047	0.047
>ATGCATAGTA	21-ATGCATAGTA	7.765828	-19.079280	0	T:42.0(2.40%),B:6.0(0.33%),P:1e-8	Tpos:36.6,Tstd:19.0,Bpos:50.4,Bstd:18.0,StrandBias:0.1,Multiplicity:1.03
0.784	0.083	0.050	0.083
0.035	0.017	0.033	0.915
0.168	0.050	0.699	0.083
0.116	0.749	0.050	0.085
0.893	0.019	0.017	0.071
0.132	0.050	0.116	0.702
0.848	0.001	0.116	0.035
0.035	0.066	0.833	0.066
0.069	0.083	0.050	0.798
0.800	0.017	0.017	0.166
>CCCAAACCTC	22-CCCAAACCTC	5.879649	-16.648046	0	T:38.0(2.17%),B:5.8(0.32%),P:1e-7	Tpos:37.5,Tstd:18.5,Bpos:30.5,Bstd:16.7,StrandBias:0.0,Multiplicity:1.00
0.031	0.645	0.006	0.318
0.100	0.663	0.002	0.235
0.250	0.522	0.004	0.224
0.572	0.275	0.005	0.148
0.591	0.215	0.171	0.023
0.455	0.132	0.211	0.202
0.180	0.421	0.148	0.251
0.226	0.431	0.110	0.233
0.245	0.203	0.054	0.498
0.253	0.422	0.102	0.223
>TCCCCGTCTC	23-TCCCCGTCTC	6.559055	-14.142913	0	T:36.0(2.06%),B:6.4(0.35%),P:1e-6	Tpos:35.2,Tstd:23.8,Bpos:31.0,Bstd:0.0,StrandBias:0.2,Multiplicity:1.03
0.133	0.137	0.108	0.622
0.087	0.640	0.111	0.162
0.138	0.628	0.061	0.173
0.134	0.647	0.067	0.152
0.219	0.494	0.069	0.218
0.197	0.169	0.434	0.200
0.093	0.152	0.119	0.636
0.100	0.623	0.129	0.148
0.115	0.161	0.058	0.666
0.109	0.609	0.120	0.162
>GAAATGGAAG	24-GAAATGGAAG	10.053989	-13.265808	0	T:25.0(1.43%),B:2.1(0.11%),P:1e-5	Tpos:34.3,Tstd:17.3,Bpos:28.0,Bstd:0.0,StrandBias:1.1,Multiplicity:1.00
0.117	0.001	0.824	0.058
0.940	0.001	0.058	0.001
0.997	0.001	0.001	0.001
0.824	0.058	0.117	0.001
0.001	0.001	0.001	0.997
0.117	0.001	0.824	0.058
0.117	0.001	0.881	0.001
0.883	0.001	0.058	0.058
0.940	0.001	0.058	0.001
0.058	0.001	0.940	0.001
>TCATCTATTT	25-TCATCTATTT	8.021595	-8.024995	0	T:35.0(2.00%),B:12.6(0.69%),P:1e-3	Tpos:38.7,Tstd:21.6,Bpos:51.6,Bstd:9.9,StrandBias:0.3,Multiplicity:1.00
0.045	0.105	0.077	0.773
0.060	0.848	0.030	0.062
0.938	0.015	0.015	0.032
0.105	0.075	0.107	0.713
0.045	0.744	0.075	0.136
0.017	0.135	0.001	0.847
0.846	0.034	0.060	0.060
0.107	0.060	0.075	0.758
0.075	0.060	0.077	0.788
0.092	0.075	0.060	0.773
