>GGGAGGYWGAGG	1-GGGAGGYWGAGG	9.686738	-56.627805	0	T:167.0(9.54%),B:33.9(1.87%),P:1e-24	Tpos:37.8,Tstd:18.4,Bpos:35.6,Bstd:22.8,StrandBias:0.6,Multiplicity:1.16
0.305	0.047	0.528	0.120
0.030	0.024	0.862	0.084
0.097	0.036	0.849	0.018
0.795	0.030	0.072	0.103
0.108	0.024	0.814	0.054
0.090	0.012	0.821	0.077
0.120	0.391	0.195	0.294
0.327	0.084	0.200	0.389
0.079	0.049	0.818	0.054
0.477	0.155	0.127	0.240
0.360	0.018	0.561	0.061
0.125	0.109	0.735	0.031
>SCTGGRATBMAA	2-SCTGGRATBMAA	8.074531	-51.079226	0	T:213.0(12.16%),B:64.1(3.53%),P:1e-22	Tpos:37.7,Tstd:18.1,Bpos:32.0,Bstd:18.0,StrandBias:-0.0,Multiplicity:1.02
0.216	0.331	0.396	0.056
0.159	0.775	0.001	0.065
0.001	0.001	0.001	0.997
0.001	0.001	0.997	0.001
0.281	0.001	0.454	0.264
0.508	0.001	0.490	0.001
0.655	0.001	0.269	0.075
0.150	0.113	0.246	0.491
0.001	0.348	0.339	0.312
0.378	0.481	0.085	0.056
0.565	0.377	0.001	0.057
0.727	0.001	0.271	0.001
>MCCHHSCCCAGC	3-MCCHHSCCCAGC	6.165308	-40.442328	0	T:250.0(14.28%),B:103.3(5.69%),P:1e-17	Tpos:37.1,Tstd:20.1,Bpos:40.7,Bstd:23.1,StrandBias:0.0,Multiplicity:1.11
0.411	0.349	0.090	0.150
0.021	0.528	0.168	0.283
0.211	0.480	0.009	0.301
0.273	0.327	0.172	0.228
0.301	0.303	0.099	0.297
0.189	0.361	0.273	0.177
0.013	0.802	0.086	0.099
0.009	0.952	0.013	0.026
0.185	0.765	0.004	0.046
0.662	0.017	0.192	0.129
0.133	0.233	0.535	0.099
0.009	0.670	0.300	0.021
>GWGATTCTCYTG	4-GWGATTCTCYTG	9.441223	-37.057339	0	T:86.0(4.91%),B:11.8(0.65%),P:1e-16	Tpos:37.2,Tstd:14.5,Bpos:35.3,Bstd:33.5,StrandBias:-0.3,Multiplicity:1.00
0.001	0.001	0.910	0.088
0.396	0.245	0.001	0.357
0.106	0.179	0.670	0.045
0.864	0.001	0.089	0.046
0.306	0.001	0.001	0.692
0.001	0.001	0.001	0.997
0.001	0.717	0.089	0.193
0.112	0.001	0.239	0.648
0.001	0.820	0.001	0.178
0.046	0.375	0.091	0.488
0.001	0.001	0.001	0.997
0.001	0.001	0.954	0.044
>AGCTCACTGCAA	5-AGCTCACTGCAA	8.274133	-36.205407	0	T:87.0(4.97%),B:12.0(0.66%),P:1e-15	Tpos:39.1,Tstd:22.2,Bpos:35.0,Bstd:22.3,StrandBias:-0.7,Multiplicity:1.00
0.615	0.078	0.154	0.153
0.103	0.136	0.518	0.243
0.147	0.560	0.186	0.107
0.193	0.100	0.011	0.696
0.164	0.583	0.125	0.128
0.757	0.136	0.004	0.103
0.110	0.608	0.132	0.150
0.157	0.064	0.007	0.772
0.089	0.071	0.597	0.243
0.160	0.643	0.086	0.111
0.861	0.103	0.032	0.004
0.636	0.093	0.103	0.168
>WWAAATAAAWWW	6-WWAAATAAAWWW	6.511380	-34.088813	0	T:390.0(22.27%),B:223.9(12.34%),P:1e-14	Tpos:35.9,Tstd:18.6,Bpos:36.9,Bstd:17.5,StrandBias:-0.0,Multiplicity:1.22
0.454	0.130	0.103	0.313
0.358	0.103	0.157	0.383
0.643	0.173	0.071	0.113
0.736	0.075	0.016	0.173
0.898	0.016	0.075	0.011
0.005	0.059	0.005	0.931
0.979	0.010	0.001	0.010
0.795	0.005	0.065	0.135
0.978	0.016	0.005	0.001
0.464	0.125	0.087	0.324
0.351	0.097	0.146	0.405
0.347	0.178	0.194	0.281
>DNCCAGGCTGGA	7-DNCCAGGCTGGA	7.114338	-28.969228	0	T:63.0(3.60%),B:7.1(0.39%),P:1e-12	Tpos:34.9,Tstd:19.1,Bpos:67.1,Bstd:1.4,StrandBias:-0.4,Multiplicity:1.00
0.232	0.185	0.352	0.231
0.210	0.351	0.202	0.237
0.205	0.471	0.143	0.181
0.171	0.541	0.147	0.141
0.652	0.082	0.108	0.158
0.144	0.095	0.601	0.160
0.155	0.124	0.590	0.131
0.162	0.560	0.136	0.142
0.184	0.105	0.104	0.607
0.191	0.146	0.485	0.179
0.226	0.190	0.379	0.205
0.410	0.178	0.204	0.208
>GSAGRTCAAGAC	8-GSAGRTCAAGAC	9.938733	-27.267014	0	T:46.0(2.63%),B:2.9(0.16%),P:1e-11	Tpos:37.1,Tstd:17.7,Bpos:35.8,Bstd:12.8,StrandBias:-0.2,Multiplicity:1.00
0.418	0.001	0.580	0.001
0.001	0.455	0.543	0.001
0.997	0.001	0.001	0.001
0.001	0.001	0.997	0.001
0.434	0.001	0.414	0.151
0.001	0.270	0.277	0.452
0.369	0.541	0.089	0.001
0.569	0.001	0.250	0.180
0.997	0.001	0.001	0.001
0.269	0.001	0.729	0.001
0.548	0.047	0.182	0.223
0.184	0.724	0.001	0.091
>TTTGTAKTWTTW	9-TTTGTAKTWTTW	10.897627	-24.063387	0	T:50.0(2.86%),B:5.7(0.31%),P:1e-10	Tpos:39.7,Tstd:19.2,Bpos:47.8,Bstd:7.8,StrandBias:0.7,Multiplicity:1.00
0.001	0.001	0.001	0.997
0.001	0.118	0.001	0.880
0.001	0.118	0.001	0.880
0.308	0.033	0.658	0.001
0.187	0.001	0.001	0.811
0.997	0.001	0.001	0.001
0.121	0.166	0.313	0.399
0.001	0.001	0.001	0.997
0.483	0.119	0.001	0.398
0.001	0.001	0.001	0.997
0.001	0.213	0.001	0.785
0.472	0.001	0.001	0.526
>RAGATCATGYCA	10-RAGATCATGYCA	9.660948	-23.193191	0	T:40.0(2.28%),B:2.8(0.16%),P:1e-10	Tpos:33.1,Tstd:14.1,Bpos:35.3,Bstd:8.2,StrandBias:0.1,Multiplicity:1.00
0.376	0.037	0.514	0.073
0.816	0.001	0.001	0.182
0.001	0.001	0.997	0.001
0.739	0.001	0.224	0.036
0.073	0.073	0.037	0.817
0.110	0.764	0.089	0.037
0.635	0.037	0.218	0.110
0.073	0.040	0.042	0.845
0.116	0.151	0.660	0.073
0.001	0.488	0.001	0.510
0.001	0.962	0.036	0.001
0.997	0.001	0.001	0.001
>ATCACGAGGTCA	11-ATCACGAGGTCA	8.751524	-20.729602	0	T:33.0(1.88%),B:1.8(0.10%),P:1e-9	Tpos:34.7,Tstd:18.4,Bpos:37.3,Bstd:18.4,StrandBias:0.9,Multiplicity:1.00
0.754	0.075	0.040	0.131
0.059	0.112	0.134	0.695
0.019	0.900	0.062	0.019
0.773	0.096	0.019	0.112
0.206	0.465	0.118	0.212
0.212	0.037	0.601	0.150
0.757	0.019	0.112	0.112
0.094	0.019	0.775	0.112
0.056	0.056	0.829	0.059
0.118	0.019	0.094	0.769
0.075	0.809	0.094	0.022
0.906	0.001	0.018	0.075
>TAGAGAYGGGGT	12-TAGAGAYGGGGT	10.379832	-20.678772	0	T:42.0(2.40%),B:4.9(0.27%),P:1e-8	Tpos:32.3,Tstd:20.8,Bpos:30.5,Bstd:25.4,StrandBias:0.3,Multiplicity:1.00
0.085	0.001	0.001	0.913
0.839	0.001	0.080	0.080
0.001	0.085	0.913	0.001
0.913	0.001	0.085	0.001
0.001	0.001	0.997	0.001
0.833	0.001	0.165	0.001
0.081	0.389	0.081	0.450
0.001	0.001	0.997	0.001
0.080	0.001	0.758	0.161
0.085	0.001	0.913	0.001
0.161	0.080	0.758	0.001
0.080	0.001	0.085	0.834
>CTTCCTGGCTAA	13-CTTCCTGGCTAA	7.739298	-17.694014	0	T:97.0(5.54%),B:37.2(2.05%),P:1e-7	Tpos:39.9,Tstd:18.4,Bpos:32.9,Bstd:18.8,StrandBias:0.3,Multiplicity:1.01
0.160	0.799	0.001	0.040
0.312	0.141	0.001	0.546
0.001	0.057	0.087	0.855
0.001	0.847	0.001	0.151
0.154	0.805	0.001	0.040
0.077	0.019	0.001	0.903
0.041	0.019	0.615	0.325
0.115	0.192	0.576	0.117
0.076	0.788	0.098	0.038
0.308	0.156	0.001	0.535
0.537	0.175	0.231	0.057
0.903	0.020	0.001	0.076
