>KCAGTGAKMHNA	5-KCAGTGAKMHNA	7.105059	-30.009656	0	T:167.0(10.56%),B:63.8(3.93%),P:1e-13
0.132	0.001	0.505	0.362
0.001	0.926	0.055	0.018
0.962	0.001	0.001	0.036
0.001	0.001	0.944	0.054
0.001	0.054	0.001	0.944
0.001	0.001	0.979	0.019
0.630	0.019	0.294	0.057
0.062	0.165	0.419	0.355
0.354	0.416	0.193	0.038
0.346	0.340	0.055	0.259
0.227	0.210	0.337	0.226
0.626	0.092	0.058	0.224
