>NNAGCCTGAGNN	7-NNAGCCTGAGNN	5.205681	-23.675841	0	T:47.0(2.97%),B:5.0(0.31%),P:1e-10
0.246	0.266	0.254	0.234
0.244	0.318	0.211	0.227
0.460	0.086	0.145	0.309
0.167	0.178	0.469	0.186
0.167	0.523	0.177	0.133
0.225	0.548	0.060	0.167
0.254	0.116	0.067	0.563
0.156	0.204	0.492	0.148
0.463	0.116	0.255	0.166
0.224	0.190	0.380	0.205
0.257	0.267	0.199	0.277
0.332	0.226	0.190	0.252
