>YCTCTBCCTCCC	1-YCTCTBCCTCCC	6.150447	-56.650187	0	T:395.0(24.97%),B:179.8(11.09%),P:1e-24
0.110	0.410	0.083	0.397
0.105	0.572	0.038	0.285
0.133	0.322	0.054	0.490
0.108	0.561	0.090	0.241
0.156	0.202	0.052	0.590
0.113	0.319	0.277	0.290
0.051	0.718	0.018	0.213
0.142	0.650	0.001	0.207
0.188	0.099	0.032	0.681
0.029	0.538	0.163	0.270
0.049	0.844	0.027	0.080
0.117	0.591	0.003	0.289
