>AGGAGAATCACT	3-AGGAGAATCACT,BestGuess:ttk/dmmpmm(Noyes)/fly(0.695)	7.540535	-32.144487	0	T:60.0(3.79%),B:4.8(0.29%),P:1e-13
0.565	0.091	0.157	0.187
0.241	0.072	0.506	0.181
0.182	0.105	0.564	0.149
0.687	0.054	0.122	0.137
0.185	0.111	0.568	0.136
0.687	0.109	0.100	0.104
0.622	0.119	0.134	0.125
0.169	0.097	0.123	0.611
0.171	0.543	0.137	0.149
0.665	0.117	0.066	0.152
0.199	0.458	0.155	0.188
0.229	0.133	0.112	0.526
