>TTTAAAATATTT	8-TTTAAAATATTT	7.754921	-21.719324	0	T:148.0(9.36%),B:64.7(3.99%),P:1e-9
0.287	0.058	0.048	0.607
0.340	0.067	0.057	0.536
0.134	0.077	0.058	0.731
0.824	0.033	0.038	0.105
0.961	0.001	0.009	0.029
0.928	0.019	0.010	0.043
0.880	0.020	0.029	0.071
0.009	0.048	0.001	0.942
0.847	0.038	0.067	0.048
0.116	0.048	0.019	0.817
0.221	0.061	0.061	0.657
0.252	0.039	0.076	0.633
