>AGVAAACAAAGG	1-AGVAAACAAAGG	6.417377	-120.821835	0	T:775.0(25.83%),B:202.9(9.44%),P:1e-52	Tpos:36.8,Tstd:18.9,Bpos:35.4,Bstd:20.8,StrandBias:-0.0,Multiplicity:1.13
0.607	0.012	0.156	0.225
0.319	0.046	0.577	0.058
0.369	0.234	0.286	0.111
0.455	0.147	0.253	0.145
0.744	0.031	0.224	0.001
0.674	0.007	0.155	0.164
0.001	0.673	0.325	0.001
0.997	0.001	0.001	0.001
0.822	0.050	0.127	0.001
0.788	0.001	0.014	0.197
0.101	0.070	0.730	0.099
0.277	0.241	0.468	0.014
>GCCGCCGCCGCC	2-GCCGCCGCCGCC	8.051813	-82.493052	0	T:207.0(6.90%),B:11.1(0.52%),P:1e-35	Tpos:37.8,Tstd:17.9,Bpos:28.0,Bstd:40.7,StrandBias:-0.1,Multiplicity:1.13
0.016	0.098	0.885	0.001
0.008	0.841	0.087	0.064
0.064	0.766	0.098	0.072
0.032	0.103	0.817	0.048
0.009	0.856	0.087	0.048
0.032	0.776	0.088	0.104
0.025	0.104	0.847	0.024
0.048	0.840	0.080	0.032
0.064	0.743	0.096	0.097
0.024	0.079	0.813	0.084
0.001	0.959	0.039	0.001
0.001	0.862	0.112	0.025
>CGCCCCGCCCCC	3-CGCCCCGCCCCC	9.895195	-81.873908	0	T:179.0(5.97%),B:5.1(0.24%),P:1e-35	Tpos:37.6,Tstd:19.4,Bpos:37.5,Bstd:22.5,StrandBias:0.1,Multiplicity:1.13
0.128	0.526	0.238	0.108
0.068	0.198	0.547	0.187
0.001	0.989	0.001	0.009
0.009	0.852	0.138	0.001
0.001	0.997	0.001	0.001
0.001	0.997	0.001	0.001
0.119	0.039	0.508	0.334
0.001	0.901	0.097	0.001
0.009	0.971	0.001	0.019
0.001	0.664	0.257	0.078
0.029	0.783	0.187	0.001
0.001	0.764	0.126	0.109
>CTTTGAAATGCA	4-CTTTGAAATGCA	5.935886	-75.458963	0	T:616.0(20.53%),B:184.6(8.59%),P:1e-32	Tpos:36.5,Tstd:18.6,Bpos:38.4,Bstd:21.1,StrandBias:-0.0,Multiplicity:1.10
0.134	0.712	0.041	0.113
0.230	0.063	0.001	0.706
0.003	0.074	0.049	0.874
0.052	0.001	0.065	0.882
0.041	0.255	0.594	0.110
0.594	0.079	0.082	0.245
0.638	0.085	0.148	0.129
0.758	0.071	0.028	0.143
0.223	0.008	0.195	0.574
0.058	0.033	0.761	0.148
0.121	0.651	0.102	0.126
0.652	0.082	0.016	0.250
>CACAGCAGGGAG	5-CACAGCAGGGAG	6.673827	-63.300796	0	T:184.0(6.13%),B:15.4(0.72%),P:1e-27	Tpos:36.3,Tstd:19.9,Bpos:22.9,Bstd:18.0,StrandBias:-0.3,Multiplicity:1.02
0.059	0.939	0.001	0.001
0.762	0.178	0.001	0.059
0.001	0.997	0.001	0.001
0.939	0.001	0.001	0.059
0.001	0.001	0.997	0.001
0.001	0.997	0.001	0.001
0.821	0.001	0.059	0.119
0.001	0.001	0.997	0.001
0.001	0.001	0.997	0.001
0.328	0.106	0.565	0.001
0.821	0.001	0.177	0.001
0.059	0.059	0.823	0.059
>CGCSCTSCTCCC	6-CGCSCTSCTCCC	9.228291	-56.587268	0	T:140.0(4.67%),B:7.0(0.33%),P:1e-24	Tpos:37.5,Tstd:18.7,Bpos:43.7,Bstd:18.3,StrandBias:-0.2,Multiplicity:1.07
0.045	0.865	0.060	0.030
0.032	0.276	0.632	0.060
0.038	0.828	0.059	0.075
0.072	0.473	0.425	0.030
0.001	0.969	0.001	0.029
0.090	0.222	0.114	0.574
0.030	0.495	0.415	0.060
0.001	0.954	0.015	0.030
0.075	0.353	0.030	0.542
0.030	0.876	0.060	0.034
0.045	0.821	0.059	0.075
0.030	0.925	0.015	0.030
>GCGCGGCGCCGC	7-GCGCGGCGCCGC	9.440942	-54.809936	0	T:113.0(3.77%),B:2.3(0.11%),P:1e-23	Tpos:34.9,Tstd:18.8,Bpos:0.0,Bstd:0.0,StrandBias:-0.4,Multiplicity:1.06
0.062	0.172	0.744	0.022
0.016	0.806	0.177	0.001
0.001	0.145	0.776	0.078
0.006	0.816	0.166	0.012
0.117	0.217	0.560	0.106
0.006	0.178	0.794	0.022
0.062	0.742	0.184	0.012
0.006	0.073	0.915	0.006
0.011	0.915	0.012	0.062
0.139	0.610	0.118	0.133
0.011	0.211	0.761	0.017
0.056	0.694	0.239	0.011
>NNSCCGGGCNNN	8-NNSCCGGGCNNN	5.555828	-48.418613	0	T:111.0(3.70%),B:4.2(0.19%),P:1e-21	Tpos:34.6,Tstd:20.7,Bpos:31.5,Bstd:8.9,StrandBias:0.0,Multiplicity:1.01
0.231	0.269	0.255	0.245
0.218	0.302	0.259	0.221
0.148	0.359	0.328	0.165
0.073	0.631	0.186	0.110
0.201	0.414	0.230	0.155
0.133	0.137	0.602	0.128
0.101	0.149	0.711	0.039
0.057	0.247	0.655	0.041
0.169	0.512	0.208	0.111
0.204	0.287	0.282	0.226
0.187	0.252	0.296	0.265
0.196	0.267	0.247	0.290
>CGCCCGCCCGCC	9-CGCCCGCCCGCC	10.024897	-35.392358	0	T:65.0(2.17%),B:0.0(0.00%),P:1e-15	Tpos:40.8,Tstd:19.6,Bpos:0.0,Bstd:0.0,StrandBias:-0.1,Multiplicity:1.00
0.072	0.775	0.081	0.072
0.018	0.091	0.773	0.118
0.027	0.890	0.064	0.019
0.018	0.809	0.109	0.064
0.028	0.855	0.036	0.081
0.046	0.054	0.836	0.064
0.036	0.891	0.072	0.001
0.027	0.882	0.063	0.028
0.027	0.853	0.074	0.046
0.037	0.055	0.835	0.073
0.027	0.811	0.126	0.036
0.019	0.809	0.109	0.063
