>NWDWSAAAGS	1-NWDWSAAAGS	5.243603	-255.324312	0	T:1294.0(43.13%),B:314.4(14.63%),P:1e-110	Tpos:36.4,Tstd:19.9,Bpos:36.5,Bstd:19.7,StrandBias:0.1,Multiplicity:1.32
0.354	0.217	0.215	0.214
0.358	0.150	0.180	0.312
0.345	0.189	0.197	0.268
0.399	0.065	0.176	0.360
0.001	0.532	0.400	0.067
0.997	0.001	0.001	0.001
0.949	0.048	0.002	0.001
0.569	0.001	0.065	0.365
0.175	0.079	0.525	0.221
0.230	0.275	0.415	0.081
>GCGGCCGGGG	2-GCGGCCGGGG	8.061367	-99.633520	0	T:244.0(8.13%),B:12.8(0.60%),P:1e-43	Tpos:37.0,Tstd:20.6,Bpos:38.3,Bstd:4.7,StrandBias:-0.2,Multiplicity:1.20
0.021	0.106	0.859	0.014
0.041	0.764	0.152	0.043
0.064	0.075	0.821	0.040
0.010	0.099	0.859	0.032
0.013	0.736	0.226	0.025
0.051	0.793	0.113	0.043
0.032	0.153	0.769	0.046
0.037	0.142	0.802	0.019
0.057	0.119	0.805	0.019
0.060	0.118	0.795	0.027
>RATGCAAATG	3-RATGCAAATG	6.203093	-96.090373	0	T:481.0(16.03%),B:96.6(4.50%),P:1e-41	Tpos:37.5,Tstd:19.0,Bpos:37.3,Bstd:17.6,StrandBias:0.1,Multiplicity:1.12
0.356	0.184	0.287	0.173
0.623	0.214	0.051	0.112
0.128	0.001	0.104	0.767
0.001	0.001	0.877	0.121
0.015	0.541	0.062	0.382
0.733	0.001	0.001	0.265
0.737	0.001	0.261	0.001
0.796	0.066	0.005	0.133
0.015	0.001	0.142	0.842
0.144	0.113	0.537	0.206
>GGGCCGCGCG	4-GGGCCGCGCG	8.495999	-87.367462	0	T:184.0(6.13%),B:4.2(0.19%),P:1e-37	Tpos:37.0,Tstd:21.5,Bpos:8.0,Bstd:0.0,StrandBias:0.4,Multiplicity:1.16
0.028	0.175	0.796	0.001
0.120	0.126	0.753	0.001
0.014	0.148	0.833	0.005
0.042	0.760	0.193	0.005
0.097	0.622	0.166	0.115
0.001	0.110	0.888	0.001
0.001	0.814	0.184	0.001
0.001	0.096	0.902	0.001
0.009	0.826	0.164	0.001
0.005	0.171	0.814	0.010
>ACAGCAGGGA	5-ACAGCAGGGA	7.125163	-84.965594	0	T:393.0(13.10%),B:72.0(3.35%),P:1e-36	Tpos:37.3,Tstd:19.2,Bpos:36.2,Bstd:40.9,StrandBias:-0.3,Multiplicity:1.05
0.628	0.150	0.121	0.101
0.083	0.841	0.038	0.038
0.838	0.057	0.032	0.073
0.054	0.035	0.876	0.035
0.035	0.901	0.035	0.029
0.815	0.045	0.073	0.067
0.048	0.019	0.908	0.025
0.038	0.038	0.892	0.032
0.148	0.122	0.651	0.079
0.657	0.102	0.151	0.090
>CCTGGGGGNG	6-CCTGGGGGNG	7.159470	-80.993628	0	T:386.0(12.87%),B:72.4(3.37%),P:1e-35	Tpos:36.2,Tstd:18.8,Bpos:36.1,Bstd:27.0,StrandBias:-0.2,Multiplicity:1.08
0.044	0.763	0.187	0.006
0.001	0.974	0.001	0.024
0.139	0.171	0.120	0.570
0.001	0.001	0.986	0.012
0.001	0.147	0.792	0.060
0.140	0.032	0.822	0.006
0.151	0.019	0.811	0.019
0.183	0.121	0.639	0.057
0.326	0.185	0.278	0.211
0.156	0.256	0.587	0.001
>GCCGCCCGCG	7-GCCGCCCGCG	6.515819	-77.857466	0	T:198.0(6.60%),B:11.6(0.54%),P:1e-33	Tpos:35.3,Tstd:19.4,Bpos:27.2,Bstd:7.6,StrandBias:0.0,Multiplicity:1.07
0.097	0.189	0.650	0.064
0.099	0.621	0.198	0.082
0.150	0.524	0.188	0.138
0.085	0.243	0.528	0.144
0.071	0.676	0.177	0.076
0.060	0.689	0.172	0.079
0.119	0.536	0.218	0.127
0.086	0.265	0.532	0.117
0.105	0.600	0.228	0.067
0.118	0.191	0.552	0.139
>CGCGGCTCCK	8-CGCGGCTCCK	6.807549	-77.682550	0	T:176.0(5.87%),B:6.6(0.31%),P:1e-33	Tpos:35.5,Tstd:20.4,Bpos:30.9,Bstd:16.4,StrandBias:0.5,Multiplicity:1.03
0.104	0.638	0.163	0.095
0.078	0.165	0.675	0.082
0.076	0.693	0.124	0.107
0.122	0.153	0.606	0.119
0.061	0.139	0.702	0.098
0.073	0.734	0.116	0.077
0.076	0.179	0.185	0.560
0.061	0.716	0.133	0.090
0.094	0.677	0.112	0.117
0.001	0.001	0.530	0.468
>AGCAGCGCGC	9-AGCAGCGCGC	7.232275	-75.226686	0	T:236.0(7.87%),B:23.3(1.08%),P:1e-32	Tpos:38.5,Tstd:19.7,Bpos:37.9,Bstd:14.6,StrandBias:0.1,Multiplicity:1.04
0.720	0.118	0.087	0.075
0.049	0.025	0.882	0.044
0.037	0.839	0.105	0.019
0.757	0.056	0.113	0.074
0.025	0.062	0.901	0.012
0.087	0.745	0.131	0.037
0.037	0.124	0.795	0.044
0.074	0.807	0.075	0.044
0.043	0.112	0.740	0.105
0.025	0.826	0.105	0.044
>GGGCGAGGGG	10-GGGCGAGGGG	8.166894	-72.784038	0	T:192.0(6.40%),B:12.6(0.59%),P:1e-31	Tpos:36.2,Tstd:20.6,Bpos:29.7,Bstd:21.2,StrandBias:0.1,Multiplicity:1.04
0.044	0.064	0.845	0.047
0.052	0.095	0.829	0.024
0.024	0.071	0.893	0.012
0.080	0.637	0.247	0.036
0.048	0.064	0.833	0.055
0.613	0.107	0.161	0.119
0.054	0.040	0.874	0.032
0.064	0.067	0.837	0.032
0.075	0.059	0.838	0.028
0.071	0.083	0.806	0.040
>GGGGACGCGS	11-GGGGACGCGS	7.450690	-69.492931	0	T:165.0(5.50%),B:7.6(0.35%),P:1e-30	Tpos:35.9,Tstd:22.2,Bpos:27.8,Bstd:14.3,StrandBias:0.6,Multiplicity:1.07
0.184	0.234	0.413	0.169
0.064	0.025	0.910	0.001
0.013	0.064	0.897	0.026
0.052	0.051	0.896	0.001
0.814	0.119	0.054	0.013
0.105	0.733	0.148	0.014
0.001	0.039	0.883	0.077
0.026	0.829	0.119	0.026
0.064	0.090	0.819	0.027
0.080	0.391	0.426	0.103
>GGCGGCGCCG	12-GGCGGCGCCG	8.760228	-63.733632	0	T:135.0(4.50%),B:3.2(0.15%),P:1e-27	Tpos:37.4,Tstd:18.0,Bpos:64.0,Bstd:0.0,StrandBias:-0.1,Multiplicity:1.09
0.043	0.196	0.760	0.001
0.001	0.108	0.890	0.001
0.001	0.912	0.086	0.001
0.109	0.022	0.868	0.001
0.001	0.064	0.934	0.001
0.001	0.912	0.086	0.001
0.001	0.021	0.977	0.001
0.001	0.968	0.030	0.001
0.022	0.803	0.022	0.153
0.001	0.021	0.977	0.001
>GSTCCCGCSS	13-GSTCCCGCSS	7.747560	-58.500741	0	T:167.0(5.57%),B:13.3(0.62%),P:1e-25	Tpos:34.9,Tstd:20.6,Bpos:29.4,Bstd:29.1,StrandBias:0.2,Multiplicity:1.04
0.156	0.254	0.437	0.153
0.051	0.385	0.400	0.165
0.127	0.050	0.001	0.822
0.013	0.961	0.013	0.013
0.001	0.986	0.012	0.001
0.001	0.997	0.001	0.001
0.001	0.001	0.997	0.001
0.001	0.910	0.088	0.001
0.001	0.351	0.427	0.220
0.089	0.481	0.340	0.090
>CARACCGCCG	14-CARACCGCCG	6.744793	-51.798998	0	T:160.0(5.33%),B:15.5(0.72%),P:1e-22	Tpos:38.9,Tstd:21.1,Bpos:37.4,Bstd:79.6,StrandBias:0.7,Multiplicity:1.01
0.011	0.733	0.217	0.039
0.453	0.206	0.239	0.103
0.403	0.206	0.317	0.074
0.815	0.065	0.083	0.037
0.022	0.520	0.344	0.114
0.056	0.879	0.046	0.019
0.037	0.037	0.898	0.028
0.037	0.944	0.018	0.001
0.003	0.555	0.357	0.085
0.084	0.167	0.746	0.003
>NYCCCWRGGN	15-NYCCCWRGGN	6.070749	-49.855507	0	T:452.0(15.07%),B:141.0(6.56%),P:1e-21	Tpos:35.3,Tstd:19.9,Bpos:35.2,Bstd:22.4,StrandBias:-0.0,Multiplicity:1.03
0.221	0.250	0.239	0.290
0.013	0.309	0.253	0.425
0.004	0.471	0.239	0.285
0.320	0.675	0.001	0.004
0.398	0.594	0.004	0.004
0.447	0.004	0.249	0.300
0.469	0.001	0.526	0.004
0.176	0.001	0.819	0.004
0.004	0.004	0.991	0.001
0.307	0.265	0.266	0.162
>CCCACTGAGC	16-CCCACTGAGC	7.413076	-48.280659	0	T:192.0(6.40%),B:28.7(1.34%),P:1e-20	Tpos:37.0,Tstd:19.3,Bpos:29.2,Bstd:32.1,StrandBias:0.4,Multiplicity:1.04
0.001	0.978	0.020	0.001
0.001	0.997	0.001	0.001
0.043	0.891	0.021	0.045
0.699	0.021	0.236	0.044
0.001	0.808	0.085	0.106
0.205	0.021	0.043	0.731
0.001	0.064	0.892	0.043
0.586	0.065	0.178	0.171
0.043	0.043	0.849	0.065
0.206	0.632	0.135	0.027
>GCGGCAGCCG	17-GCGGCAGCCG	8.020766	-46.767762	0	T:98.0(3.27%),B:2.7(0.13%),P:1e-20	Tpos:41.2,Tstd:20.6,Bpos:62.0,Bstd:0.0,StrandBias:-0.3,Multiplicity:1.02
0.029	0.058	0.884	0.029
0.063	0.850	0.058	0.029
0.106	0.102	0.681	0.111
0.039	0.067	0.880	0.014
0.029	0.832	0.096	0.043
0.637	0.126	0.116	0.121
0.077	0.058	0.851	0.014
0.029	0.854	0.088	0.029
0.102	0.720	0.111	0.067
0.073	0.068	0.820	0.039
>CCGGGAAGCC	18-CCGGGAAGCC	7.874776	-42.324704	0	T:158.0(5.27%),B:21.7(1.01%),P:1e-18	Tpos:40.8,Tstd:19.0,Bpos:47.2,Bstd:19.5,StrandBias:0.1,Multiplicity:1.05
0.001	0.851	0.074	0.074
0.073	0.756	0.146	0.025
0.001	0.167	0.597	0.235
0.025	0.001	0.973	0.001
0.098	0.048	0.853	0.001
0.604	0.228	0.167	0.001
0.778	0.001	0.220	0.001
0.001	0.048	0.949	0.002
0.001	0.806	0.167	0.026
0.026	0.852	0.072	0.050
>ATTGTTCTCT	19-ATTGTTCTCT	7.924914	-39.722967	0	T:137.0(4.57%),B:16.9(0.79%),P:1e-17	Tpos:39.7,Tstd:18.5,Bpos:42.2,Bstd:16.4,StrandBias:0.4,Multiplicity:1.01
0.581	0.001	0.284	0.134
0.001	0.213	0.061	0.725
0.001	0.001	0.001	0.997
0.001	0.001	0.997	0.001
0.001	0.060	0.001	0.938
0.061	0.061	0.001	0.877
0.320	0.649	0.001	0.030
0.061	0.308	0.082	0.549
0.038	0.673	0.076	0.213
0.030	0.001	0.061	0.908
>CCGGGGCTGT	20-CCGGGGCTGT	6.428278	-34.057392	0	T:91.0(3.03%),B:6.4(0.30%),P:1e-14	Tpos:38.1,Tstd:18.9,Bpos:15.4,Bstd:4.3,StrandBias:-0.7,Multiplicity:1.04
0.101	0.615	0.171	0.113
0.149	0.543	0.156	0.152
0.144	0.143	0.573	0.140
0.114	0.147	0.632	0.107
0.123	0.114	0.654	0.109
0.093	0.127	0.681	0.099
0.122	0.628	0.145	0.105
0.128	0.137	0.155	0.580
0.079	0.172	0.597	0.152
0.139	0.202	0.163	0.496
>CTTAAAGCTG	21-CTTAAAGCTG	7.425752	-33.080518	0	T:89.0(2.97%),B:6.8(0.32%),P:1e-14	Tpos:38.5,Tstd:17.7,Bpos:30.7,Bstd:8.1,StrandBias:-0.1,Multiplicity:1.03
0.073	0.755	0.087	0.085
0.072	0.060	0.024	0.844
0.060	0.072	0.081	0.787
0.658	0.100	0.073	0.169
0.807	0.072	0.085	0.036
0.855	0.037	0.072	0.036
0.048	0.061	0.879	0.012
0.012	0.856	0.060	0.072
0.158	0.048	0.036	0.758
0.036	0.048	0.830	0.086
>CTAATCACTT	22-CTAATCACTT	7.485315	-28.334426	0	T:99.0(3.30%),B:12.6(0.59%),P:1e-12	Tpos:35.4,Tstd:21.8,Bpos:30.5,Bstd:12.9,StrandBias:0.4,Multiplicity:1.00
0.089	0.799	0.067	0.045
0.047	0.001	0.001	0.951
0.843	0.022	0.090	0.045
0.754	0.001	0.001	0.244
0.022	0.089	0.201	0.688
0.004	0.716	0.225	0.055
0.770	0.070	0.026	0.134
0.022	0.929	0.048	0.001
0.090	0.201	0.001	0.708
0.003	0.070	0.045	0.882
>CCCCSCTTCC	23-CCCCSCTTCC	8.590354	-26.739481	0	T:86.0(2.87%),B:9.6(0.45%),P:1e-11	Tpos:38.9,Tstd:19.5,Bpos:26.0,Bstd:12.8,StrandBias:0.8,Multiplicity:1.02
0.001	0.948	0.050	0.001
0.001	0.899	0.050	0.050
0.001	0.997	0.001	0.001
0.001	0.568	0.050	0.381
0.211	0.302	0.436	0.050
0.001	0.985	0.007	0.007
0.050	0.007	0.050	0.893
0.050	0.029	0.202	0.719
0.001	0.997	0.001	0.001
0.001	0.997	0.001	0.001
>RGACTTTCCT	24-RGACTTTCCT	8.832963	-24.211045	0	T:55.0(1.83%),B:2.0(0.09%),P:1e-10	Tpos:37.3,Tstd:19.4,Bpos:44.4,Bstd:8.8,StrandBias:0.4,Multiplicity:1.00
0.412	0.001	0.496	0.091
0.046	0.012	0.896	0.046
0.635	0.024	0.340	0.001
0.001	0.987	0.011	0.001
0.286	0.001	0.001	0.712
0.001	0.001	0.001	0.997
0.001	0.001	0.045	0.953
0.001	0.862	0.091	0.046
0.001	0.953	0.001	0.045
0.045	0.001	0.001	0.953
>TCACCCGCTG	25-TCACCCGCTG	6.486470	-23.515190	0	T:69.0(2.30%),B:6.9(0.32%),P:1e-10	Tpos:34.6,Tstd:20.9,Bpos:41.3,Bstd:17.9,StrandBias:0.2,Multiplicity:1.03
0.112	0.179	0.152	0.557
0.115	0.629	0.134	0.122
0.521	0.205	0.115	0.159
0.119	0.608	0.169	0.104
0.105	0.659	0.099	0.137
0.163	0.551	0.117	0.169
0.141	0.173	0.539	0.147
0.077	0.692	0.131	0.100
0.144	0.127	0.118	0.611
0.088	0.148	0.635	0.129
>AGVAAACAAAGG	1-AGVAAACAAAGG	6.417377	-120.821835	0	T:775.0(25.83%),B:202.9(9.44%),P:1e-52	Tpos:36.8,Tstd:18.9,Bpos:35.4,Bstd:20.8,StrandBias:-0.0,Multiplicity:1.13
0.607	0.012	0.156	0.225
0.319	0.046	0.577	0.058
0.369	0.234	0.286	0.111
0.455	0.147	0.253	0.145
0.744	0.031	0.224	0.001
0.674	0.007	0.155	0.164
0.001	0.673	0.325	0.001
0.997	0.001	0.001	0.001
0.822	0.050	0.127	0.001
0.788	0.001	0.014	0.197
0.101	0.070	0.730	0.099
0.277	0.241	0.468	0.014
>GCCGCCGCCGCC	2-GCCGCCGCCGCC	8.051813	-82.493052	0	T:207.0(6.90%),B:11.1(0.52%),P:1e-35	Tpos:37.8,Tstd:17.9,Bpos:28.0,Bstd:40.7,StrandBias:-0.1,Multiplicity:1.13
0.016	0.098	0.885	0.001
0.008	0.841	0.087	0.064
0.064	0.766	0.098	0.072
0.032	0.103	0.817	0.048
0.009	0.856	0.087	0.048
0.032	0.776	0.088	0.104
0.025	0.104	0.847	0.024
0.048	0.840	0.080	0.032
0.064	0.743	0.096	0.097
0.024	0.079	0.813	0.084
0.001	0.959	0.039	0.001
0.001	0.862	0.112	0.025
>CGCCCCGCCCCC	3-CGCCCCGCCCCC	9.895195	-81.873908	0	T:179.0(5.97%),B:5.1(0.24%),P:1e-35	Tpos:37.6,Tstd:19.4,Bpos:37.5,Bstd:22.5,StrandBias:0.1,Multiplicity:1.13
0.128	0.526	0.238	0.108
0.068	0.198	0.547	0.187
0.001	0.989	0.001	0.009
0.009	0.852	0.138	0.001
0.001	0.997	0.001	0.001
0.001	0.997	0.001	0.001
0.119	0.039	0.508	0.334
0.001	0.901	0.097	0.001
0.009	0.971	0.001	0.019
0.001	0.664	0.257	0.078
0.029	0.783	0.187	0.001
0.001	0.764	0.126	0.109
>CTTTGAAATGCA	4-CTTTGAAATGCA	5.935886	-75.458963	0	T:616.0(20.53%),B:184.6(8.59%),P:1e-32	Tpos:36.5,Tstd:18.6,Bpos:38.4,Bstd:21.1,StrandBias:-0.0,Multiplicity:1.10
0.134	0.712	0.041	0.113
0.230	0.063	0.001	0.706
0.003	0.074	0.049	0.874
0.052	0.001	0.065	0.882
0.041	0.255	0.594	0.110
0.594	0.079	0.082	0.245
0.638	0.085	0.148	0.129
0.758	0.071	0.028	0.143
0.223	0.008	0.195	0.574
0.058	0.033	0.761	0.148
0.121	0.651	0.102	0.126
0.652	0.082	0.016	0.250
>CACAGCAGGGAG	5-CACAGCAGGGAG	6.673827	-63.300796	0	T:184.0(6.13%),B:15.4(0.72%),P:1e-27	Tpos:36.3,Tstd:19.9,Bpos:22.9,Bstd:18.0,StrandBias:-0.3,Multiplicity:1.02
0.059	0.939	0.001	0.001
0.762	0.178	0.001	0.059
0.001	0.997	0.001	0.001
0.939	0.001	0.001	0.059
0.001	0.001	0.997	0.001
0.001	0.997	0.001	0.001
0.821	0.001	0.059	0.119
0.001	0.001	0.997	0.001
0.001	0.001	0.997	0.001
0.328	0.106	0.565	0.001
0.821	0.001	0.177	0.001
0.059	0.059	0.823	0.059
>CGCSCTSCTCCC	6-CGCSCTSCTCCC	9.228291	-56.587268	0	T:140.0(4.67%),B:7.0(0.33%),P:1e-24	Tpos:37.5,Tstd:18.7,Bpos:43.7,Bstd:18.3,StrandBias:-0.2,Multiplicity:1.07
0.045	0.865	0.060	0.030
0.032	0.276	0.632	0.060
0.038	0.828	0.059	0.075
0.072	0.473	0.425	0.030
0.001	0.969	0.001	0.029
0.090	0.222	0.114	0.574
0.030	0.495	0.415	0.060
0.001	0.954	0.015	0.030
0.075	0.353	0.030	0.542
0.030	0.876	0.060	0.034
0.045	0.821	0.059	0.075
0.030	0.925	0.015	0.030
>GCGCGGCGCCGC	7-GCGCGGCGCCGC	9.440942	-54.809936	0	T:113.0(3.77%),B:2.3(0.11%),P:1e-23	Tpos:34.9,Tstd:18.8,Bpos:0.0,Bstd:0.0,StrandBias:-0.4,Multiplicity:1.06
0.062	0.172	0.744	0.022
0.016	0.806	0.177	0.001
0.001	0.145	0.776	0.078
0.006	0.816	0.166	0.012
0.117	0.217	0.560	0.106
0.006	0.178	0.794	0.022
0.062	0.742	0.184	0.012
0.006	0.073	0.915	0.006
0.011	0.915	0.012	0.062
0.139	0.610	0.118	0.133
0.011	0.211	0.761	0.017
0.056	0.694	0.239	0.011
>NNSCCGGGCNNN	8-NNSCCGGGCNNN	5.555828	-48.418613	0	T:111.0(3.70%),B:4.2(0.19%),P:1e-21	Tpos:34.6,Tstd:20.7,Bpos:31.5,Bstd:8.9,StrandBias:0.0,Multiplicity:1.01
0.231	0.269	0.255	0.245
0.218	0.302	0.259	0.221
0.148	0.359	0.328	0.165
0.073	0.631	0.186	0.110
0.201	0.414	0.230	0.155
0.133	0.137	0.602	0.128
0.101	0.149	0.711	0.039
0.057	0.247	0.655	0.041
0.169	0.512	0.208	0.111
0.204	0.287	0.282	0.226
0.187	0.252	0.296	0.265
0.196	0.267	0.247	0.290
>CGCCCGCCCGCC	9-CGCCCGCCCGCC	10.024897	-35.392358	0	T:65.0(2.17%),B:0.0(0.00%),P:1e-15	Tpos:40.8,Tstd:19.6,Bpos:0.0,Bstd:0.0,StrandBias:-0.1,Multiplicity:1.00
0.072	0.775	0.081	0.072
0.018	0.091	0.773	0.118
0.027	0.890	0.064	0.019
0.018	0.809	0.109	0.064
0.028	0.855	0.036	0.081
0.046	0.054	0.836	0.064
0.036	0.891	0.072	0.001
0.027	0.882	0.063	0.028
0.027	0.853	0.074	0.046
0.037	0.055	0.835	0.073
0.027	0.811	0.126	0.036
0.019	0.809	0.109	0.063
>CCWTTGTT	1-CCWTTGTT	6.220749	-279.269959	0	T:1020.0(34.00%),B:162.8(7.58%),P:1e-121	Tpos:36.1,Tstd:20.6,Bpos:34.6,Bstd:19.3,StrandBias:-0.1,Multiplicity:1.17
0.001	0.596	0.196	0.207
0.088	0.796	0.001	0.115
0.445	0.001	0.001	0.553
0.001	0.001	0.001	0.997
0.001	0.001	0.001	0.997
0.001	0.001	0.997	0.001
0.238	0.001	0.001	0.760
0.172	0.139	0.149	0.540
>VCGCTGYG	2-VCGCTGYG	5.295207	-133.937269	0	T:776.0(25.87%),B:187.6(8.73%),P:1e-58	Tpos:36.2,Tstd:21.2,Bpos:41.5,Bstd:28.9,StrandBias:-0.2,Multiplicity:1.06
0.257	0.402	0.294	0.047
0.046	0.542	0.207	0.205
0.024	0.041	0.896	0.039
0.009	0.954	0.008	0.029
0.076	0.057	0.010	0.857
0.038	0.104	0.846	0.012
0.001	0.452	0.004	0.543
0.078	0.065	0.707	0.150
>BSCTTTCC	3-BSCTTTCC	5.310206	-127.713322	0	T:1112.0(37.07%),B:371.8(17.30%),P:1e-55	Tpos:35.2,Tstd:20.3,Bpos:38.0,Bstd:23.1,StrandBias:-0.2,Multiplicity:1.15
0.093	0.296	0.265	0.346
0.195	0.377	0.380	0.048
0.030	0.866	0.084	0.020
0.315	0.094	0.001	0.590
0.036	0.001	0.001	0.962
0.001	0.001	0.143	0.855
0.001	0.632	0.366	0.001
0.337	0.522	0.001	0.140
>GYTAATKV	4-GYTAATKV	4.406881	-107.105354	0	T:1193.0(39.77%),B:452.3(21.05%),P:1e-46	Tpos:37.3,Tstd:19.8,Bpos:37.2,Bstd:23.3,StrandBias:-0.1,Multiplicity:1.17
0.001	0.158	0.626	0.215
0.035	0.356	0.204	0.406
0.237	0.001	0.001	0.761
0.619	0.001	0.379	0.001
0.718	0.124	0.001	0.157
0.239	0.193	0.064	0.504
0.001	0.001	0.482	0.516
0.347	0.256	0.365	0.032
>GGACGCGG	5-GGACGCGG	4.107582	-105.651667	0	T:325.0(10.83%),B:31.9(1.49%),P:1e-45	Tpos:36.5,Tstd:21.3,Bpos:36.9,Bstd:14.7,StrandBias:0.2,Multiplicity:1.16
0.001	0.001	0.997	0.001
0.174	0.001	0.824	0.001
0.601	0.372	0.026	0.001
0.001	0.997	0.001	0.001
0.001	0.001	0.997	0.001
0.001	0.974	0.001	0.024
0.001	0.001	0.997	0.001
0.079	0.353	0.567	0.001
>GCAGCCGG	6-GCAGCCGG	2.548542	-104.279101	0	T:815.0(27.17%),B:244.6(11.38%),P:1e-45	Tpos:36.7,Tstd:20.2,Bpos:34.6,Bstd:36.0,StrandBias:-0.3,Multiplicity:1.18
0.359	0.001	0.639	0.001
0.001	0.997	0.001	0.001
0.695	0.303	0.001	0.001
0.001	0.001	0.997	0.001
0.001	0.997	0.001	0.001
0.310	0.640	0.001	0.049
0.001	0.001	0.997	0.001
0.001	0.001	0.997	0.001
>ATTTGCAT	7-ATTTGCAT	4.970627	-101.180858	0	T:971.0(32.37%),B:333.3(15.51%),P:1e-43	Tpos:36.7,Tstd:19.6,Bpos:37.8,Bstd:22.0,StrandBias:0.1,Multiplicity:1.28
0.451	0.282	0.251	0.016
0.104	0.084	0.099	0.713
0.054	0.244	0.001	0.701
0.299	0.034	0.001	0.666
0.286	0.009	0.704	0.001
0.230	0.765	0.001	0.004
0.663	0.096	0.035	0.206
0.325	0.053	0.113	0.509
>AGCGCCGC	8-AGCGCCGC	5.817924	-80.539539	0	T:407.0(13.57%),B:81.6(3.80%),P:1e-34	Tpos:36.3,Tstd:20.3,Bpos:42.3,Bstd:47.9,StrandBias:0.1,Multiplicity:1.28
0.548	0.154	0.205	0.093
0.054	0.069	0.825	0.052
0.083	0.754	0.118	0.045
0.059	0.102	0.799	0.040
0.035	0.778	0.157	0.030
0.079	0.711	0.103	0.107
0.033	0.121	0.813	0.033
0.046	0.773	0.143	0.038
>TCCCCGGG	9-TCCCCGGG	6.226562	-73.181604	0	T:391.0(13.03%),B:82.1(3.82%),P:1e-31	Tpos:37.5,Tstd:20.0,Bpos:37.8,Bstd:30.0,StrandBias:0.0,Multiplicity:1.12
0.057	0.135	0.280	0.528
0.030	0.764	0.126	0.080
0.001	0.956	0.001	0.042
0.010	0.798	0.120	0.072
0.096	0.564	0.258	0.082
0.079	0.244	0.676	0.001
0.110	0.186	0.703	0.001
0.014	0.174	0.801	0.011
>CCTRGGGG	10-CCTRGGGG	6.357983	-69.804128	0	T:401.0(13.37%),B:90.5(4.21%),P:1e-30	Tpos:35.8,Tstd:19.2,Bpos:36.8,Bstd:24.0,StrandBias:-0.2,Multiplicity:1.02
0.001	0.686	0.312	0.001
0.001	0.558	0.279	0.162
0.001	0.255	0.133	0.611
0.402	0.007	0.407	0.184
0.001	0.001	0.997	0.001
0.226	0.001	0.772	0.001
0.192	0.001	0.806	0.001
0.001	0.319	0.520	0.160
>AGGGCGGC	11-AGGGCGGC	5.931386	-66.357276	0	T:305.0(10.17%),B:54.0(2.51%),P:1e-28	Tpos:36.8,Tstd:20.4,Bpos:35.5,Bstd:27.3,StrandBias:-0.1,Multiplicity:1.05
0.398	0.217	0.245	0.140
0.161	0.151	0.631	0.057
0.264	0.024	0.706	0.006
0.116	0.071	0.807	0.006
0.116	0.612	0.206	0.066
0.001	0.049	0.711	0.239
0.021	0.174	0.658	0.147
0.016	0.628	0.147	0.209
>CCTCCCCC	12-CCTCCCCC	6.614922	-57.433126	0	T:213.0(7.10%),B:28.3(1.32%),P:1e-24	Tpos:39.0,Tstd:21.3,Bpos:35.4,Bstd:16.7,StrandBias:0.0,Multiplicity:1.04
0.038	0.960	0.001	0.001
0.001	0.908	0.001	0.090
0.001	0.001	0.001	0.997
0.363	0.635	0.001	0.001
0.001	0.997	0.001	0.001
0.001	0.997	0.001	0.001
0.001	0.997	0.001	0.001
0.078	0.920	0.001	0.001
>CGCGCGTA	13-CGCGCGTA	6.597993	-52.484697	0	T:96.0(3.20%),B:0.0(0.00%),P:1e-22	Tpos:38.1,Tstd:22.5,Bpos:0.0,Bstd:0.0,StrandBias:0.2,Multiplicity:1.06
0.093	0.801	0.046	0.060
0.047	0.073	0.814	0.066
0.040	0.848	0.072	0.040
0.014	0.080	0.846	0.060
0.086	0.768	0.093	0.053
0.060	0.093	0.774	0.073
0.060	0.095	0.208	0.637
0.526	0.174	0.194	0.106
>CGACCCGG	14-CGACCCGG	7.202885	-45.521887	0	T:133.0(4.43%),B:11.7(0.54%),P:1e-19	Tpos:36.7,Tstd:18.2,Bpos:30.1,Bstd:6.2,StrandBias:0.0,Multiplicity:1.02
0.001	0.872	0.126	0.001
0.001	0.084	0.887	0.028
0.646	0.127	0.226	0.001
0.001	0.957	0.028	0.014
0.014	0.929	0.056	0.001
0.041	0.903	0.042	0.014
0.098	0.028	0.873	0.001
0.014	0.014	0.971	0.001
>ACTTCCCG	15-ACTTCCCG	5.734867	-44.763049	0	T:294.0(9.80%),B:73.1(3.40%),P:1e-19	Tpos:38.9,Tstd:20.3,Bpos:37.0,Bstd:28.7,StrandBias:-0.2,Multiplicity:1.05
0.602	0.078	0.117	0.203
0.077	0.764	0.056	0.103
0.071	0.151	0.076	0.702
0.005	0.116	0.106	0.773
0.033	0.822	0.129	0.016
0.005	0.849	0.104	0.042
0.056	0.804	0.066	0.074
0.079	0.100	0.694	0.127
>GCCGCCAA	16-GCCGCCAA	6.149620	-38.465466	0	T:269.0(8.97%),B:70.1(3.26%),P:1e-16	Tpos:38.0,Tstd:19.9,Bpos:38.0,Bstd:18.7,StrandBias:0.7,Multiplicity:1.02
0.099	0.319	0.581	0.001
0.010	0.852	0.099	0.039
0.002	0.525	0.168	0.305
0.019	0.135	0.777	0.069
0.019	0.932	0.030	0.019
0.010	0.705	0.100	0.185
0.569	0.021	0.042	0.368
0.539	0.062	0.350	0.049
>GKCRTCGC	17-GKCRTCGC	6.638015	-37.962073	0	T:203.0(6.77%),B:42.1(1.96%),P:1e-16	Tpos:37.6,Tstd:20.0,Bpos:29.5,Bstd:22.7,StrandBias:-0.1,Multiplicity:1.06
0.001	0.070	0.928	0.001
0.048	0.160	0.345	0.447
0.001	0.811	0.187	0.001
0.387	0.176	0.437	0.001
0.001	0.307	0.148	0.544
0.001	0.997	0.001	0.001
0.001	0.083	0.915	0.001
0.001	0.587	0.367	0.045
>ACGCGACG	18-ACGCGACG	6.291044	-36.864401	0	T:74.0(2.47%),B:1.5(0.07%),P:1e-16	Tpos:29.9,Tstd:21.0,Bpos:43.2,Bstd:8.4,StrandBias:-0.5,Multiplicity:1.10
0.700	0.100	0.100	0.100
0.100	0.700	0.100	0.100
0.100	0.100	0.700	0.100
0.100	0.700	0.100	0.100
0.100	0.100	0.700	0.100
0.700	0.100	0.100	0.100
0.100	0.700	0.100	0.100
0.100	0.100	0.700	0.100
>AGTGGGCG	19-AGTGGGCG	5.556914	-33.931500	0	T:220.0(7.33%),B:54.2(2.52%),P:1e-14	Tpos:34.3,Tstd:20.3,Bpos:40.4,Bstd:15.5,StrandBias:-0.7,Multiplicity:1.01
0.509	0.180	0.175	0.136
0.117	0.169	0.635	0.079
0.101	0.182	0.217	0.500
0.104	0.107	0.718	0.071
0.146	0.120	0.664	0.070
0.053	0.124	0.753	0.070
0.132	0.556	0.190	0.122
0.096	0.122	0.665	0.117
>GGGCGVSG	20-GGGCGVSG	7.467704	-33.260878	0	T:195.0(6.50%),B:44.0(2.05%),P:1e-14	Tpos:33.3,Tstd:22.1,Bpos:32.3,Bstd:15.8,StrandBias:0.2,Multiplicity:1.07
0.008	0.072	0.867	0.053
0.097	0.126	0.769	0.008
0.011	0.241	0.725	0.023
0.015	0.756	0.228	0.001
0.004	0.031	0.941	0.024
0.309	0.328	0.220	0.142
0.009	0.527	0.456	0.008
0.029	0.252	0.670	0.049
>CTTTTGTC	21-CTTTTGTC	7.627804	-30.034355	0	T:75.0(2.50%),B:4.4(0.21%),P:1e-13	Tpos:34.3,Tstd:20.2,Bpos:35.7,Bstd:10.0,StrandBias:0.5,Multiplicity:1.03
0.001	0.997	0.001	0.001
0.001	0.001	0.114	0.884
0.280	0.001	0.048	0.671
0.001	0.001	0.001	0.997
0.001	0.001	0.001	0.997
0.001	0.001	0.997	0.001
0.001	0.001	0.001	0.997
0.001	0.997	0.001	0.001
>CKCCCCAC	22-CKCCCCAC	7.429289	-29.736202	0	T:117.0(3.90%),B:17.6(0.82%),P:1e-12	Tpos:33.3,Tstd:18.8,Bpos:26.9,Bstd:8.7,StrandBias:0.6,Multiplicity:1.00
0.179	0.699	0.039	0.083
0.001	0.128	0.498	0.373
0.308	0.613	0.019	0.060
0.001	0.933	0.065	0.001
0.013	0.922	0.039	0.026
0.270	0.498	0.019	0.213
0.566	0.289	0.066	0.079
0.001	0.973	0.001	0.025
>CCGCGTAC	23-CCGCGTAC	5.748498	-29.216263	0	T:101.0(3.37%),B:12.2(0.57%),P:1e-12	Tpos:39.0,Tstd:21.5,Bpos:35.5,Bstd:12.3,StrandBias:0.5,Multiplicity:1.00
0.046	0.916	0.008	0.030
0.109	0.711	0.090	0.090
0.043	0.124	0.765	0.068
0.077	0.768	0.115	0.040
0.046	0.090	0.684	0.180
0.038	0.119	0.068	0.775
0.630	0.130	0.158	0.082
0.083	0.764	0.085	0.068
>AACGACGT	24-AACGACGT	5.166313	-24.578964	0	T:60.0(2.00%),B:3.2(0.15%),P:1e-10	Tpos:34.6,Tstd:19.1,Bpos:25.0,Bstd:6.9,StrandBias:0.3,Multiplicity:1.05
0.727	0.100	0.107	0.066
0.556	0.117	0.281	0.046
0.146	0.540	0.059	0.255
0.090	0.179	0.667	0.064
0.524	0.151	0.220	0.105
0.121	0.574	0.182	0.123
0.133	0.199	0.423	0.245
0.123	0.156	0.183	0.538
>GCCGACGT	25-GCCGACGT	6.537617	-24.127269	0	T:77.0(2.57%),B:8.3(0.39%),P:1e-10	Tpos:33.5,Tstd:19.1,Bpos:31.0,Bstd:0.0,StrandBias:0.3,Multiplicity:1.00
0.056	0.251	0.609	0.084
0.251	0.664	0.084	0.001
0.168	0.691	0.112	0.029
0.001	0.150	0.821	0.028
0.821	0.001	0.122	0.056
0.028	0.950	0.021	0.001
0.001	0.042	0.956	0.001
0.001	0.292	0.220	0.487
