>CCWTTGTT	1-CCWTTGTT	6.220749	-279.269959	0	T:1020.0(34.00%),B:162.8(7.58%),P:1e-121	Tpos:36.1,Tstd:20.6,Bpos:34.6,Bstd:19.3,StrandBias:-0.1,Multiplicity:1.17
0.001	0.596	0.196	0.207
0.088	0.796	0.001	0.115
0.445	0.001	0.001	0.553
0.001	0.001	0.001	0.997
0.001	0.001	0.001	0.997
0.001	0.001	0.997	0.001
0.238	0.001	0.001	0.760
0.172	0.139	0.149	0.540
>VCGCTGYG	2-VCGCTGYG	5.295207	-133.937269	0	T:776.0(25.87%),B:187.6(8.73%),P:1e-58	Tpos:36.2,Tstd:21.2,Bpos:41.5,Bstd:28.9,StrandBias:-0.2,Multiplicity:1.06
0.257	0.402	0.294	0.047
0.046	0.542	0.207	0.205
0.024	0.041	0.896	0.039
0.009	0.954	0.008	0.029
0.076	0.057	0.010	0.857
0.038	0.104	0.846	0.012
0.001	0.452	0.004	0.543
0.078	0.065	0.707	0.150
>BSCTTTCC	3-BSCTTTCC	5.310206	-127.713322	0	T:1112.0(37.07%),B:371.8(17.30%),P:1e-55	Tpos:35.2,Tstd:20.3,Bpos:38.0,Bstd:23.1,StrandBias:-0.2,Multiplicity:1.15
0.093	0.296	0.265	0.346
0.195	0.377	0.380	0.048
0.030	0.866	0.084	0.020
0.315	0.094	0.001	0.590
0.036	0.001	0.001	0.962
0.001	0.001	0.143	0.855
0.001	0.632	0.366	0.001
0.337	0.522	0.001	0.140
>GYTAATKV	4-GYTAATKV	4.406881	-107.105354	0	T:1193.0(39.77%),B:452.3(21.05%),P:1e-46	Tpos:37.3,Tstd:19.8,Bpos:37.2,Bstd:23.3,StrandBias:-0.1,Multiplicity:1.17
0.001	0.158	0.626	0.215
0.035	0.356	0.204	0.406
0.237	0.001	0.001	0.761
0.619	0.001	0.379	0.001
0.718	0.124	0.001	0.157
0.239	0.193	0.064	0.504
0.001	0.001	0.482	0.516
0.347	0.256	0.365	0.032
>GGACGCGG	5-GGACGCGG	4.107582	-105.651667	0	T:325.0(10.83%),B:31.9(1.49%),P:1e-45	Tpos:36.5,Tstd:21.3,Bpos:36.9,Bstd:14.7,StrandBias:0.2,Multiplicity:1.16
0.001	0.001	0.997	0.001
0.174	0.001	0.824	0.001
0.601	0.372	0.026	0.001
0.001	0.997	0.001	0.001
0.001	0.001	0.997	0.001
0.001	0.974	0.001	0.024
0.001	0.001	0.997	0.001
0.079	0.353	0.567	0.001
>GCAGCCGG	6-GCAGCCGG	2.548542	-104.279101	0	T:815.0(27.17%),B:244.6(11.38%),P:1e-45	Tpos:36.7,Tstd:20.2,Bpos:34.6,Bstd:36.0,StrandBias:-0.3,Multiplicity:1.18
0.359	0.001	0.639	0.001
0.001	0.997	0.001	0.001
0.695	0.303	0.001	0.001
0.001	0.001	0.997	0.001
0.001	0.997	0.001	0.001
0.310	0.640	0.001	0.049
0.001	0.001	0.997	0.001
0.001	0.001	0.997	0.001
>ATTTGCAT	7-ATTTGCAT	4.970627	-101.180858	0	T:971.0(32.37%),B:333.3(15.51%),P:1e-43	Tpos:36.7,Tstd:19.6,Bpos:37.8,Bstd:22.0,StrandBias:0.1,Multiplicity:1.28
0.451	0.282	0.251	0.016
0.104	0.084	0.099	0.713
0.054	0.244	0.001	0.701
0.299	0.034	0.001	0.666
0.286	0.009	0.704	0.001
0.230	0.765	0.001	0.004
0.663	0.096	0.035	0.206
0.325	0.053	0.113	0.509
>AGCGCCGC	8-AGCGCCGC	5.817924	-80.539539	0	T:407.0(13.57%),B:81.6(3.80%),P:1e-34	Tpos:36.3,Tstd:20.3,Bpos:42.3,Bstd:47.9,StrandBias:0.1,Multiplicity:1.28
0.548	0.154	0.205	0.093
0.054	0.069	0.825	0.052
0.083	0.754	0.118	0.045
0.059	0.102	0.799	0.040
0.035	0.778	0.157	0.030
0.079	0.711	0.103	0.107
0.033	0.121	0.813	0.033
0.046	0.773	0.143	0.038
>TCCCCGGG	9-TCCCCGGG	6.226562	-73.181604	0	T:391.0(13.03%),B:82.1(3.82%),P:1e-31	Tpos:37.5,Tstd:20.0,Bpos:37.8,Bstd:30.0,StrandBias:0.0,Multiplicity:1.12
0.057	0.135	0.280	0.528
0.030	0.764	0.126	0.080
0.001	0.956	0.001	0.042
0.010	0.798	0.120	0.072
0.096	0.564	0.258	0.082
0.079	0.244	0.676	0.001
0.110	0.186	0.703	0.001
0.014	0.174	0.801	0.011
>CCTRGGGG	10-CCTRGGGG	6.357983	-69.804128	0	T:401.0(13.37%),B:90.5(4.21%),P:1e-30	Tpos:35.8,Tstd:19.2,Bpos:36.8,Bstd:24.0,StrandBias:-0.2,Multiplicity:1.02
0.001	0.686	0.312	0.001
0.001	0.558	0.279	0.162
0.001	0.255	0.133	0.611
0.402	0.007	0.407	0.184
0.001	0.001	0.997	0.001
0.226	0.001	0.772	0.001
0.192	0.001	0.806	0.001
0.001	0.319	0.520	0.160
>AGGGCGGC	11-AGGGCGGC	5.931386	-66.357276	0	T:305.0(10.17%),B:54.0(2.51%),P:1e-28	Tpos:36.8,Tstd:20.4,Bpos:35.5,Bstd:27.3,StrandBias:-0.1,Multiplicity:1.05
0.398	0.217	0.245	0.140
0.161	0.151	0.631	0.057
0.264	0.024	0.706	0.006
0.116	0.071	0.807	0.006
0.116	0.612	0.206	0.066
0.001	0.049	0.711	0.239
0.021	0.174	0.658	0.147
0.016	0.628	0.147	0.209
>CCTCCCCC	12-CCTCCCCC	6.614922	-57.433126	0	T:213.0(7.10%),B:28.3(1.32%),P:1e-24	Tpos:39.0,Tstd:21.3,Bpos:35.4,Bstd:16.7,StrandBias:0.0,Multiplicity:1.04
0.038	0.960	0.001	0.001
0.001	0.908	0.001	0.090
0.001	0.001	0.001	0.997
0.363	0.635	0.001	0.001
0.001	0.997	0.001	0.001
0.001	0.997	0.001	0.001
0.001	0.997	0.001	0.001
0.078	0.920	0.001	0.001
>CGCGCGTA	13-CGCGCGTA	6.597993	-52.484697	0	T:96.0(3.20%),B:0.0(0.00%),P:1e-22	Tpos:38.1,Tstd:22.5,Bpos:0.0,Bstd:0.0,StrandBias:0.2,Multiplicity:1.06
0.093	0.801	0.046	0.060
0.047	0.073	0.814	0.066
0.040	0.848	0.072	0.040
0.014	0.080	0.846	0.060
0.086	0.768	0.093	0.053
0.060	0.093	0.774	0.073
0.060	0.095	0.208	0.637
0.526	0.174	0.194	0.106
>CGACCCGG	14-CGACCCGG	7.202885	-45.521887	0	T:133.0(4.43%),B:11.7(0.54%),P:1e-19	Tpos:36.7,Tstd:18.2,Bpos:30.1,Bstd:6.2,StrandBias:0.0,Multiplicity:1.02
0.001	0.872	0.126	0.001
0.001	0.084	0.887	0.028
0.646	0.127	0.226	0.001
0.001	0.957	0.028	0.014
0.014	0.929	0.056	0.001
0.041	0.903	0.042	0.014
0.098	0.028	0.873	0.001
0.014	0.014	0.971	0.001
>ACTTCCCG	15-ACTTCCCG	5.734867	-44.763049	0	T:294.0(9.80%),B:73.1(3.40%),P:1e-19	Tpos:38.9,Tstd:20.3,Bpos:37.0,Bstd:28.7,StrandBias:-0.2,Multiplicity:1.05
0.602	0.078	0.117	0.203
0.077	0.764	0.056	0.103
0.071	0.151	0.076	0.702
0.005	0.116	0.106	0.773
0.033	0.822	0.129	0.016
0.005	0.849	0.104	0.042
0.056	0.804	0.066	0.074
0.079	0.100	0.694	0.127
>GCCGCCAA	16-GCCGCCAA	6.149620	-38.465466	0	T:269.0(8.97%),B:70.1(3.26%),P:1e-16	Tpos:38.0,Tstd:19.9,Bpos:38.0,Bstd:18.7,StrandBias:0.7,Multiplicity:1.02
0.099	0.319	0.581	0.001
0.010	0.852	0.099	0.039
0.002	0.525	0.168	0.305
0.019	0.135	0.777	0.069
0.019	0.932	0.030	0.019
0.010	0.705	0.100	0.185
0.569	0.021	0.042	0.368
0.539	0.062	0.350	0.049
>GKCRTCGC	17-GKCRTCGC	6.638015	-37.962073	0	T:203.0(6.77%),B:42.1(1.96%),P:1e-16	Tpos:37.6,Tstd:20.0,Bpos:29.5,Bstd:22.7,StrandBias:-0.1,Multiplicity:1.06
0.001	0.070	0.928	0.001
0.048	0.160	0.345	0.447
0.001	0.811	0.187	0.001
0.387	0.176	0.437	0.001
0.001	0.307	0.148	0.544
0.001	0.997	0.001	0.001
0.001	0.083	0.915	0.001
0.001	0.587	0.367	0.045
>ACGCGACG	18-ACGCGACG	6.291044	-36.864401	0	T:74.0(2.47%),B:1.5(0.07%),P:1e-16	Tpos:29.9,Tstd:21.0,Bpos:43.2,Bstd:8.4,StrandBias:-0.5,Multiplicity:1.10
0.700	0.100	0.100	0.100
0.100	0.700	0.100	0.100
0.100	0.100	0.700	0.100
0.100	0.700	0.100	0.100
0.100	0.100	0.700	0.100
0.700	0.100	0.100	0.100
0.100	0.700	0.100	0.100
0.100	0.100	0.700	0.100
>AGTGGGCG	19-AGTGGGCG	5.556914	-33.931500	0	T:220.0(7.33%),B:54.2(2.52%),P:1e-14	Tpos:34.3,Tstd:20.3,Bpos:40.4,Bstd:15.5,StrandBias:-0.7,Multiplicity:1.01
0.509	0.180	0.175	0.136
0.117	0.169	0.635	0.079
0.101	0.182	0.217	0.500
0.104	0.107	0.718	0.071
0.146	0.120	0.664	0.070
0.053	0.124	0.753	0.070
0.132	0.556	0.190	0.122
0.096	0.122	0.665	0.117
>GGGCGVSG	20-GGGCGVSG	7.467704	-33.260878	0	T:195.0(6.50%),B:44.0(2.05%),P:1e-14	Tpos:33.3,Tstd:22.1,Bpos:32.3,Bstd:15.8,StrandBias:0.2,Multiplicity:1.07
0.008	0.072	0.867	0.053
0.097	0.126	0.769	0.008
0.011	0.241	0.725	0.023
0.015	0.756	0.228	0.001
0.004	0.031	0.941	0.024
0.309	0.328	0.220	0.142
0.009	0.527	0.456	0.008
0.029	0.252	0.670	0.049
>CTTTTGTC	21-CTTTTGTC	7.627804	-30.034355	0	T:75.0(2.50%),B:4.4(0.21%),P:1e-13	Tpos:34.3,Tstd:20.2,Bpos:35.7,Bstd:10.0,StrandBias:0.5,Multiplicity:1.03
0.001	0.997	0.001	0.001
0.001	0.001	0.114	0.884
0.280	0.001	0.048	0.671
0.001	0.001	0.001	0.997
0.001	0.001	0.001	0.997
0.001	0.001	0.997	0.001
0.001	0.001	0.001	0.997
0.001	0.997	0.001	0.001
>CKCCCCAC	22-CKCCCCAC	7.429289	-29.736202	0	T:117.0(3.90%),B:17.6(0.82%),P:1e-12	Tpos:33.3,Tstd:18.8,Bpos:26.9,Bstd:8.7,StrandBias:0.6,Multiplicity:1.00
0.179	0.699	0.039	0.083
0.001	0.128	0.498	0.373
0.308	0.613	0.019	0.060
0.001	0.933	0.065	0.001
0.013	0.922	0.039	0.026
0.270	0.498	0.019	0.213
0.566	0.289	0.066	0.079
0.001	0.973	0.001	0.025
>CCGCGTAC	23-CCGCGTAC	5.748498	-29.216263	0	T:101.0(3.37%),B:12.2(0.57%),P:1e-12	Tpos:39.0,Tstd:21.5,Bpos:35.5,Bstd:12.3,StrandBias:0.5,Multiplicity:1.00
0.046	0.916	0.008	0.030
0.109	0.711	0.090	0.090
0.043	0.124	0.765	0.068
0.077	0.768	0.115	0.040
0.046	0.090	0.684	0.180
0.038	0.119	0.068	0.775
0.630	0.130	0.158	0.082
0.083	0.764	0.085	0.068
>AACGACGT	24-AACGACGT	5.166313	-24.578964	0	T:60.0(2.00%),B:3.2(0.15%),P:1e-10	Tpos:34.6,Tstd:19.1,Bpos:25.0,Bstd:6.9,StrandBias:0.3,Multiplicity:1.05
0.727	0.100	0.107	0.066
0.556	0.117	0.281	0.046
0.146	0.540	0.059	0.255
0.090	0.179	0.667	0.064
0.524	0.151	0.220	0.105
0.121	0.574	0.182	0.123
0.133	0.199	0.423	0.245
0.123	0.156	0.183	0.538
>GCCGACGT	25-GCCGACGT	6.537617	-24.127269	0	T:77.0(2.57%),B:8.3(0.39%),P:1e-10	Tpos:33.5,Tstd:19.1,Bpos:31.0,Bstd:0.0,StrandBias:0.3,Multiplicity:1.00
0.056	0.251	0.609	0.084
0.251	0.664	0.084	0.001
0.168	0.691	0.112	0.029
0.001	0.150	0.821	0.028
0.821	0.001	0.122	0.056
0.028	0.950	0.021	0.001
0.001	0.042	0.956	0.001
0.001	0.292	0.220	0.487
