>NWDWSAAAGS	1-NWDWSAAAGS	5.243603	-255.324312	0	T:1294.0(43.13%),B:314.4(14.63%),P:1e-110	Tpos:36.4,Tstd:19.9,Bpos:36.5,Bstd:19.7,StrandBias:0.1,Multiplicity:1.32
0.354	0.217	0.215	0.214
0.358	0.150	0.180	0.312
0.345	0.189	0.197	0.268
0.399	0.065	0.176	0.360
0.001	0.532	0.400	0.067
0.997	0.001	0.001	0.001
0.949	0.048	0.002	0.001
0.569	0.001	0.065	0.365
0.175	0.079	0.525	0.221
0.230	0.275	0.415	0.081
>GCGGCCGGGG	2-GCGGCCGGGG	8.061367	-99.633520	0	T:244.0(8.13%),B:12.8(0.60%),P:1e-43	Tpos:37.0,Tstd:20.6,Bpos:38.3,Bstd:4.7,StrandBias:-0.2,Multiplicity:1.20
0.021	0.106	0.859	0.014
0.041	0.764	0.152	0.043
0.064	0.075	0.821	0.040
0.010	0.099	0.859	0.032
0.013	0.736	0.226	0.025
0.051	0.793	0.113	0.043
0.032	0.153	0.769	0.046
0.037	0.142	0.802	0.019
0.057	0.119	0.805	0.019
0.060	0.118	0.795	0.027
>RATGCAAATG	3-RATGCAAATG	6.203093	-96.090373	0	T:481.0(16.03%),B:96.6(4.50%),P:1e-41	Tpos:37.5,Tstd:19.0,Bpos:37.3,Bstd:17.6,StrandBias:0.1,Multiplicity:1.12
0.356	0.184	0.287	0.173
0.623	0.214	0.051	0.112
0.128	0.001	0.104	0.767
0.001	0.001	0.877	0.121
0.015	0.541	0.062	0.382
0.733	0.001	0.001	0.265
0.737	0.001	0.261	0.001
0.796	0.066	0.005	0.133
0.015	0.001	0.142	0.842
0.144	0.113	0.537	0.206
>GGGCCGCGCG	4-GGGCCGCGCG	8.495999	-87.367462	0	T:184.0(6.13%),B:4.2(0.19%),P:1e-37	Tpos:37.0,Tstd:21.5,Bpos:8.0,Bstd:0.0,StrandBias:0.4,Multiplicity:1.16
0.028	0.175	0.796	0.001
0.120	0.126	0.753	0.001
0.014	0.148	0.833	0.005
0.042	0.760	0.193	0.005
0.097	0.622	0.166	0.115
0.001	0.110	0.888	0.001
0.001	0.814	0.184	0.001
0.001	0.096	0.902	0.001
0.009	0.826	0.164	0.001
0.005	0.171	0.814	0.010
>ACAGCAGGGA	5-ACAGCAGGGA	7.125163	-84.965594	0	T:393.0(13.10%),B:72.0(3.35%),P:1e-36	Tpos:37.3,Tstd:19.2,Bpos:36.2,Bstd:40.9,StrandBias:-0.3,Multiplicity:1.05
0.628	0.150	0.121	0.101
0.083	0.841	0.038	0.038
0.838	0.057	0.032	0.073
0.054	0.035	0.876	0.035
0.035	0.901	0.035	0.029
0.815	0.045	0.073	0.067
0.048	0.019	0.908	0.025
0.038	0.038	0.892	0.032
0.148	0.122	0.651	0.079
0.657	0.102	0.151	0.090
>CCTGGGGGNG	6-CCTGGGGGNG	7.159470	-80.993628	0	T:386.0(12.87%),B:72.4(3.37%),P:1e-35	Tpos:36.2,Tstd:18.8,Bpos:36.1,Bstd:27.0,StrandBias:-0.2,Multiplicity:1.08
0.044	0.763	0.187	0.006
0.001	0.974	0.001	0.024
0.139	0.171	0.120	0.570
0.001	0.001	0.986	0.012
0.001	0.147	0.792	0.060
0.140	0.032	0.822	0.006
0.151	0.019	0.811	0.019
0.183	0.121	0.639	0.057
0.326	0.185	0.278	0.211
0.156	0.256	0.587	0.001
>GCCGCCCGCG	7-GCCGCCCGCG	6.515819	-77.857466	0	T:198.0(6.60%),B:11.6(0.54%),P:1e-33	Tpos:35.3,Tstd:19.4,Bpos:27.2,Bstd:7.6,StrandBias:0.0,Multiplicity:1.07
0.097	0.189	0.650	0.064
0.099	0.621	0.198	0.082
0.150	0.524	0.188	0.138
0.085	0.243	0.528	0.144
0.071	0.676	0.177	0.076
0.060	0.689	0.172	0.079
0.119	0.536	0.218	0.127
0.086	0.265	0.532	0.117
0.105	0.600	0.228	0.067
0.118	0.191	0.552	0.139
>CGCGGCTCCK	8-CGCGGCTCCK	6.807549	-77.682550	0	T:176.0(5.87%),B:6.6(0.31%),P:1e-33	Tpos:35.5,Tstd:20.4,Bpos:30.9,Bstd:16.4,StrandBias:0.5,Multiplicity:1.03
0.104	0.638	0.163	0.095
0.078	0.165	0.675	0.082
0.076	0.693	0.124	0.107
0.122	0.153	0.606	0.119
0.061	0.139	0.702	0.098
0.073	0.734	0.116	0.077
0.076	0.179	0.185	0.560
0.061	0.716	0.133	0.090
0.094	0.677	0.112	0.117
0.001	0.001	0.530	0.468
>AGCAGCGCGC	9-AGCAGCGCGC	7.232275	-75.226686	0	T:236.0(7.87%),B:23.3(1.08%),P:1e-32	Tpos:38.5,Tstd:19.7,Bpos:37.9,Bstd:14.6,StrandBias:0.1,Multiplicity:1.04
0.720	0.118	0.087	0.075
0.049	0.025	0.882	0.044
0.037	0.839	0.105	0.019
0.757	0.056	0.113	0.074
0.025	0.062	0.901	0.012
0.087	0.745	0.131	0.037
0.037	0.124	0.795	0.044
0.074	0.807	0.075	0.044
0.043	0.112	0.740	0.105
0.025	0.826	0.105	0.044
>GGGCGAGGGG	10-GGGCGAGGGG	8.166894	-72.784038	0	T:192.0(6.40%),B:12.6(0.59%),P:1e-31	Tpos:36.2,Tstd:20.6,Bpos:29.7,Bstd:21.2,StrandBias:0.1,Multiplicity:1.04
0.044	0.064	0.845	0.047
0.052	0.095	0.829	0.024
0.024	0.071	0.893	0.012
0.080	0.637	0.247	0.036
0.048	0.064	0.833	0.055
0.613	0.107	0.161	0.119
0.054	0.040	0.874	0.032
0.064	0.067	0.837	0.032
0.075	0.059	0.838	0.028
0.071	0.083	0.806	0.040
>GGGGACGCGS	11-GGGGACGCGS	7.450690	-69.492931	0	T:165.0(5.50%),B:7.6(0.35%),P:1e-30	Tpos:35.9,Tstd:22.2,Bpos:27.8,Bstd:14.3,StrandBias:0.6,Multiplicity:1.07
0.184	0.234	0.413	0.169
0.064	0.025	0.910	0.001
0.013	0.064	0.897	0.026
0.052	0.051	0.896	0.001
0.814	0.119	0.054	0.013
0.105	0.733	0.148	0.014
0.001	0.039	0.883	0.077
0.026	0.829	0.119	0.026
0.064	0.090	0.819	0.027
0.080	0.391	0.426	0.103
>GGCGGCGCCG	12-GGCGGCGCCG	8.760228	-63.733632	0	T:135.0(4.50%),B:3.2(0.15%),P:1e-27	Tpos:37.4,Tstd:18.0,Bpos:64.0,Bstd:0.0,StrandBias:-0.1,Multiplicity:1.09
0.043	0.196	0.760	0.001
0.001	0.108	0.890	0.001
0.001	0.912	0.086	0.001
0.109	0.022	0.868	0.001
0.001	0.064	0.934	0.001
0.001	0.912	0.086	0.001
0.001	0.021	0.977	0.001
0.001	0.968	0.030	0.001
0.022	0.803	0.022	0.153
0.001	0.021	0.977	0.001
>GSTCCCGCSS	13-GSTCCCGCSS	7.747560	-58.500741	0	T:167.0(5.57%),B:13.3(0.62%),P:1e-25	Tpos:34.9,Tstd:20.6,Bpos:29.4,Bstd:29.1,StrandBias:0.2,Multiplicity:1.04
0.156	0.254	0.437	0.153
0.051	0.385	0.400	0.165
0.127	0.050	0.001	0.822
0.013	0.961	0.013	0.013
0.001	0.986	0.012	0.001
0.001	0.997	0.001	0.001
0.001	0.001	0.997	0.001
0.001	0.910	0.088	0.001
0.001	0.351	0.427	0.220
0.089	0.481	0.340	0.090
>CARACCGCCG	14-CARACCGCCG	6.744793	-51.798998	0	T:160.0(5.33%),B:15.5(0.72%),P:1e-22	Tpos:38.9,Tstd:21.1,Bpos:37.4,Bstd:79.6,StrandBias:0.7,Multiplicity:1.01
0.011	0.733	0.217	0.039
0.453	0.206	0.239	0.103
0.403	0.206	0.317	0.074
0.815	0.065	0.083	0.037
0.022	0.520	0.344	0.114
0.056	0.879	0.046	0.019
0.037	0.037	0.898	0.028
0.037	0.944	0.018	0.001
0.003	0.555	0.357	0.085
0.084	0.167	0.746	0.003
>NYCCCWRGGN	15-NYCCCWRGGN	6.070749	-49.855507	0	T:452.0(15.07%),B:141.0(6.56%),P:1e-21	Tpos:35.3,Tstd:19.9,Bpos:35.2,Bstd:22.4,StrandBias:-0.0,Multiplicity:1.03
0.221	0.250	0.239	0.290
0.013	0.309	0.253	0.425
0.004	0.471	0.239	0.285
0.320	0.675	0.001	0.004
0.398	0.594	0.004	0.004
0.447	0.004	0.249	0.300
0.469	0.001	0.526	0.004
0.176	0.001	0.819	0.004
0.004	0.004	0.991	0.001
0.307	0.265	0.266	0.162
>CCCACTGAGC	16-CCCACTGAGC	7.413076	-48.280659	0	T:192.0(6.40%),B:28.7(1.34%),P:1e-20	Tpos:37.0,Tstd:19.3,Bpos:29.2,Bstd:32.1,StrandBias:0.4,Multiplicity:1.04
0.001	0.978	0.020	0.001
0.001	0.997	0.001	0.001
0.043	0.891	0.021	0.045
0.699	0.021	0.236	0.044
0.001	0.808	0.085	0.106
0.205	0.021	0.043	0.731
0.001	0.064	0.892	0.043
0.586	0.065	0.178	0.171
0.043	0.043	0.849	0.065
0.206	0.632	0.135	0.027
>GCGGCAGCCG	17-GCGGCAGCCG	8.020766	-46.767762	0	T:98.0(3.27%),B:2.7(0.13%),P:1e-20	Tpos:41.2,Tstd:20.6,Bpos:62.0,Bstd:0.0,StrandBias:-0.3,Multiplicity:1.02
0.029	0.058	0.884	0.029
0.063	0.850	0.058	0.029
0.106	0.102	0.681	0.111
0.039	0.067	0.880	0.014
0.029	0.832	0.096	0.043
0.637	0.126	0.116	0.121
0.077	0.058	0.851	0.014
0.029	0.854	0.088	0.029
0.102	0.720	0.111	0.067
0.073	0.068	0.820	0.039
>CCGGGAAGCC	18-CCGGGAAGCC	7.874776	-42.324704	0	T:158.0(5.27%),B:21.7(1.01%),P:1e-18	Tpos:40.8,Tstd:19.0,Bpos:47.2,Bstd:19.5,StrandBias:0.1,Multiplicity:1.05
0.001	0.851	0.074	0.074
0.073	0.756	0.146	0.025
0.001	0.167	0.597	0.235
0.025	0.001	0.973	0.001
0.098	0.048	0.853	0.001
0.604	0.228	0.167	0.001
0.778	0.001	0.220	0.001
0.001	0.048	0.949	0.002
0.001	0.806	0.167	0.026
0.026	0.852	0.072	0.050
>ATTGTTCTCT	19-ATTGTTCTCT	7.924914	-39.722967	0	T:137.0(4.57%),B:16.9(0.79%),P:1e-17	Tpos:39.7,Tstd:18.5,Bpos:42.2,Bstd:16.4,StrandBias:0.4,Multiplicity:1.01
0.581	0.001	0.284	0.134
0.001	0.213	0.061	0.725
0.001	0.001	0.001	0.997
0.001	0.001	0.997	0.001
0.001	0.060	0.001	0.938
0.061	0.061	0.001	0.877
0.320	0.649	0.001	0.030
0.061	0.308	0.082	0.549
0.038	0.673	0.076	0.213
0.030	0.001	0.061	0.908
>CCGGGGCTGT	20-CCGGGGCTGT	6.428278	-34.057392	0	T:91.0(3.03%),B:6.4(0.30%),P:1e-14	Tpos:38.1,Tstd:18.9,Bpos:15.4,Bstd:4.3,StrandBias:-0.7,Multiplicity:1.04
0.101	0.615	0.171	0.113
0.149	0.543	0.156	0.152
0.144	0.143	0.573	0.140
0.114	0.147	0.632	0.107
0.123	0.114	0.654	0.109
0.093	0.127	0.681	0.099
0.122	0.628	0.145	0.105
0.128	0.137	0.155	0.580
0.079	0.172	0.597	0.152
0.139	0.202	0.163	0.496
>CTTAAAGCTG	21-CTTAAAGCTG	7.425752	-33.080518	0	T:89.0(2.97%),B:6.8(0.32%),P:1e-14	Tpos:38.5,Tstd:17.7,Bpos:30.7,Bstd:8.1,StrandBias:-0.1,Multiplicity:1.03
0.073	0.755	0.087	0.085
0.072	0.060	0.024	0.844
0.060	0.072	0.081	0.787
0.658	0.100	0.073	0.169
0.807	0.072	0.085	0.036
0.855	0.037	0.072	0.036
0.048	0.061	0.879	0.012
0.012	0.856	0.060	0.072
0.158	0.048	0.036	0.758
0.036	0.048	0.830	0.086
>CTAATCACTT	22-CTAATCACTT	7.485315	-28.334426	0	T:99.0(3.30%),B:12.6(0.59%),P:1e-12	Tpos:35.4,Tstd:21.8,Bpos:30.5,Bstd:12.9,StrandBias:0.4,Multiplicity:1.00
0.089	0.799	0.067	0.045
0.047	0.001	0.001	0.951
0.843	0.022	0.090	0.045
0.754	0.001	0.001	0.244
0.022	0.089	0.201	0.688
0.004	0.716	0.225	0.055
0.770	0.070	0.026	0.134
0.022	0.929	0.048	0.001
0.090	0.201	0.001	0.708
0.003	0.070	0.045	0.882
>CCCCSCTTCC	23-CCCCSCTTCC	8.590354	-26.739481	0	T:86.0(2.87%),B:9.6(0.45%),P:1e-11	Tpos:38.9,Tstd:19.5,Bpos:26.0,Bstd:12.8,StrandBias:0.8,Multiplicity:1.02
0.001	0.948	0.050	0.001
0.001	0.899	0.050	0.050
0.001	0.997	0.001	0.001
0.001	0.568	0.050	0.381
0.211	0.302	0.436	0.050
0.001	0.985	0.007	0.007
0.050	0.007	0.050	0.893
0.050	0.029	0.202	0.719
0.001	0.997	0.001	0.001
0.001	0.997	0.001	0.001
>RGACTTTCCT	24-RGACTTTCCT	8.832963	-24.211045	0	T:55.0(1.83%),B:2.0(0.09%),P:1e-10	Tpos:37.3,Tstd:19.4,Bpos:44.4,Bstd:8.8,StrandBias:0.4,Multiplicity:1.00
0.412	0.001	0.496	0.091
0.046	0.012	0.896	0.046
0.635	0.024	0.340	0.001
0.001	0.987	0.011	0.001
0.286	0.001	0.001	0.712
0.001	0.001	0.001	0.997
0.001	0.001	0.045	0.953
0.001	0.862	0.091	0.046
0.001	0.953	0.001	0.045
0.045	0.001	0.001	0.953
>TCACCCGCTG	25-TCACCCGCTG	6.486470	-23.515190	0	T:69.0(2.30%),B:6.9(0.32%),P:1e-10	Tpos:34.6,Tstd:20.9,Bpos:41.3,Bstd:17.9,StrandBias:0.2,Multiplicity:1.03
0.112	0.179	0.152	0.557
0.115	0.629	0.134	0.122
0.521	0.205	0.115	0.159
0.119	0.608	0.169	0.104
0.105	0.659	0.099	0.137
0.163	0.551	0.117	0.169
0.141	0.173	0.539	0.147
0.077	0.692	0.131	0.100
0.144	0.127	0.118	0.611
0.088	0.148	0.635	0.129
