>GCGCGGCGCCGC	7-GCGCGGCGCCGC	9.440942	-54.809936	0	T:113.0(3.77%),B:2.3(0.11%),P:1e-23
0.062	0.172	0.744	0.022
0.016	0.806	0.177	0.001
0.001	0.145	0.776	0.078
0.006	0.816	0.166	0.012
0.117	0.217	0.560	0.106
0.006	0.178	0.794	0.022
0.062	0.742	0.184	0.012
0.006	0.073	0.915	0.006
0.011	0.915	0.012	0.062
0.139	0.610	0.118	0.133
0.011	0.211	0.761	0.017
0.056	0.694	0.239	0.011
