>CGCSCTSCTCCC	6-CGCSCTSCTCCC	9.228291	-56.587268	0	T:140.0(4.67%),B:7.0(0.33%),P:1e-24
0.045	0.865	0.060	0.030
0.032	0.276	0.632	0.060
0.038	0.828	0.059	0.075
0.072	0.473	0.425	0.030
0.001	0.969	0.001	0.029
0.090	0.222	0.114	0.574
0.030	0.495	0.415	0.060
0.001	0.954	0.015	0.030
0.075	0.353	0.030	0.542
0.030	0.876	0.060	0.034
0.045	0.821	0.059	0.075
0.030	0.925	0.015	0.030
