>CGCCCGCCCGCC	9-CGCCCGCCCGCC	10.024897	-35.392358	0	T:65.0(2.17%),B:0.0(0.00%),P:1e-15
0.072	0.775	0.081	0.072
0.018	0.091	0.773	0.118
0.027	0.890	0.064	0.019
0.018	0.809	0.109	0.064
0.028	0.855	0.036	0.081
0.046	0.054	0.836	0.064
0.036	0.891	0.072	0.001
0.027	0.882	0.063	0.028
0.027	0.853	0.074	0.046
0.037	0.055	0.835	0.073
0.027	0.811	0.126	0.036
0.019	0.809	0.109	0.063
