>GCCGCCGCCGCC	2-GCCGCCGCCGCC	8.051813	-82.493052	0	T:207.0(6.90%),B:11.1(0.52%),P:1e-35
0.016	0.098	0.885	0.001
0.008	0.841	0.087	0.064
0.064	0.766	0.098	0.072
0.032	0.103	0.817	0.048
0.009	0.856	0.087	0.048
0.032	0.776	0.088	0.104
0.025	0.104	0.847	0.024
0.048	0.840	0.080	0.032
0.064	0.743	0.096	0.097
0.024	0.079	0.813	0.084
0.001	0.959	0.039	0.001
0.001	0.862	0.112	0.025
