>NNSCCGGGCNNN	8-NNSCCGGGCNNN	5.555828	-48.418613	0	T:111.0(3.70%),B:4.2(0.19%),P:1e-21
0.231	0.269	0.255	0.245
0.218	0.302	0.259	0.221
0.148	0.359	0.328	0.165
0.073	0.631	0.186	0.110
0.201	0.414	0.230	0.155
0.133	0.137	0.602	0.128
0.101	0.149	0.711	0.039
0.057	0.247	0.655	0.041
0.169	0.512	0.208	0.111
0.204	0.287	0.282	0.226
0.187	0.252	0.296	0.265
0.196	0.267	0.247	0.290
