>CTTTGAAATGCA	4-CTTTGAAATGCA	5.935886	-75.458963	0	T:616.0(20.53%),B:184.6(8.59%),P:1e-32
0.134	0.712	0.041	0.113
0.230	0.063	0.001	0.706
0.003	0.074	0.049	0.874
0.052	0.001	0.065	0.882
0.041	0.255	0.594	0.110
0.594	0.079	0.082	0.245
0.638	0.085	0.148	0.129
0.758	0.071	0.028	0.143
0.223	0.008	0.195	0.574
0.058	0.033	0.761	0.148
0.121	0.651	0.102	0.126
0.652	0.082	0.016	0.250
