>NNNRACGCGNNN	3-NNNRACGCGNNN,BestGuess:SWI6(MacIsaac)/Yeast(0.904)	3.836728	-69.757468	0	T:132.0(11.73%),B:0.6(0.08%),P:1e-30
0.239	0.240	0.303	0.218
0.187	0.322	0.311	0.179
0.229	0.273	0.238	0.261
0.280	0.201	0.387	0.132
0.540	0.166	0.121	0.173
0.212	0.474	0.173	0.140
0.124	0.157	0.493	0.226
0.148	0.657	0.129	0.066
0.173	0.231	0.425	0.171
0.220	0.281	0.306	0.193
0.223	0.281	0.264	0.231
0.250	0.251	0.306	0.193
