>CTCCCCCGCCCC	4-CTCCCCCGCCCC	9.015752	-42.445516	0	T:113.0(10.04%),B:6.2(0.84%),P:1e-18
0.023	0.899	0.077	0.001
0.093	0.001	0.054	0.852
0.047	0.832	0.074	0.047
0.004	0.856	0.093	0.047
0.046	0.883	0.001	0.070
0.001	0.810	0.096	0.093
0.124	0.693	0.101	0.082
0.140	0.070	0.697	0.093
0.023	0.896	0.058	0.023
0.023	0.880	0.027	0.070
0.023	0.884	0.023	0.070
0.001	0.852	0.146	0.001
