>AAGGAADGCADK	5-AAGGAADGCADK	4.664312	-39.768625	0	T:466.0(41.42%),B:165.8(22.49%),P:1e-17
0.499	0.193	0.200	0.108
0.593	0.021	0.277	0.109
0.158	0.040	0.715	0.087
0.198	0.173	0.582	0.047
0.677	0.078	0.207	0.038
0.719	0.112	0.112	0.057
0.317	0.047	0.354	0.282
0.077	0.098	0.759	0.066
0.201	0.602	0.142	0.055
0.560	0.136	0.113	0.191
0.213	0.115	0.342	0.330
0.171	0.155	0.320	0.355
