>NNNCGCGTYNNN	3-NNNRACGCGNNN	3.836728	-69.757468	0	T:132.0(11.73%),B:0.6(0.08%),P:1e-30
0.193	0.306	0.251	0.250
0.231	0.264	0.281	0.223
0.193	0.306	0.281	0.220
0.171	0.425	0.231	0.173
0.066	0.129	0.657	0.148
0.226	0.493	0.157	0.124
0.140	0.173	0.474	0.212
0.173	0.121	0.166	0.540
0.132	0.387	0.201	0.280
0.261	0.238	0.273	0.229
0.179	0.311	0.322	0.187
0.218	0.303	0.240	0.239
