>CCTCAGCCTCCC	2-CCTCAGCCTCCC,BestGuess:CRZ1(MacIsaac)/Yeast(0.734)	8.924250	-68.363355	0	T:231.0(9.44%),B:54.4(2.15%),P:1e-29
0.112	0.647	0.103	0.138
0.112	0.653	0.081	0.154
0.097	0.191	0.086	0.626
0.070	0.720	0.129	0.081
0.600	0.114	0.078	0.208
0.119	0.139	0.573	0.169
0.066	0.707	0.105	0.122
0.111	0.732	0.032	0.125
0.151	0.097	0.086	0.666
0.073	0.712	0.099	0.116
0.103	0.720	0.054	0.123
0.125	0.645	0.090	0.140
