>TCAAGCGATTCT	3-TCAAGCGATTCT	9.575190	-45.810224	0	T:139.0(5.68%),B:28.5(1.12%),P:1e-19
0.001	0.006	0.036	0.957
0.001	0.805	0.036	0.158
0.848	0.115	0.001	0.036
0.962	0.001	0.036	0.001
0.072	0.001	0.926	0.001
0.001	0.499	0.164	0.336
0.185	0.043	0.735	0.037
0.926	0.072	0.001	0.001
0.037	0.110	0.037	0.816
0.001	0.158	0.036	0.805
0.001	0.962	0.001	0.036
0.037	0.037	0.037	0.889
