>TWWAWWWWATWT	11-TWWAWWWWATWT	5.491733	-26.414844	0	T:524.0(21.41%),B:354.6(13.99%),P:1e-11
0.225	0.134	0.155	0.486
0.416	0.085	0.128	0.371
0.373	0.119	0.123	0.384
0.583	0.086	0.082	0.249
0.468	0.077	0.098	0.356
0.349	0.116	0.116	0.420
0.524	0.009	0.073	0.394
0.390	0.068	0.036	0.506
0.591	0.127	0.085	0.197
0.314	0.084	0.043	0.559
0.384	0.091	0.121	0.404
0.240	0.089	0.042	0.629
