>YTYCCTCCCTCY	10-YTYCCTCCCTCY,BestGuess:SeqBias: G/A bias(0.732)	6.520148	-26.492999	0	T:469.0(19.16%),B:306.6(12.10%),P:1e-11
0.100	0.375	0.031	0.494
0.005	0.150	0.081	0.764
0.007	0.518	0.067	0.408
0.001	0.780	0.004	0.215
0.021	0.597	0.005	0.377
0.184	0.002	0.002	0.812
0.002	0.509	0.160	0.329
0.102	0.729	0.002	0.167
0.126	0.575	0.001	0.298
0.103	0.191	0.010	0.696
0.079	0.503	0.117	0.301
0.183	0.475	0.002	0.339
