>GGGAGGCTGAGG	2-CCTCAGCCTCCC	8.924250	-68.363355	0	T:231.0(9.44%),B:54.4(2.15%),P:1e-29
0.140	0.090	0.645	0.125
0.123	0.054	0.720	0.103
0.116	0.099	0.712	0.073
0.666	0.086	0.097	0.151
0.125	0.032	0.732	0.111
0.122	0.105	0.707	0.066
0.169	0.573	0.139	0.119
0.208	0.078	0.114	0.600
0.081	0.129	0.720	0.070
0.626	0.086	0.191	0.097
0.154	0.081	0.653	0.112
0.138	0.103	0.647	0.112
