>CTRKGTAWATAH	14-CTRKGTAWATAH,BestGuess:FOXB1/MA0845.1/Jaspar(0.745)	7.145256	-20.390972	0	T:167.0(6.82%),B:80.2(3.16%),P:1e-8
0.019	0.737	0.001	0.243
0.001	0.118	0.001	0.880
0.480	0.001	0.500	0.019
0.220	0.019	0.442	0.319
0.197	0.001	0.626	0.176
0.019	0.204	0.001	0.776
0.834	0.001	0.164	0.001
0.398	0.196	0.039	0.368
0.603	0.159	0.019	0.219
0.001	0.101	0.001	0.897
0.779	0.001	0.123	0.097
0.317	0.345	0.082	0.257
