>TWTTTCTAVTTT	13-AAABTAGAAAWA	9.506890	-23.116482	0	T:75.0(3.06%),B:17.9(0.71%),P:1e-10
0.064	0.087	0.089	0.760
0.454	0.221	0.001	0.324
0.001	0.116	0.029	0.854
0.001	0.334	0.030	0.635
0.001	0.001	0.028	0.970
0.001	0.791	0.147	0.061
0.002	0.062	0.029	0.907
0.848	0.120	0.003	0.029
0.244	0.334	0.272	0.149
0.089	0.001	0.272	0.638
0.029	0.004	0.060	0.907
0.001	0.363	0.001	0.635
