>AAABTAGAAAWA	13-AAABTAGAAAWA,BestGuess:AGL27/MA1012.1/Jaspar(0.766)	9.506890	-23.116482	0	T:75.0(3.06%),B:17.9(0.71%),P:1e-10
0.635	0.001	0.363	0.001
0.907	0.060	0.004	0.029
0.638	0.272	0.001	0.089
0.149	0.272	0.334	0.244
0.029	0.003	0.120	0.848
0.907	0.029	0.062	0.002
0.061	0.147	0.791	0.001
0.970	0.028	0.001	0.001
0.635	0.030	0.334	0.001
0.854	0.029	0.116	0.001
0.324	0.001	0.221	0.454
0.760	0.089	0.087	0.064
