>TTCCCAGGCTGB	9-TTCCCAGGCTGB	10.017265	-14.208465	0	T:29.0(3.36%),B:2.4(0.31%),P:1e-6
0.242	0.234	0.073	0.451
0.040	0.208	0.206	0.546
0.072	0.757	0.074	0.097
0.024	0.880	0.024	0.072
0.083	0.880	0.001	0.036
0.686	0.024	0.024	0.266
0.024	0.001	0.867	0.108
0.012	0.315	0.625	0.048
0.062	0.828	0.097	0.013
0.183	0.036	0.012	0.769
0.060	0.060	0.624	0.256
0.147	0.303	0.284	0.265
