>GCCTGTAGTCCC	2-GGGACTACAGGC	6.340715	-42.021824	0	T:87.0(10.07%),B:6.9(0.88%),P:1e-18
0.197	0.212	0.394	0.197
0.201	0.423	0.161	0.215
0.205	0.468	0.110	0.217
0.144	0.104	0.124	0.628
0.130	0.153	0.578	0.139
0.153	0.177	0.179	0.490
0.567	0.103	0.173	0.157
0.154	0.146	0.519	0.181
0.129	0.155	0.127	0.589
0.169	0.478	0.155	0.198
0.230	0.437	0.117	0.216
0.213	0.431	0.156	0.201
