>GGGSGTGGTGGS	6-GGGSGTGGTGGS	8.445742	-32.753361	0	T:72.0(8.33%),B:6.6(0.83%),P:1e-14
0.202	0.064	0.610	0.124
0.063	0.017	0.919	0.001
0.138	0.248	0.583	0.031
0.154	0.407	0.328	0.111
0.296	0.173	0.470	0.061
0.110	0.296	0.137	0.457
0.231	0.015	0.739	0.015
0.108	0.031	0.845	0.016
0.016	0.047	0.155	0.782
0.045	0.001	0.953	0.001
0.078	0.048	0.796	0.078
0.092	0.380	0.326	0.202
