>GGGACTACAGGC	2-GGGACTACAGGC,BestGuess:ARALYDRAFT_496250/MA1096.1/Jaspar(0.657)	6.340715	-42.021824	0	T:87.0(10.07%),B:6.9(0.88%),P:1e-18
0.201	0.156	0.431	0.213
0.216	0.117	0.437	0.230
0.198	0.155	0.478	0.169
0.589	0.127	0.155	0.129
0.181	0.519	0.146	0.154
0.157	0.173	0.103	0.567
0.490	0.179	0.177	0.153
0.139	0.578	0.153	0.130
0.628	0.124	0.104	0.144
0.217	0.110	0.468	0.205
0.215	0.161	0.423	0.201
0.197	0.394	0.212	0.197
