>RWGAGCHRRGAT	5-RWGAGCHRRGAT,BestGuess:Gfi1b(Zf)/HPC7-Gfi1b-ChIP-Seq(GSE22178)/Homer(0.719)	6.995001	-33.301120	0	T:136.0(15.74%),B:34.0(4.33%),P:1e-14
0.377	0.123	0.409	0.092
0.344	0.060	0.204	0.391
0.213	0.001	0.672	0.114
0.614	0.001	0.183	0.202
0.091	0.041	0.787	0.081
0.131	0.726	0.142	0.001
0.306	0.337	0.001	0.356
0.458	0.082	0.459	0.001
0.430	0.082	0.324	0.164
0.001	0.010	0.878	0.111
0.733	0.132	0.134	0.001
0.121	0.001	0.081	0.797
