>CCTCNGCCTCCC	1-CCTCNGCCTCCC,BestGuess:Zfx/MA0146.2/Jaspar(0.645)	9.997092	-61.198999	0	T:138.0(15.97%),B:13.8(1.76%),P:1e-26
0.001	0.827	0.049	0.123
0.025	0.828	0.001	0.146
0.097	0.194	0.025	0.684
0.049	0.723	0.101	0.127
0.207	0.198	0.250	0.345
0.174	0.074	0.678	0.074
0.001	0.924	0.001	0.074
0.049	0.876	0.001	0.074
0.096	0.024	0.001	0.879
0.024	0.829	0.072	0.075
0.024	0.927	0.024	0.025
0.050	0.704	0.024	0.222
