>ATRGYRAAACCC	8-GGGTTTYRCYAT	8.607378	-18.451817	0	T:36.0(4.17%),B:2.6(0.34%),P:1e-8
0.824	0.001	0.174	0.001
0.001	0.107	0.001	0.891
0.553	0.001	0.445	0.001
0.001	0.086	0.912	0.001
0.087	0.403	0.098	0.413
0.511	0.086	0.402	0.001
0.912	0.001	0.086	0.001
0.804	0.086	0.109	0.001
0.826	0.172	0.001	0.001
0.086	0.827	0.001	0.086
0.175	0.651	0.001	0.173
0.001	0.923	0.001	0.075
