>GARAATBGCTTR	3-GARAATBGCTTR,BestGuess:PB0165.1_Sox11_2/Jaspar(0.631)	8.923303	-37.751790	0	T:57.0(6.60%),B:1.0(0.13%),P:1e-16
0.195	0.069	0.501	0.235
0.971	0.002	0.023	0.004
0.472	0.001	0.457	0.070
0.759	0.023	0.217	0.001
0.805	0.145	0.025	0.025
0.069	0.124	0.023	0.784
0.187	0.215	0.234	0.364
0.291	0.143	0.495	0.071
0.092	0.553	0.023	0.332
0.348	0.001	0.001	0.650
0.046	0.023	0.094	0.837
0.281	0.071	0.404	0.244
