>ATCYYDGCTCWY	5-RWGAGCHRRGAT	6.995001	-33.301120	0	T:136.0(15.74%),B:34.0(4.33%),P:1e-14
0.797	0.081	0.001	0.121
0.001	0.134	0.132	0.733
0.111	0.878	0.010	0.001
0.164	0.324	0.082	0.430
0.001	0.459	0.082	0.458
0.356	0.001	0.337	0.306
0.001	0.142	0.726	0.131
0.081	0.787	0.041	0.091
0.202	0.183	0.001	0.614
0.114	0.672	0.001	0.213
0.391	0.204	0.060	0.344
0.092	0.409	0.123	0.377
