>YAAGCVATTYTC	3-GARAATBGCTTR	8.923303	-37.751790	0	T:57.0(6.60%),B:1.0(0.13%),P:1e-16
0.244	0.404	0.071	0.281
0.837	0.094	0.023	0.046
0.650	0.001	0.001	0.348
0.332	0.023	0.553	0.092
0.071	0.495	0.143	0.291
0.364	0.234	0.215	0.187
0.784	0.023	0.124	0.069
0.025	0.025	0.145	0.805
0.001	0.217	0.023	0.759
0.070	0.457	0.001	0.472
0.004	0.023	0.002	0.971
0.235	0.501	0.069	0.195
