>AAATAGCW	1-AAATAGCW	6.301144	-411.270749	0	T:1105.0(36.83%),B:160.2(6.27%),P:1e-178	Tpos:37.1,Tstd:20.5,Bpos:37.9,Bstd:24.3,StrandBias:-0.1,Multiplicity:1.11
0.828	0.030	0.037	0.105
0.902	0.030	0.003	0.065
0.897	0.019	0.029	0.055
0.059	0.096	0.054	0.791
0.869	0.024	0.074	0.033
0.170	0.033	0.756	0.041
0.244	0.537	0.116	0.103
0.421	0.206	0.074	0.298
>CTATTAAT	2-CTATTAAT	6.000499	-306.716363	0	T:751.0(25.03%),B:78.5(3.07%),P:1e-133	Tpos:36.7,Tstd:20.9,Bpos:39.3,Bstd:23.2,StrandBias:0.4,Multiplicity:1.02
0.001	0.997	0.001	0.001
0.001	0.001	0.001	0.997
0.997	0.001	0.001	0.001
0.001	0.001	0.001	0.997
0.029	0.001	0.001	0.969
0.695	0.001	0.001	0.303
0.536	0.267	0.001	0.196
0.001	0.001	0.421	0.577
>TCACTTCC	3-TCACTTCC	4.500512	-218.658344	0	T:1470.0(49.00%),B:573.2(22.42%),P:1e-94	Tpos:36.1,Tstd:20.0,Bpos:37.5,Bstd:24.6,StrandBias:-0.0,Multiplicity:1.32
0.089	0.192	0.231	0.488
0.118	0.452	0.237	0.193
0.461	0.233	0.254	0.052
0.001	0.476	0.282	0.241
0.019	0.084	0.050	0.847
0.062	0.070	0.047	0.821
0.040	0.486	0.144	0.329
0.121	0.614	0.060	0.205
>WAACCACA	4-WAACCACA	5.372848	-218.357157	0	T:1016.0(33.87%),B:279.0(10.92%),P:1e-94	Tpos:36.4,Tstd:20.5,Bpos:36.7,Bstd:27.5,StrandBias:-0.1,Multiplicity:1.16
0.431	0.141	0.097	0.332
0.778	0.041	0.122	0.059
0.671	0.143	0.185	0.001
0.001	0.997	0.001	0.001
0.001	0.997	0.001	0.001
0.928	0.001	0.070	0.001
0.045	0.953	0.001	0.001
0.765	0.049	0.108	0.078
>TGAGTCAT	5-TGAGTCAT	4.950667	-212.882941	0	T:739.0(24.63%),B:139.7(5.47%),P:1e-92	Tpos:35.4,Tstd:21.0,Bpos:33.3,Bstd:22.7,StrandBias:-0.0,Multiplicity:1.11
0.014	0.003	0.001	0.982
0.024	0.018	0.906	0.052
0.939	0.014	0.001	0.046
0.001	0.251	0.747	0.001
0.010	0.001	0.001	0.988
0.026	0.967	0.006	0.001
0.989	0.008	0.002	0.001
0.066	0.138	0.096	0.700
>RGAATAGC	6-RGAATAGC	8.068483	-151.778864	0	T:359.0(11.97%),B:29.5(1.15%),P:1e-65	Tpos:39.1,Tstd:20.4,Bpos:41.9,Bstd:15.5,StrandBias:-0.4,Multiplicity:1.00
0.540	0.001	0.458	0.001
0.150	0.001	0.699	0.150
0.997	0.001	0.001	0.001
0.997	0.001	0.001	0.001
0.001	0.001	0.001	0.997
0.997	0.001	0.001	0.001
0.001	0.001	0.997	0.001
0.131	0.867	0.001	0.001
>GTTTCWGH	7-GTTTCWGH	5.467409	-144.035497	0	T:1025.0(34.17%),B:380.7(14.89%),P:1e-62	Tpos:35.8,Tstd:20.6,Bpos:40.4,Bstd:25.1,StrandBias:0.1,Multiplicity:1.14
0.170	0.187	0.596	0.047
0.207	0.092	0.001	0.700
0.029	0.068	0.077	0.826
0.118	0.001	0.091	0.790
0.001	0.905	0.001	0.093
0.444	0.027	0.023	0.506
0.037	0.096	0.749	0.118
0.365	0.336	0.051	0.247
>GCGGAAGC	8-GCGGAAGC	5.240942	-57.066513	0	T:354.0(11.80%),B:109.1(4.27%),P:1e-24	Tpos:37.8,Tstd:20.3,Bpos:32.1,Bstd:22.8,StrandBias:0.1,Multiplicity:1.03
0.019	0.095	0.867	0.019
0.177	0.590	0.232	0.001
0.001	0.018	0.980	0.001
0.018	0.001	0.980	0.001
0.942	0.001	0.038	0.019
0.923	0.038	0.001	0.038
0.001	0.076	0.904	0.019
0.076	0.866	0.057	0.001
>GTCATTTC	9-GTCATTTC	7.377124	-51.257733	0	T:253.0(8.43%),B:64.5(2.52%),P:1e-22	Tpos:37.9,Tstd:21.0,Bpos:37.1,Bstd:17.4,StrandBias:0.4,Multiplicity:1.02
0.001	0.001	0.934	0.064
0.034	0.033	0.001	0.932
0.093	0.894	0.001	0.012
0.986	0.001	0.012	0.001
0.001	0.026	0.030	0.943
0.060	0.027	0.060	0.853
0.001	0.001	0.059	0.939
0.168	0.670	0.128	0.034
>CTTATTTT	10-CTTATTTT	8.867322	-45.979231	0	T:172.0(5.73%),B:32.6(1.27%),P:1e-19	Tpos:34.8,Tstd:22.8,Bpos:34.7,Bstd:21.8,StrandBias:-0.8,Multiplicity:1.02
0.001	0.735	0.263	0.001
0.001	0.001	0.001	0.997
0.001	0.001	0.001	0.997
0.997	0.001	0.001	0.001
0.001	0.001	0.001	0.997
0.001	0.001	0.150	0.848
0.001	0.001	0.001	0.997
0.001	0.001	0.001	0.997
>CCACCCAC	11-CCACCCAC	8.037450	-41.628268	0	T:93.0(3.10%),B:6.4(0.25%),P:1e-18	Tpos:35.5,Tstd:20.3,Bpos:34.0,Bstd:9.1,StrandBias:-0.4,Multiplicity:1.00
0.001	0.997	0.001	0.001
0.022	0.909	0.001	0.068
0.997	0.001	0.001	0.001
0.088	0.910	0.001	0.001
0.001	0.964	0.034	0.001
0.001	0.843	0.001	0.155
0.997	0.001	0.001	0.001
0.245	0.733	0.001	0.021
>GCCGCGAG	12-GCCGCGAG	6.184168	-36.369584	0	T:123.0(4.10%),B:21.0(0.82%),P:1e-15	Tpos:40.1,Tstd:21.0,Bpos:44.9,Bstd:11.2,StrandBias:0.2,Multiplicity:1.12
0.074	0.087	0.784	0.055
0.049	0.823	0.091	0.037
0.104	0.749	0.065	0.082
0.033	0.164	0.736	0.067
0.048	0.845	0.069	0.038
0.090	0.074	0.806	0.030
0.470	0.264	0.141	0.125
0.037	0.138	0.796	0.029
>CCGRCGCC	13-CCGRCGCC	6.100785	-31.721530	0	T:118.0(3.93%),B:23.0(0.90%),P:1e-13	Tpos:35.8,Tstd:17.9,Bpos:35.3,Bstd:12.0,StrandBias:-0.4,Multiplicity:1.13
0.001	0.975	0.023	0.001
0.024	0.903	0.024	0.049
0.023	0.001	0.975	0.001
0.461	0.199	0.316	0.024
0.024	0.854	0.121	0.001
0.024	0.024	0.951	0.001
0.024	0.951	0.001	0.024
0.024	0.951	0.024	0.001
>CGTTTCGT	14-CGTTTCGT	6.033961	-22.076176	0	T:83.0(2.77%),B:16.3(0.64%),P:1e-9	Tpos:34.4,Tstd:21.2,Bpos:42.4,Bstd:18.6,StrandBias:-0.2,Multiplicity:1.03
0.003	0.896	0.001	0.100
0.074	0.074	0.778	0.074
0.001	0.001	0.073	0.925
0.001	0.001	0.073	0.925
0.073	0.001	0.073	0.853
0.001	0.848	0.147	0.004
0.009	0.170	0.820	0.001
0.074	0.074	0.074	0.778
>GGSGSGGG	15-GGSGSGGG	6.239172	-21.728411	0	T:217.0(7.23%),B:89.5(3.50%),P:1e-9	Tpos:39.0,Tstd:22.0,Bpos:25.8,Bstd:24.5,StrandBias:0.3,Multiplicity:1.32
0.001	0.396	0.593	0.010
0.001	0.416	0.582	0.001
0.001	0.437	0.561	0.001
0.001	0.289	0.643	0.067
0.047	0.413	0.539	0.001
0.001	0.295	0.703	0.001
0.001	0.334	0.664	0.001
0.001	0.285	0.713	0.001
>ATTAGCAA	16-ATTAGCAA	8.150897	-19.141413	0	T:83.0(2.77%),B:19.7(0.77%),P:1e-8	Tpos:34.5,Tstd:20.4,Bpos:42.1,Bstd:21.8,StrandBias:-0.2,Multiplicity:1.03
0.817	0.001	0.001	0.181
0.001	0.035	0.087	0.877
0.001	0.001	0.001	0.997
0.997	0.001	0.001	0.001
0.001	0.085	0.913	0.001
0.001	0.997	0.001	0.001
0.879	0.001	0.001	0.119
0.997	0.001	0.001	0.001
>ATGCAAAT	17-ATGCAAAT	8.236954	-15.377588	0	T:36.0(1.20%),B:3.2(0.13%),P:1e-6	Tpos:35.2,Tstd:18.1,Bpos:33.9,Bstd:6.5,StrandBias:0.2,Multiplicity:1.00
0.700	0.100	0.100	0.100
0.100	0.100	0.100	0.700
0.100	0.100	0.700	0.100
0.100	0.700	0.100	0.100
0.700	0.100	0.100	0.100
0.700	0.100	0.100	0.100
0.700	0.100	0.100	0.100
0.100	0.100	0.100	0.700
>AAATTTAG	18-AAATTTAG	7.228944	-14.104768	0	T:88.0(2.93%),B:28.4(1.11%),P:1e-6	Tpos:41.0,Tstd:19.9,Bpos:40.2,Bstd:20.5,StrandBias:-0.4,Multiplicity:1.00
0.997	0.001	0.001	0.001
0.997	0.001	0.001	0.001
0.997	0.001	0.001	0.001
0.001	0.001	0.001	0.997
0.190	0.001	0.109	0.700
0.001	0.001	0.012	0.986
0.884	0.114	0.001	0.001
0.001	0.001	0.997	0.001
