>DKCTATTTTTRG	1-DKCTATTTTTRG	6.734046	-442.642780	0	T:1274.0(42.47%),B:220.8(8.64%),P:1e-192	Tpos:37.1,Tstd:18.9,Bpos:36.6,Bstd:23.4,StrandBias:0.1,Multiplicity:1.13
0.305	0.075	0.284	0.336
0.185	0.138	0.398	0.279
0.095	0.555	0.057	0.293
0.001	0.001	0.001	0.997
0.964	0.001	0.029	0.006
0.065	0.003	0.001	0.931
0.059	0.001	0.001	0.939
0.086	0.050	0.001	0.863
0.224	0.212	0.087	0.477
0.237	0.108	0.141	0.514
0.553	0.001	0.445	0.001
0.231	0.102	0.435	0.233
>TGASTCATWTHW	2-TGASTCATWTHW	6.894558	-214.119885	0	T:628.0(20.93%),B:89.6(3.51%),P:1e-92	Tpos:35.4,Tstd:19.6,Bpos:32.9,Bstd:21.8,StrandBias:0.0,Multiplicity:1.47
0.038	0.003	0.001	0.958
0.021	0.047	0.735	0.197
0.843	0.001	0.001	0.155
0.001	0.501	0.437	0.061
0.005	0.001	0.001	0.993
0.001	0.997	0.001	0.001
0.997	0.001	0.001	0.001
0.038	0.209	0.265	0.488
0.280	0.244	0.059	0.417
0.253	0.147	0.135	0.464
0.191	0.305	0.174	0.330
0.242	0.213	0.168	0.378
>CTGTGGTTDNYH	3-CTGTGGTTDNYH	6.742151	-174.117272	0	T:531.0(17.70%),B:78.6(3.08%),P:1e-75	Tpos:37.0,Tstd:19.3,Bpos:35.0,Bstd:19.5,StrandBias:0.2,Multiplicity:1.03
0.123	0.495	0.182	0.200
0.051	0.001	0.001	0.947
0.001	0.001	0.997	0.001
0.111	0.120	0.001	0.768
0.001	0.001	0.997	0.001
0.001	0.001	0.844	0.154
0.001	0.001	0.363	0.635
0.138	0.280	0.001	0.581
0.332	0.104	0.304	0.260
0.294	0.191	0.271	0.244
0.192	0.398	0.158	0.253
0.356	0.303	0.001	0.340
>NHRGAAACCACR	4-NHRGAAACCACR	5.773354	-159.288967	0	T:938.0(31.27%),B:305.0(11.93%),P:1e-69	Tpos:36.8,Tstd:19.5,Bpos:39.2,Bstd:24.5,StrandBias:-0.1,Multiplicity:1.11
0.304	0.211	0.235	0.250
0.282	0.340	0.182	0.195
0.396	0.101	0.264	0.239
0.096	0.074	0.774	0.056
0.849	0.062	0.035	0.054
0.950	0.023	0.021	0.006
0.891	0.040	0.063	0.006
0.014	0.906	0.068	0.012
0.142	0.623	0.072	0.163
0.479	0.222	0.162	0.137
0.237	0.485	0.125	0.153
0.368	0.203	0.233	0.197
>AGTTTCASTTCC	5-AGTTTCASTTCC	7.828326	-105.839173	0	T:388.0(12.93%),B:72.6(2.84%),P:1e-45	Tpos:35.2,Tstd:18.5,Bpos:37.7,Bstd:24.5,StrandBias:-0.1,Multiplicity:1.08
0.511	0.058	0.326	0.105
0.070	0.178	0.670	0.082
0.011	0.001	0.001	0.987
0.012	0.082	0.001	0.905
0.001	0.023	0.011	0.965
0.012	0.930	0.023	0.035
0.895	0.012	0.023	0.070
0.012	0.355	0.456	0.176
0.001	0.001	0.001	0.997
0.023	0.035	0.001	0.941
0.164	0.473	0.047	0.317
0.058	0.658	0.036	0.248
>GAAAGAGGAAGT	6-GAAAGAGGAAGT	8.780921	-32.964926	0	T:67.0(2.23%),B:3.3(0.13%),P:1e-14	Tpos:30.4,Tstd:19.0,Bpos:37.7,Bstd:12.4,StrandBias:0.4,Multiplicity:1.00
0.179	0.120	0.600	0.101
0.707	0.078	0.126	0.089
0.686	0.111	0.138	0.065
0.721	0.043	0.130	0.106
0.181	0.139	0.580	0.100
0.699	0.081	0.134	0.086
0.188	0.053	0.652	0.107
0.211	0.085	0.610	0.094
0.700	0.111	0.107	0.082
0.780	0.047	0.089	0.084
0.161	0.107	0.648	0.084
0.149	0.120	0.114	0.617
>VGSCGCSGCNSS	7-VGSCGCSGCNSS	4.670595	-27.399623	0	T:177.0(5.90%),B:57.0(2.23%),P:1e-11	Tpos:37.0,Tstd:19.9,Bpos:39.3,Bstd:35.6,StrandBias:0.3,Multiplicity:1.35
0.225	0.337	0.279	0.159
0.210	0.210	0.395	0.185
0.151	0.365	0.369	0.115
0.177	0.421	0.252	0.150
0.103	0.170	0.618	0.109
0.109	0.490	0.325	0.076
0.186	0.298	0.357	0.159
0.081	0.187	0.678	0.054
0.148	0.456	0.300	0.096
0.187	0.289	0.332	0.192
0.188	0.240	0.373	0.199
0.177	0.295	0.341	0.187
