>CTATTTTTRG	1-CTATTTTTRG	6.493638	-440.318996	0	T:1125.0(37.50%),B:150.9(5.90%),P:1e-191	Tpos:36.1,Tstd:19.5,Bpos:34.5,Bstd:22.5,StrandBias:0.1,Multiplicity:1.12
0.044	0.752	0.001	0.203
0.001	0.001	0.001	0.997
0.997	0.001	0.001	0.001
0.071	0.001	0.001	0.927
0.067	0.001	0.001	0.931
0.001	0.027	0.001	0.971
0.065	0.254	0.044	0.637
0.099	0.116	0.152	0.633
0.457	0.001	0.541	0.001
0.201	0.001	0.524	0.274
>TGCTATTTCW	2-TGCTATTTCW	7.212731	-211.187252	0	T:535.0(17.83%),B:55.5(2.17%),P:1e-91	Tpos:35.8,Tstd:20.4,Bpos:36.3,Bstd:23.7,StrandBias:0.3,Multiplicity:1.05
0.287	0.168	0.063	0.481
0.272	0.038	0.433	0.256
0.038	0.899	0.038	0.025
0.050	0.196	0.001	0.753
0.625	0.063	0.299	0.013
0.025	0.338	0.013	0.624
0.013	0.013	0.013	0.961
0.233	0.038	0.038	0.691
0.093	0.534	0.180	0.193
0.412	0.038	0.025	0.525
>DVTGAGTCAT	3-DVTGAGTCAT	6.166130	-194.962263	0	T:597.0(19.90%),B:90.1(3.53%),P:1e-84	Tpos:35.0,Tstd:20.1,Bpos:33.2,Bstd:23.1,StrandBias:-0.0,Multiplicity:1.08
0.286	0.097	0.263	0.353
0.345	0.280	0.246	0.129
0.034	0.001	0.005	0.960
0.023	0.023	0.800	0.154
0.949	0.001	0.005	0.045
0.017	0.391	0.569	0.023
0.011	0.011	0.001	0.977
0.114	0.852	0.028	0.006
0.920	0.011	0.006	0.063
0.160	0.215	0.235	0.390
>NNNTGTGGTT	4-NNNTGTGGTT	6.922967	-161.982264	0	T:477.0(15.90%),B:65.2(2.55%),P:1e-70	Tpos:36.4,Tstd:19.7,Bpos:36.3,Bstd:24.1,StrandBias:0.0,Multiplicity:1.04
0.325	0.218	0.220	0.237
0.287	0.228	0.265	0.219
0.257	0.297	0.263	0.183
0.140	0.001	0.001	0.858
0.001	0.104	0.717	0.178
0.001	0.066	0.056	0.877
0.001	0.001	0.989	0.009
0.001	0.001	0.914	0.084
0.001	0.173	0.031	0.795
0.085	0.293	0.010	0.612
>KCTATWAATA	5-KCTATWAATA	7.441428	-146.345513	0	T:356.0(11.87%),B:31.1(1.22%),P:1e-63	Tpos:41.2,Tstd:19.1,Bpos:45.4,Bstd:20.3,StrandBias:0.3,Multiplicity:1.04
0.211	0.027	0.328	0.433
0.028	0.517	0.129	0.326
0.027	0.149	0.001	0.823
0.680	0.054	0.238	0.028
0.239	0.127	0.037	0.597
0.433	0.054	0.028	0.485
0.669	0.027	0.046	0.258
0.567	0.045	0.128	0.260
0.045	0.100	0.037	0.818
0.817	0.146	0.010	0.027
>TTTCAGTTTC	6-TTTCAGTTTC	7.151353	-134.750349	0	T:499.0(16.63%),B:96.9(3.79%),P:1e-58	Tpos:35.6,Tstd:18.9,Bpos:40.0,Bstd:24.8,StrandBias:-0.1,Multiplicity:1.16
0.080	0.179	0.046	0.695
0.001	0.345	0.127	0.527
0.040	0.001	0.145	0.814
0.093	0.694	0.212	0.001
0.574	0.007	0.218	0.201
0.020	0.179	0.595	0.206
0.001	0.033	0.001	0.965
0.001	0.112	0.001	0.886
0.134	0.167	0.067	0.632
0.059	0.801	0.139	0.001
>AGTCATTTCT	7-AGTCATTTCT	7.020361	-134.560070	0	T:492.0(16.40%),B:94.0(3.68%),P:1e-58	Tpos:39.0,Tstd:20.6,Bpos:43.2,Bstd:22.4,StrandBias:0.2,Multiplicity:1.06
0.635	0.001	0.014	0.350
0.001	0.199	0.799	0.001
0.041	0.001	0.001	0.957
0.056	0.744	0.001	0.199
0.997	0.001	0.001	0.001
0.001	0.142	0.014	0.843
0.042	0.056	0.001	0.901
0.001	0.001	0.001	0.997
0.109	0.730	0.028	0.133
0.217	0.146	0.001	0.636
>VRVRGGAAGB	8-VRVRGGAAGB	5.720864	-121.599014	0	T:659.0(21.97%),B:191.9(7.51%),P:1e-52	Tpos:36.9,Tstd:19.9,Bpos:35.6,Bstd:21.9,StrandBias:0.1,Multiplicity:1.08
0.348	0.274	0.296	0.082
0.403	0.035	0.432	0.130
0.295	0.280	0.378	0.048
0.483	0.055	0.441	0.021
0.035	0.014	0.937	0.014
0.083	0.048	0.835	0.034
0.857	0.054	0.062	0.027
0.856	0.055	0.055	0.034
0.169	0.042	0.775	0.014
0.007	0.377	0.305	0.311
>DGTTGCTATT	9-DGTTGCTATT	8.455132	-81.783960	0	T:173.0(5.77%),B:9.9(0.39%),P:1e-35	Tpos:35.8,Tstd:21.9,Bpos:41.1,Bstd:15.4,StrandBias:-0.1,Multiplicity:1.02
0.260	0.066	0.338	0.336
0.001	0.095	0.830	0.074
0.001	0.296	0.001	0.702
0.001	0.001	0.001	0.997
0.001	0.031	0.569	0.399
0.001	0.904	0.094	0.001
0.001	0.001	0.001	0.997
0.709	0.001	0.227	0.063
0.126	0.001	0.031	0.842
0.129	0.001	0.031	0.839
>ACTTTCAGTT	10-ACTTTCAGTT	8.959252	-76.959737	0	T:140.0(4.67%),B:3.6(0.14%),P:1e-33	Tpos:36.1,Tstd:20.6,Bpos:35.6,Bstd:9.0,StrandBias:0.2,Multiplicity:1.03
0.835	0.018	0.001	0.146
0.128	0.786	0.085	0.001
0.018	0.037	0.018	0.927
0.001	0.017	0.001	0.981
0.001	0.001	0.001	0.997
0.001	0.908	0.073	0.018
0.890	0.018	0.001	0.091
0.001	0.036	0.962	0.001
0.018	0.018	0.001	0.963
0.018	0.018	0.073	0.891
>TCTGAAACCA	11-TCTGAAACCA	7.125751	-54.646107	0	T:240.0(8.00%),B:54.1(2.12%),P:1e-23	Tpos:33.9,Tstd:19.8,Bpos:41.3,Bstd:24.0,StrandBias:-0.3,Multiplicity:1.02
0.142	0.028	0.001	0.829
0.029	0.799	0.029	0.143
0.170	0.001	0.001	0.828
0.028	0.001	0.970	0.001
0.943	0.028	0.001	0.028
0.997	0.001	0.001	0.001
0.997	0.001	0.001	0.001
0.001	0.997	0.001	0.001
0.086	0.798	0.029	0.087
0.886	0.085	0.028	0.001
>GTTTCGTTTC	12-GTTTCGTTTC	8.180707	-41.905542	0	T:121.0(4.03%),B:15.3(0.60%),P:1e-18	Tpos:37.9,Tstd:22.0,Bpos:43.3,Bstd:23.6,StrandBias:-0.3,Multiplicity:1.02
0.065	0.118	0.784	0.033
0.064	0.085	0.032	0.819
0.043	0.075	0.054	0.828
0.054	0.053	0.086	0.807
0.086	0.752	0.087	0.075
0.192	0.075	0.698	0.035
0.064	0.118	0.064	0.754
0.021	0.011	0.053	0.915
0.011	0.032	0.075	0.882
0.086	0.781	0.012	0.121
>AGCCCSGCGC	13-AGCCCSGCGC	4.445911	-37.929026	0	T:93.0(3.10%),B:8.3(0.33%),P:1e-16	Tpos:37.4,Tstd:19.8,Bpos:45.0,Bstd:19.5,StrandBias:0.4,Multiplicity:1.11
0.749	0.249	0.001	0.001
0.001	0.001	0.997	0.001
0.001	0.997	0.001	0.001
0.001	0.666	0.332	0.001
0.001	0.997	0.001	0.001
0.083	0.500	0.416	0.001
0.001	0.001	0.997	0.001
0.166	0.500	0.333	0.001
0.001	0.001	0.997	0.001
0.001	0.997	0.001	0.001
>GGGGAGGAAG	14-GGGGAGGAAG	6.937103	-35.706303	0	T:233.0(7.77%),B:74.8(2.92%),P:1e-15	Tpos:39.1,Tstd:21.3,Bpos:33.3,Bstd:16.9,StrandBias:-0.1,Multiplicity:1.00
0.078	0.056	0.811	0.055
0.099	0.033	0.802	0.066
0.077	0.045	0.812	0.066
0.055	0.110	0.736	0.099
0.823	0.044	0.099	0.034
0.122	0.011	0.779	0.088
0.078	0.045	0.866	0.011
0.786	0.067	0.081	0.066
0.822	0.045	0.077	0.056
0.088	0.102	0.788	0.022
>TCACAGTGAC	15-TCACAGTGAC	7.343394	-35.460949	0	T:111.0(3.70%),B:16.1(0.63%),P:1e-15	Tpos:37.2,Tstd:20.1,Bpos:46.3,Bstd:17.0,StrandBias:0.4,Multiplicity:1.00
0.092	0.101	0.046	0.761
0.061	0.794	0.092	0.053
0.838	0.038	0.030	0.094
0.061	0.786	0.100	0.053
0.817	0.015	0.008	0.160
0.038	0.068	0.871	0.023
0.076	0.046	0.054	0.824
0.076	0.122	0.718	0.084
0.862	0.039	0.061	0.038
0.083	0.742	0.084	0.091
>GRAAAKCCCC	16-GRAAAKCCCC	7.793808	-32.580550	0	T:100.0(3.33%),B:14.9(0.58%),P:1e-14	Tpos:38.5,Tstd:19.9,Bpos:39.0,Bstd:14.2,StrandBias:-0.2,Multiplicity:1.01
0.309	0.072	0.489	0.130
0.478	0.001	0.498	0.023
0.847	0.001	0.070	0.082
0.997	0.001	0.001	0.001
0.572	0.129	0.298	0.001
0.107	0.204	0.273	0.417
0.176	0.812	0.001	0.011
0.176	0.822	0.001	0.001
0.258	0.740	0.001	0.001
0.157	0.701	0.012	0.130
>GTGGGTGGSN	17-GTGGGTGGSN	6.299224	-30.367104	0	T:76.0(2.53%),B:7.3(0.29%),P:1e-13	Tpos:37.1,Tstd:19.2,Bpos:44.9,Bstd:23.2,StrandBias:0.4,Multiplicity:1.00
0.061	0.180	0.520	0.239
0.087	0.098	0.217	0.598
0.088	0.070	0.677	0.165
0.082	0.097	0.681	0.140
0.046	0.141	0.644	0.169
0.166	0.142	0.183	0.509
0.107	0.100	0.618	0.175
0.182	0.083	0.573	0.162
0.181	0.381	0.257	0.181
0.297	0.207	0.264	0.232
>TAGTCATAAC	18-TAGTCATAAC	7.550585	-29.955189	0	T:84.0(2.80%),B:10.1(0.40%),P:1e-13	Tpos:42.8,Tstd:18.2,Bpos:25.0,Bstd:11.7,StrandBias:0.1,Multiplicity:1.02
0.297	0.173	0.072	0.458
0.605	0.001	0.170	0.224
0.053	0.269	0.507	0.171
0.001	0.062	0.001	0.936
0.214	0.784	0.001	0.001
0.997	0.001	0.001	0.001
0.170	0.054	0.287	0.489
0.720	0.224	0.001	0.055
0.667	0.117	0.215	0.001
0.082	0.478	0.170	0.270
>GGGGGGGGGG	19-GGGGGGGGGG	6.332709	-27.220194	0	T:228.0(7.60%),B:85.2(3.33%),P:1e-11	Tpos:38.4,Tstd:20.8,Bpos:26.5,Bstd:29.4,StrandBias:0.5,Multiplicity:1.29
0.001	0.359	0.639	0.001
0.093	0.190	0.592	0.125
0.120	0.296	0.583	0.001
0.129	0.190	0.631	0.050
0.031	0.291	0.591	0.087
0.022	0.322	0.622	0.034
0.055	0.250	0.673	0.022
0.057	0.341	0.601	0.001
0.001	0.218	0.780	0.001
0.149	0.226	0.624	0.001
>CTTCCCCACA	20-CTTCCCCACA	8.788705	-27.172608	0	T:57.0(1.90%),B:4.0(0.15%),P:1e-11	Tpos:43.1,Tstd:19.3,Bpos:49.4,Bstd:13.7,StrandBias:0.0,Multiplicity:1.00
0.001	0.817	0.001	0.181
0.001	0.136	0.045	0.818
0.045	0.045	0.045	0.865
0.045	0.909	0.001	0.045
0.091	0.863	0.001	0.045
0.044	0.954	0.001	0.001
0.044	0.954	0.001	0.001
0.997	0.001	0.001	0.001
0.045	0.909	0.045	0.001
0.954	0.044	0.001	0.001
>ACACAGCAGT	21-ACACAGCAGT	8.649661	-26.607811	0	T:48.0(1.60%),B:1.2(0.05%),P:1e-11	Tpos:39.4,Tstd:20.9,Bpos:18.0,Bstd:0.0,StrandBias:0.7,Multiplicity:1.00
0.997	0.001	0.001	0.001
0.061	0.937	0.001	0.001
0.937	0.001	0.061	0.001
0.062	0.812	0.001	0.125
0.937	0.001	0.001	0.061
0.001	0.001	0.937	0.061
0.187	0.811	0.001	0.001
0.874	0.001	0.001	0.124
0.001	0.061	0.937	0.001
0.001	0.062	0.062	0.875
>GTGGTTGACC	22-GTGGTTGACC	7.732017	-26.082508	0	T:68.0(2.27%),B:8.0(0.31%),P:1e-11	Tpos:37.1,Tstd:17.6,Bpos:25.3,Bstd:10.0,StrandBias:-0.1,Multiplicity:1.00
0.053	0.069	0.843	0.035
0.084	0.056	0.084	0.776
0.001	0.001	0.982	0.016
0.017	0.035	0.864	0.084
0.034	0.050	0.084	0.832
0.069	0.084	0.050	0.797
0.171	0.102	0.626	0.101
0.782	0.101	0.067	0.050
0.050	0.831	0.067	0.052
0.134	0.697	0.050	0.119
>GTAATTATTT	23-GTAATTATTT	8.726783	-23.743043	0	T:51.0(1.70%),B:3.2(0.12%),P:1e-10	Tpos:37.1,Tstd:18.5,Bpos:44.2,Bstd:15.3,StrandBias:-0.4,Multiplicity:1.00
0.158	0.078	0.763	0.001
0.001	0.001	0.001	0.997
0.887	0.079	0.001	0.033
0.997	0.001	0.001	0.001
0.160	0.001	0.079	0.760
0.001	0.001	0.001	0.997
0.841	0.079	0.001	0.079
0.079	0.079	0.001	0.841
0.079	0.079	0.079	0.763
0.001	0.001	0.001	0.997
>GCGGCCGCGG	24-GCGGCCGCGG	7.260884	-23.367620	0	T:110.0(3.67%),B:27.5(1.07%),P:1e-10	Tpos:37.1,Tstd:20.6,Bpos:27.5,Bstd:12.9,StrandBias:0.0,Multiplicity:1.10
0.073	0.344	0.510	0.073
0.019	0.852	0.074	0.055
0.094	0.074	0.777	0.055
0.018	0.001	0.963	0.018
0.001	0.963	0.018	0.018
0.110	0.761	0.054	0.075
0.036	0.036	0.892	0.036
0.072	0.801	0.126	0.001
0.058	0.130	0.774	0.038
0.075	0.279	0.462	0.184
>CGTGTGGGCG	25-CGTGTGGGCG	6.370230	-16.127102	0	T:56.0(1.87%),B:10.5(0.41%),P:1e-7	Tpos:34.1,Tstd:21.0,Bpos:41.3,Bstd:9.2,StrandBias:1.1,Multiplicity:1.00
0.137	0.543	0.153	0.167
0.128	0.159	0.573	0.140
0.100	0.152	0.137	0.611
0.055	0.128	0.689	0.128
0.123	0.119	0.172	0.586
0.085	0.112	0.691	0.112
0.145	0.108	0.598	0.149
0.099	0.136	0.648	0.117
0.156	0.497	0.169	0.177
0.141	0.124	0.565	0.170
>DKCTATTTTTRG	1-DKCTATTTTTRG	6.734046	-442.642780	0	T:1274.0(42.47%),B:220.8(8.64%),P:1e-192	Tpos:37.1,Tstd:18.9,Bpos:36.6,Bstd:23.4,StrandBias:0.1,Multiplicity:1.13
0.305	0.075	0.284	0.336
0.185	0.138	0.398	0.279
0.095	0.555	0.057	0.293
0.001	0.001	0.001	0.997
0.964	0.001	0.029	0.006
0.065	0.003	0.001	0.931
0.059	0.001	0.001	0.939
0.086	0.050	0.001	0.863
0.224	0.212	0.087	0.477
0.237	0.108	0.141	0.514
0.553	0.001	0.445	0.001
0.231	0.102	0.435	0.233
>TGASTCATWTHW	2-TGASTCATWTHW	6.894558	-214.119885	0	T:628.0(20.93%),B:89.6(3.51%),P:1e-92	Tpos:35.4,Tstd:19.6,Bpos:32.9,Bstd:21.8,StrandBias:0.0,Multiplicity:1.47
0.038	0.003	0.001	0.958
0.021	0.047	0.735	0.197
0.843	0.001	0.001	0.155
0.001	0.501	0.437	0.061
0.005	0.001	0.001	0.993
0.001	0.997	0.001	0.001
0.997	0.001	0.001	0.001
0.038	0.209	0.265	0.488
0.280	0.244	0.059	0.417
0.253	0.147	0.135	0.464
0.191	0.305	0.174	0.330
0.242	0.213	0.168	0.378
>CTGTGGTTDNYH	3-CTGTGGTTDNYH	6.742151	-174.117272	0	T:531.0(17.70%),B:78.6(3.08%),P:1e-75	Tpos:37.0,Tstd:19.3,Bpos:35.0,Bstd:19.5,StrandBias:0.2,Multiplicity:1.03
0.123	0.495	0.182	0.200
0.051	0.001	0.001	0.947
0.001	0.001	0.997	0.001
0.111	0.120	0.001	0.768
0.001	0.001	0.997	0.001
0.001	0.001	0.844	0.154
0.001	0.001	0.363	0.635
0.138	0.280	0.001	0.581
0.332	0.104	0.304	0.260
0.294	0.191	0.271	0.244
0.192	0.398	0.158	0.253
0.356	0.303	0.001	0.340
>NHRGAAACCACR	4-NHRGAAACCACR	5.773354	-159.288967	0	T:938.0(31.27%),B:305.0(11.93%),P:1e-69	Tpos:36.8,Tstd:19.5,Bpos:39.2,Bstd:24.5,StrandBias:-0.1,Multiplicity:1.11
0.304	0.211	0.235	0.250
0.282	0.340	0.182	0.195
0.396	0.101	0.264	0.239
0.096	0.074	0.774	0.056
0.849	0.062	0.035	0.054
0.950	0.023	0.021	0.006
0.891	0.040	0.063	0.006
0.014	0.906	0.068	0.012
0.142	0.623	0.072	0.163
0.479	0.222	0.162	0.137
0.237	0.485	0.125	0.153
0.368	0.203	0.233	0.197
>AGTTTCASTTCC	5-AGTTTCASTTCC	7.828326	-105.839173	0	T:388.0(12.93%),B:72.6(2.84%),P:1e-45	Tpos:35.2,Tstd:18.5,Bpos:37.7,Bstd:24.5,StrandBias:-0.1,Multiplicity:1.08
0.511	0.058	0.326	0.105
0.070	0.178	0.670	0.082
0.011	0.001	0.001	0.987
0.012	0.082	0.001	0.905
0.001	0.023	0.011	0.965
0.012	0.930	0.023	0.035
0.895	0.012	0.023	0.070
0.012	0.355	0.456	0.176
0.001	0.001	0.001	0.997
0.023	0.035	0.001	0.941
0.164	0.473	0.047	0.317
0.058	0.658	0.036	0.248
>GAAAGAGGAAGT	6-GAAAGAGGAAGT	8.780921	-32.964926	0	T:67.0(2.23%),B:3.3(0.13%),P:1e-14	Tpos:30.4,Tstd:19.0,Bpos:37.7,Bstd:12.4,StrandBias:0.4,Multiplicity:1.00
0.179	0.120	0.600	0.101
0.707	0.078	0.126	0.089
0.686	0.111	0.138	0.065
0.721	0.043	0.130	0.106
0.181	0.139	0.580	0.100
0.699	0.081	0.134	0.086
0.188	0.053	0.652	0.107
0.211	0.085	0.610	0.094
0.700	0.111	0.107	0.082
0.780	0.047	0.089	0.084
0.161	0.107	0.648	0.084
0.149	0.120	0.114	0.617
>VGSCGCSGCNSS	7-VGSCGCSGCNSS	4.670595	-27.399623	0	T:177.0(5.90%),B:57.0(2.23%),P:1e-11	Tpos:37.0,Tstd:19.9,Bpos:39.3,Bstd:35.6,StrandBias:0.3,Multiplicity:1.35
0.225	0.337	0.279	0.159
0.210	0.210	0.395	0.185
0.151	0.365	0.369	0.115
0.177	0.421	0.252	0.150
0.103	0.170	0.618	0.109
0.109	0.490	0.325	0.076
0.186	0.298	0.357	0.159
0.081	0.187	0.678	0.054
0.148	0.456	0.300	0.096
0.187	0.289	0.332	0.192
0.188	0.240	0.373	0.199
0.177	0.295	0.341	0.187
>AAATAGCW	1-AAATAGCW	6.301144	-411.270749	0	T:1105.0(36.83%),B:160.2(6.27%),P:1e-178	Tpos:37.1,Tstd:20.5,Bpos:37.9,Bstd:24.3,StrandBias:-0.1,Multiplicity:1.11
0.828	0.030	0.037	0.105
0.902	0.030	0.003	0.065
0.897	0.019	0.029	0.055
0.059	0.096	0.054	0.791
0.869	0.024	0.074	0.033
0.170	0.033	0.756	0.041
0.244	0.537	0.116	0.103
0.421	0.206	0.074	0.298
>CTATTAAT	2-CTATTAAT	6.000499	-306.716363	0	T:751.0(25.03%),B:78.5(3.07%),P:1e-133	Tpos:36.7,Tstd:20.9,Bpos:39.3,Bstd:23.2,StrandBias:0.4,Multiplicity:1.02
0.001	0.997	0.001	0.001
0.001	0.001	0.001	0.997
0.997	0.001	0.001	0.001
0.001	0.001	0.001	0.997
0.029	0.001	0.001	0.969
0.695	0.001	0.001	0.303
0.536	0.267	0.001	0.196
0.001	0.001	0.421	0.577
>TCACTTCC	3-TCACTTCC	4.500512	-218.658344	0	T:1470.0(49.00%),B:573.2(22.42%),P:1e-94	Tpos:36.1,Tstd:20.0,Bpos:37.5,Bstd:24.6,StrandBias:-0.0,Multiplicity:1.32
0.089	0.192	0.231	0.488
0.118	0.452	0.237	0.193
0.461	0.233	0.254	0.052
0.001	0.476	0.282	0.241
0.019	0.084	0.050	0.847
0.062	0.070	0.047	0.821
0.040	0.486	0.144	0.329
0.121	0.614	0.060	0.205
>WAACCACA	4-WAACCACA	5.372848	-218.357157	0	T:1016.0(33.87%),B:279.0(10.92%),P:1e-94	Tpos:36.4,Tstd:20.5,Bpos:36.7,Bstd:27.5,StrandBias:-0.1,Multiplicity:1.16
0.431	0.141	0.097	0.332
0.778	0.041	0.122	0.059
0.671	0.143	0.185	0.001
0.001	0.997	0.001	0.001
0.001	0.997	0.001	0.001
0.928	0.001	0.070	0.001
0.045	0.953	0.001	0.001
0.765	0.049	0.108	0.078
>TGAGTCAT	5-TGAGTCAT	4.950667	-212.882941	0	T:739.0(24.63%),B:139.7(5.47%),P:1e-92	Tpos:35.4,Tstd:21.0,Bpos:33.3,Bstd:22.7,StrandBias:-0.0,Multiplicity:1.11
0.014	0.003	0.001	0.982
0.024	0.018	0.906	0.052
0.939	0.014	0.001	0.046
0.001	0.251	0.747	0.001
0.010	0.001	0.001	0.988
0.026	0.967	0.006	0.001
0.989	0.008	0.002	0.001
0.066	0.138	0.096	0.700
>RGAATAGC	6-RGAATAGC	8.068483	-151.778864	0	T:359.0(11.97%),B:29.5(1.15%),P:1e-65	Tpos:39.1,Tstd:20.4,Bpos:41.9,Bstd:15.5,StrandBias:-0.4,Multiplicity:1.00
0.540	0.001	0.458	0.001
0.150	0.001	0.699	0.150
0.997	0.001	0.001	0.001
0.997	0.001	0.001	0.001
0.001	0.001	0.001	0.997
0.997	0.001	0.001	0.001
0.001	0.001	0.997	0.001
0.131	0.867	0.001	0.001
>GTTTCWGH	7-GTTTCWGH	5.467409	-144.035497	0	T:1025.0(34.17%),B:380.7(14.89%),P:1e-62	Tpos:35.8,Tstd:20.6,Bpos:40.4,Bstd:25.1,StrandBias:0.1,Multiplicity:1.14
0.170	0.187	0.596	0.047
0.207	0.092	0.001	0.700
0.029	0.068	0.077	0.826
0.118	0.001	0.091	0.790
0.001	0.905	0.001	0.093
0.444	0.027	0.023	0.506
0.037	0.096	0.749	0.118
0.365	0.336	0.051	0.247
>GCGGAAGC	8-GCGGAAGC	5.240942	-57.066513	0	T:354.0(11.80%),B:109.1(4.27%),P:1e-24	Tpos:37.8,Tstd:20.3,Bpos:32.1,Bstd:22.8,StrandBias:0.1,Multiplicity:1.03
0.019	0.095	0.867	0.019
0.177	0.590	0.232	0.001
0.001	0.018	0.980	0.001
0.018	0.001	0.980	0.001
0.942	0.001	0.038	0.019
0.923	0.038	0.001	0.038
0.001	0.076	0.904	0.019
0.076	0.866	0.057	0.001
>GTCATTTC	9-GTCATTTC	7.377124	-51.257733	0	T:253.0(8.43%),B:64.5(2.52%),P:1e-22	Tpos:37.9,Tstd:21.0,Bpos:37.1,Bstd:17.4,StrandBias:0.4,Multiplicity:1.02
0.001	0.001	0.934	0.064
0.034	0.033	0.001	0.932
0.093	0.894	0.001	0.012
0.986	0.001	0.012	0.001
0.001	0.026	0.030	0.943
0.060	0.027	0.060	0.853
0.001	0.001	0.059	0.939
0.168	0.670	0.128	0.034
>CTTATTTT	10-CTTATTTT	8.867322	-45.979231	0	T:172.0(5.73%),B:32.6(1.27%),P:1e-19	Tpos:34.8,Tstd:22.8,Bpos:34.7,Bstd:21.8,StrandBias:-0.8,Multiplicity:1.02
0.001	0.735	0.263	0.001
0.001	0.001	0.001	0.997
0.001	0.001	0.001	0.997
0.997	0.001	0.001	0.001
0.001	0.001	0.001	0.997
0.001	0.001	0.150	0.848
0.001	0.001	0.001	0.997
0.001	0.001	0.001	0.997
>CCACCCAC	11-CCACCCAC	8.037450	-41.628268	0	T:93.0(3.10%),B:6.4(0.25%),P:1e-18	Tpos:35.5,Tstd:20.3,Bpos:34.0,Bstd:9.1,StrandBias:-0.4,Multiplicity:1.00
0.001	0.997	0.001	0.001
0.022	0.909	0.001	0.068
0.997	0.001	0.001	0.001
0.088	0.910	0.001	0.001
0.001	0.964	0.034	0.001
0.001	0.843	0.001	0.155
0.997	0.001	0.001	0.001
0.245	0.733	0.001	0.021
>GCCGCGAG	12-GCCGCGAG	6.184168	-36.369584	0	T:123.0(4.10%),B:21.0(0.82%),P:1e-15	Tpos:40.1,Tstd:21.0,Bpos:44.9,Bstd:11.2,StrandBias:0.2,Multiplicity:1.12
0.074	0.087	0.784	0.055
0.049	0.823	0.091	0.037
0.104	0.749	0.065	0.082
0.033	0.164	0.736	0.067
0.048	0.845	0.069	0.038
0.090	0.074	0.806	0.030
0.470	0.264	0.141	0.125
0.037	0.138	0.796	0.029
>CCGRCGCC	13-CCGRCGCC	6.100785	-31.721530	0	T:118.0(3.93%),B:23.0(0.90%),P:1e-13	Tpos:35.8,Tstd:17.9,Bpos:35.3,Bstd:12.0,StrandBias:-0.4,Multiplicity:1.13
0.001	0.975	0.023	0.001
0.024	0.903	0.024	0.049
0.023	0.001	0.975	0.001
0.461	0.199	0.316	0.024
0.024	0.854	0.121	0.001
0.024	0.024	0.951	0.001
0.024	0.951	0.001	0.024
0.024	0.951	0.024	0.001
>CGTTTCGT	14-CGTTTCGT	6.033961	-22.076176	0	T:83.0(2.77%),B:16.3(0.64%),P:1e-9	Tpos:34.4,Tstd:21.2,Bpos:42.4,Bstd:18.6,StrandBias:-0.2,Multiplicity:1.03
0.003	0.896	0.001	0.100
0.074	0.074	0.778	0.074
0.001	0.001	0.073	0.925
0.001	0.001	0.073	0.925
0.073	0.001	0.073	0.853
0.001	0.848	0.147	0.004
0.009	0.170	0.820	0.001
0.074	0.074	0.074	0.778
>GGSGSGGG	15-GGSGSGGG	6.239172	-21.728411	0	T:217.0(7.23%),B:89.5(3.50%),P:1e-9	Tpos:39.0,Tstd:22.0,Bpos:25.8,Bstd:24.5,StrandBias:0.3,Multiplicity:1.32
0.001	0.396	0.593	0.010
0.001	0.416	0.582	0.001
0.001	0.437	0.561	0.001
0.001	0.289	0.643	0.067
0.047	0.413	0.539	0.001
0.001	0.295	0.703	0.001
0.001	0.334	0.664	0.001
0.001	0.285	0.713	0.001
>ATTAGCAA	16-ATTAGCAA	8.150897	-19.141413	0	T:83.0(2.77%),B:19.7(0.77%),P:1e-8	Tpos:34.5,Tstd:20.4,Bpos:42.1,Bstd:21.8,StrandBias:-0.2,Multiplicity:1.03
0.817	0.001	0.001	0.181
0.001	0.035	0.087	0.877
0.001	0.001	0.001	0.997
0.997	0.001	0.001	0.001
0.001	0.085	0.913	0.001
0.001	0.997	0.001	0.001
0.879	0.001	0.001	0.119
0.997	0.001	0.001	0.001
>ATGCAAAT	17-ATGCAAAT	8.236954	-15.377588	0	T:36.0(1.20%),B:3.2(0.13%),P:1e-6	Tpos:35.2,Tstd:18.1,Bpos:33.9,Bstd:6.5,StrandBias:0.2,Multiplicity:1.00
0.700	0.100	0.100	0.100
0.100	0.100	0.100	0.700
0.100	0.100	0.700	0.100
0.100	0.700	0.100	0.100
0.700	0.100	0.100	0.100
0.700	0.100	0.100	0.100
0.700	0.100	0.100	0.100
0.100	0.100	0.100	0.700
>AAATTTAG	18-AAATTTAG	7.228944	-14.104768	0	T:88.0(2.93%),B:28.4(1.11%),P:1e-6	Tpos:41.0,Tstd:19.9,Bpos:40.2,Bstd:20.5,StrandBias:-0.4,Multiplicity:1.00
0.997	0.001	0.001	0.001
0.997	0.001	0.001	0.001
0.997	0.001	0.001	0.001
0.001	0.001	0.001	0.997
0.190	0.001	0.109	0.700
0.001	0.001	0.012	0.986
0.884	0.114	0.001	0.001
0.001	0.001	0.997	0.001
