>TCAGCCTCCC	1-TCAGCCTCCC	7.502440	-54.941295	0	T:173.0(12.83%),B:36.4(2.70%),P:1e-23	Tpos:33.3,Tstd:17.9,Bpos:43.2,Bstd:22.9,StrandBias:-0.3,Multiplicity:1.12
0.009	0.001	0.001	0.989
0.001	0.978	0.001	0.020
0.768	0.001	0.115	0.116
0.062	0.010	0.918	0.010
0.010	0.969	0.001	0.020
0.009	0.989	0.001	0.001
0.009	0.001	0.001	0.989
0.010	0.979	0.001	0.010
0.009	0.989	0.001	0.001
0.021	0.902	0.010	0.067
>AWKDGCTGGR	2-AWKDGCTGGR	5.796319	-52.795733	0	T:175.0(12.98%),B:39.1(2.90%),P:1e-22	Tpos:33.8,Tstd:19.5,Bpos:32.2,Bstd:21.4,StrandBias:-0.5,Multiplicity:1.10
0.403	0.204	0.170	0.223
0.331	0.036	0.205	0.428
0.127	0.055	0.402	0.416
0.297	0.004	0.341	0.358
0.107	0.257	0.488	0.148
0.140	0.596	0.122	0.142
0.206	0.001	0.001	0.792
0.148	0.001	0.625	0.226
0.237	0.001	0.531	0.231
0.333	0.104	0.463	0.101
>GGAGAATSGC	3-GGAGAATSGC	7.666059	-49.162102	0	T:110.0(8.16%),B:12.8(0.95%),P:1e-21	Tpos:33.8,Tstd:16.7,Bpos:30.4,Bstd:30.4,StrandBias:0.5,Multiplicity:1.00
0.055	0.001	0.749	0.195
0.096	0.001	0.807	0.096
0.997	0.001	0.001	0.001
0.001	0.001	0.997	0.001
0.842	0.001	0.049	0.108
0.705	0.198	0.001	0.096
0.046	0.001	0.189	0.764
0.001	0.468	0.341	0.189
0.307	0.097	0.593	0.003
0.096	0.851	0.001	0.052
>WNCCTCCCNV	4-WNCCTCCCNV	6.226639	-45.940053	0	T:296.0(21.96%),B:123.6(9.17%),P:1e-19	Tpos:36.5,Tstd:20.4,Bpos:36.1,Bstd:25.8,StrandBias:0.3,Multiplicity:1.13
0.265	0.190	0.172	0.373
0.299	0.163	0.293	0.245
0.046	0.827	0.001	0.126
0.290	0.574	0.027	0.109
0.098	0.001	0.001	0.900
0.001	0.963	0.001	0.035
0.063	0.891	0.001	0.045
0.173	0.690	0.001	0.136
0.219	0.280	0.256	0.246
0.237	0.346	0.291	0.126
>NGGCAGGCWG	5-NGGCAGGCWG	4.813027	-40.180031	0	T:93.0(6.90%),B:11.7(0.87%),P:1e-17	Tpos:31.6,Tstd:19.1,Bpos:52.9,Bstd:1.5,StrandBias:0.1,Multiplicity:1.05
0.197	0.283	0.194	0.327
0.197	0.143	0.440	0.220
0.137	0.233	0.493	0.137
0.150	0.493	0.197	0.160
0.541	0.146	0.123	0.190
0.150	0.163	0.534	0.153
0.127	0.246	0.470	0.157
0.153	0.467	0.197	0.183
0.326	0.126	0.147	0.401
0.253	0.154	0.403	0.190
>YACAGGCCTG	6-YACAGGCCTG	7.976605	-38.070187	0	T:79.0(5.86%),B:7.5(0.55%),P:1e-16	Tpos:38.1,Tstd:17.0,Bpos:48.0,Bstd:22.6,StrandBias:-0.2,Multiplicity:1.00
0.003	0.408	0.121	0.469
0.784	0.045	0.132	0.039
0.157	0.801	0.003	0.039
0.960	0.038	0.001	0.001
0.039	0.001	0.668	0.292
0.001	0.001	0.909	0.089
0.120	0.837	0.042	0.001
0.166	0.752	0.081	0.001
0.001	0.038	0.001	0.960
0.124	0.118	0.719	0.039
>CGTGGTGGCK	7-CGTGGTGGCK	8.467980	-35.321480	0	T:59.0(4.38%),B:3.0(0.22%),P:1e-15	Tpos:33.9,Tstd:18.2,Bpos:32.2,Bstd:15.6,StrandBias:0.4,Multiplicity:1.00
0.001	0.861	0.069	0.069
0.030	0.145	0.756	0.069
0.069	0.217	0.001	0.713
0.001	0.001	0.997	0.001
0.069	0.069	0.861	0.001
0.001	0.001	0.138	0.860
0.001	0.001	0.997	0.001
0.068	0.001	0.930	0.001
0.001	0.824	0.006	0.169
0.156	0.001	0.405	0.437
>TCTCATCACT	8-TCTCATCACT	7.055931	-35.030250	0	T:132.0(9.79%),B:34.1(2.53%),P:1e-15	Tpos:37.4,Tstd:18.6,Bpos:41.2,Bstd:24.0,StrandBias:-0.5,Multiplicity:1.01
0.096	0.184	0.001	0.719
0.127	0.507	0.202	0.164
0.216	0.265	0.044	0.476
0.035	0.782	0.088	0.095
0.712	0.044	0.037	0.207
0.097	0.189	0.071	0.643
0.027	0.910	0.018	0.045
0.588	0.118	0.026	0.268
0.001	0.949	0.010	0.040
0.088	0.123	0.001	0.788
>AMTACAGGCA	9-AMTACAGGCA	6.135179	-30.782449	0	T:75.0(5.56%),B:10.4(0.77%),P:1e-13	Tpos:35.3,Tstd:20.2,Bpos:29.9,Bstd:6.5,StrandBias:0.6,Multiplicity:1.02
0.500	0.212	0.102	0.186
0.282	0.392	0.121	0.204
0.121	0.226	0.092	0.561
0.484	0.226	0.187	0.102
0.115	0.663	0.174	0.048
0.785	0.039	0.032	0.144
0.258	0.001	0.601	0.140
0.129	0.160	0.613	0.098
0.176	0.421	0.138	0.264
0.407	0.223	0.172	0.197
>CTCCCAGGAT	10-CTCCCAGGAT	7.560187	-23.405025	0	T:79.0(5.86%),B:18.2(1.35%),P:1e-10	Tpos:38.3,Tstd:19.9,Bpos:31.6,Bstd:19.3,StrandBias:0.8,Multiplicity:1.03
0.082	0.756	0.068	0.094
0.029	0.054	0.040	0.877
0.013	0.799	0.067	0.121
0.054	0.866	0.013	0.067
0.041	0.879	0.013	0.067
0.904	0.001	0.041	0.054
0.149	0.027	0.770	0.054
0.027	0.107	0.812	0.054
0.669	0.095	0.149	0.087
0.095	0.134	0.081	0.690
>GCCTTCTKCC	11-GCCTTCTKCC	7.894192	-22.354925	0	T:32.0(2.37%),B:0.5(0.04%),P:1e-9	Tpos:33.4,Tstd:17.4,Bpos:44.0,Bstd:0.0,StrandBias:0.5,Multiplicity:1.00
0.025	0.037	0.611	0.327
0.139	0.627	0.012	0.222
0.276	0.687	0.012	0.025
0.325	0.012	0.025	0.638
0.001	0.199	0.025	0.775
0.001	0.736	0.262	0.001
0.001	0.224	0.001	0.774
0.025	0.239	0.397	0.339
0.012	0.675	0.012	0.301
0.239	0.553	0.007	0.201
>GGGCARATTA	12-GGGCARATTA	7.497158	-22.242927	0	T:95.0(7.05%),B:28.5(2.12%),P:1e-9	Tpos:39.0,Tstd:19.2,Bpos:32.2,Bstd:22.3,StrandBias:-0.3,Multiplicity:1.02
0.231	0.001	0.767	0.001
0.303	0.001	0.695	0.001
0.001	0.001	0.997	0.001
0.306	0.692	0.001	0.001
0.997	0.001	0.001	0.001
0.430	0.213	0.356	0.001
0.997	0.001	0.001	0.001
0.001	0.001	0.334	0.664
0.186	0.228	0.060	0.526
0.665	0.001	0.274	0.060
>TATTTATTTA	13-TATTTATTTA	7.362643	-19.839227	0	T:175.0(12.98%),B:85.4(6.34%),P:1e-8	Tpos:36.7,Tstd:18.5,Bpos:39.9,Bstd:15.6,StrandBias:-0.1,Multiplicity:1.20
0.138	0.017	0.008	0.837
0.749	0.016	0.103	0.132
0.137	0.047	0.001	0.815
0.230	0.001	0.001	0.768
0.001	0.031	0.001	0.967
0.774	0.091	0.017	0.118
0.033	0.099	0.001	0.867
0.188	0.017	0.001	0.794
0.063	0.032	0.011	0.894
0.578	0.001	0.118	0.303
>CTAATAATAA	14-CTAATAATAA	8.737367	-19.542156	0	T:51.0(3.78%),B:8.9(0.66%),P:1e-8	Tpos:36.2,Tstd:20.7,Bpos:36.7,Bstd:10.3,StrandBias:0.7,Multiplicity:1.00
0.115	0.519	0.057	0.309
0.056	0.001	0.001	0.942
0.585	0.172	0.001	0.242
0.942	0.056	0.001	0.001
0.299	0.013	0.001	0.687
0.815	0.001	0.057	0.127
0.942	0.056	0.001	0.001
0.001	0.056	0.001	0.942
0.942	0.001	0.001	0.056
0.986	0.012	0.001	0.001
>GTGAGCCGAG	15-GTGAGCCGAG	9.461849	-19.363617	0	T:46.0(3.41%),B:7.0(0.52%),P:1e-8	Tpos:46.8,Tstd:22.2,Bpos:50.7,Bstd:6.6,StrandBias:1.5,Multiplicity:1.00
0.001	0.001	0.997	0.001
0.001	0.001	0.056	0.942
0.060	0.001	0.938	0.001
0.997	0.001	0.001	0.001
0.001	0.056	0.942	0.001
0.001	0.596	0.347	0.056
0.001	0.886	0.001	0.112
0.001	0.001	0.708	0.290
0.708	0.290	0.001	0.001
0.056	0.001	0.942	0.001
>ATCACAAAGC	16-ATCACAAAGC	8.237234	-19.278929	0	T:38.0(2.82%),B:3.3(0.25%),P:1e-8	Tpos:36.8,Tstd:20.5,Bpos:40.7,Bstd:11.8,StrandBias:-0.7,Multiplicity:1.06
0.952	0.001	0.046	0.001
0.047	0.056	0.170	0.727
0.132	0.681	0.001	0.186
0.758	0.046	0.001	0.195
0.046	0.907	0.001	0.046
0.859	0.139	0.001	0.001
0.997	0.001	0.001	0.001
0.813	0.001	0.093	0.093
0.001	0.001	0.997	0.001
0.208	0.558	0.187	0.047
>TTCTCTTTGA	17-TTCTCTTTGA	9.615531	-18.163625	0	T:30.0(2.23%),B:1.9(0.14%),P:1e-7	Tpos:36.6,Tstd:18.0,Bpos:29.9,Bstd:9.1,StrandBias:-0.5,Multiplicity:1.00
0.001	0.058	0.001	0.940
0.001	0.058	0.001	0.940
0.117	0.824	0.001	0.058
0.001	0.058	0.001	0.940
0.058	0.940	0.001	0.001
0.001	0.117	0.001	0.881
0.001	0.001	0.001	0.997
0.001	0.001	0.001	0.997
0.234	0.001	0.764	0.001
0.764	0.118	0.059	0.059
>GGAAGGAAAG	18-GGAAGGAAAG	7.395945	-16.654168	0	T:89.0(6.60%),B:32.1(2.38%),P:1e-7	Tpos:38.2,Tstd:18.9,Bpos:33.7,Bstd:24.9,StrandBias:0.5,Multiplicity:1.17
0.062	0.001	0.821	0.116
0.117	0.018	0.829	0.036
0.901	0.001	0.080	0.018
0.788	0.001	0.210	0.001
0.134	0.001	0.863	0.002
0.020	0.076	0.886	0.018
0.740	0.054	0.205	0.001
0.645	0.002	0.170	0.183
0.795	0.018	0.149	0.038
0.072	0.001	0.801	0.126
>AATACTTTAT	19-AATACTTTAT	7.843147	-15.310162	0	T:39.0(2.89%),B:6.9(0.51%),P:1e-6	Tpos:31.6,Tstd:19.8,Bpos:39.0,Bstd:11.9,StrandBias:-0.2,Multiplicity:1.08
0.826	0.037	0.049	0.088
0.754	0.036	0.124	0.086
0.109	0.036	0.061	0.794
0.827	0.062	0.050	0.061
0.097	0.744	0.050	0.109
0.049	0.037	0.001	0.913
0.073	0.012	0.086	0.829
0.110	0.097	0.024	0.769
0.756	0.061	0.122	0.061
0.062	0.049	0.085	0.804
>CACAGACACA	20-CACAGACACA	8.037647	-13.820182	0	T:54.0(4.01%),B:15.4(1.14%),P:1e-6	Tpos:38.6,Tstd:18.2,Bpos:30.5,Bstd:16.7,StrandBias:-0.9,Multiplicity:1.08
0.036	0.808	0.063	0.093
0.968	0.001	0.001	0.030
0.066	0.677	0.195	0.062
0.968	0.001	0.030	0.001
0.001	0.164	0.668	0.167
0.815	0.092	0.092	0.001
0.312	0.524	0.096	0.068
0.997	0.001	0.001	0.001
0.281	0.522	0.104	0.093
0.840	0.158	0.001	0.001
>ATATTTCTAA	21-ATATTTCTAA	10.138190	-10.375783	0	T:21.0(1.56%),B:2.5(0.19%),P:1e-4	Tpos:43.8,Tstd:16.3,Bpos:24.7,Bstd:7.7,StrandBias:-0.1,Multiplicity:1.05
0.916	0.001	0.001	0.082
0.001	0.001	0.001	0.997
0.916	0.001	0.082	0.001
0.001	0.001	0.001	0.997
0.082	0.001	0.001	0.916
0.001	0.082	0.001	0.916
0.001	0.997	0.001	0.001
0.166	0.001	0.001	0.832
0.666	0.083	0.001	0.250
0.833	0.083	0.001	0.083
