>CCTCDGCCTCCC	1-CCTCDGCCTCCC	8.897000	-57.999705	0	T:194.0(14.39%),B:44.9(3.33%),P:1e-25	Tpos:34.5,Tstd:17.6,Bpos:41.8,Bstd:25.2,StrandBias:-0.4,Multiplicity:1.20
0.026	0.728	0.052	0.194
0.047	0.714	0.001	0.238
0.048	0.215	0.001	0.736
0.026	0.686	0.096	0.192
0.271	0.175	0.220	0.335
0.146	0.075	0.684	0.095
0.001	0.851	0.001	0.147
0.120	0.755	0.024	0.101
0.119	0.001	0.001	0.879
0.001	0.620	0.165	0.214
0.025	0.951	0.001	0.023
0.049	0.709	0.001	0.241
>GGGAYTACAGGY	2-GGGAYTACAGGY	7.740802	-50.541471	0	T:149.0(11.05%),B:28.0(2.08%),P:1e-21	Tpos:36.4,Tstd:17.1,Bpos:37.3,Bstd:22.8,StrandBias:0.1,Multiplicity:1.01
0.003	0.003	0.993	0.001
0.163	0.001	0.715	0.121
0.120	0.001	0.878	0.001
0.869	0.001	0.001	0.129
0.123	0.375	0.001	0.501
0.045	0.242	0.088	0.625
0.716	0.084	0.199	0.001
0.084	0.668	0.121	0.127
0.842	0.001	0.079	0.078
0.164	0.001	0.754	0.081
0.248	0.045	0.510	0.197
0.042	0.421	0.079	0.457
>TCAGCCTCCCGA	3-TCAGCCTCCCGA	8.918467	-41.158235	0	T:122.0(9.05%),B:23.4(1.74%),P:1e-17	Tpos:26.7,Tstd:22.0,Bpos:67.0,Bstd:0.0,StrandBias:0.2,Multiplicity:1.00
0.125	0.001	0.125	0.749
0.125	0.749	0.125	0.001
0.625	0.125	0.125	0.125
0.124	0.001	0.874	0.001
0.124	0.874	0.001	0.001
0.001	0.997	0.001	0.001
0.001	0.001	0.001	0.997
0.124	0.874	0.001	0.001
0.124	0.874	0.001	0.001
0.001	0.997	0.001	0.001
0.374	0.001	0.624	0.001
0.874	0.001	0.124	0.001
>CAGGAGAATCGC	4-CAGGAGAATCGC	7.567394	-34.901529	0	T:74.0(5.49%),B:7.7(0.57%),P:1e-15	Tpos:32.6,Tstd:15.6,Bpos:34.8,Bstd:34.7,StrandBias:0.7,Multiplicity:1.00
0.019	0.979	0.001	0.001
0.997	0.001	0.001	0.001
0.001	0.019	0.979	0.001
0.020	0.001	0.959	0.020
0.997	0.001	0.001	0.001
0.001	0.001	0.997	0.001
0.997	0.001	0.001	0.001
0.997	0.001	0.001	0.001
0.001	0.001	0.001	0.997
0.001	0.689	0.147	0.163
0.182	0.020	0.797	0.001
0.001	0.997	0.001	0.001
>GAGTAGCTGGGA	5-GAGTAGCTGGGA	8.286455	-32.516642	0	T:96.0(7.12%),B:18.9(1.40%),P:1e-14	Tpos:26.3,Tstd:23.8,Bpos:41.7,Bstd:14.8,StrandBias:-1.1,Multiplicity:1.00
0.175	0.087	0.704	0.034
0.746	0.050	0.101	0.103
0.089	0.151	0.641	0.119
0.204	0.069	0.103	0.624
0.760	0.067	0.121	0.052
0.119	0.118	0.679	0.084
0.067	0.799	0.050	0.084
0.103	0.002	0.018	0.877
0.050	0.017	0.916	0.017
0.071	0.017	0.828	0.084
0.103	0.050	0.813	0.034
0.644	0.050	0.155	0.151
>GTGAGCCACTGT	6-GTGAGCCACTGT	7.412337	-28.657531	0	T:69.0(5.12%),B:9.6(0.71%),P:1e-12	Tpos:35.9,Tstd:19.4,Bpos:35.4,Bstd:18.2,StrandBias:1.1,Multiplicity:1.03
0.010	0.116	0.799	0.075
0.109	0.036	0.036	0.819
0.182	0.036	0.781	0.001
0.853	0.001	0.001	0.145
0.190	0.113	0.696	0.001
0.202	0.719	0.006	0.073
0.036	0.923	0.001	0.040
0.588	0.114	0.073	0.225
0.036	0.620	0.039	0.305
0.036	0.058	0.150	0.756
0.086	0.073	0.840	0.001
0.111	0.233	0.116	0.540
>GGCGTGGTGGCT	7-GGCGTGGTGGCT	10.510751	-25.703164	0	T:48.0(3.56%),B:3.1(0.23%),P:1e-11	Tpos:38.7,Tstd:19.1,Bpos:41.6,Bstd:12.5,StrandBias:-0.2,Multiplicity:1.00
0.001	0.001	0.997	0.001
0.001	0.001	0.997	0.001
0.001	0.807	0.001	0.191
0.021	0.096	0.882	0.001
0.096	0.218	0.001	0.685
0.001	0.001	0.997	0.001
0.095	0.001	0.903	0.001
0.001	0.001	0.001	0.997
0.001	0.001	0.997	0.001
0.001	0.001	0.997	0.001
0.001	0.770	0.096	0.133
0.191	0.001	0.276	0.532
>CTTCATCCCAGG	8-CTTCATCCCAGG	8.495558	-24.536749	0	T:62.0(4.60%),B:9.8(0.73%),P:1e-10	Tpos:35.8,Tstd:18.0,Bpos:35.1,Bstd:22.2,StrandBias:0.5,Multiplicity:1.06
0.067	0.542	0.261	0.130
0.343	0.148	0.001	0.508
0.001	0.001	0.256	0.742
0.065	0.835	0.001	0.099
0.850	0.084	0.001	0.065
0.001	0.065	0.065	0.869
0.001	0.934	0.001	0.064
0.001	0.997	0.001	0.001
0.001	0.834	0.001	0.164
0.540	0.162	0.104	0.194
0.354	0.001	0.644	0.001
0.065	0.001	0.869	0.065
>ATTTATTTATWT	9-ATTTATTTATWT	4.197384	-22.997060	0	T:389.0(28.86%),B:248.7(18.45%),P:1e-9	Tpos:36.4,Tstd:18.6,Bpos:38.1,Bstd:17.9,StrandBias:0.0,Multiplicity:1.30
0.504	0.066	0.084	0.346
0.182	0.081	0.129	0.608
0.300	0.065	0.115	0.520
0.016	0.001	0.016	0.967
0.983	0.015	0.001	0.001
0.001	0.001	0.001	0.997
0.001	0.001	0.001	0.997
0.001	0.001	0.001	0.997
0.871	0.048	0.016	0.065
0.149	0.081	0.032	0.738
0.496	0.048	0.001	0.455
0.295	0.097	0.067	0.541
>STGMTCTKCCCT	10-STGMTCTKCCCT	8.571914	-20.659871	0	T:43.0(3.19%),B:4.0(0.30%),P:1e-8	Tpos:35.0,Tstd:17.8,Bpos:37.5,Bstd:25.9,StrandBias:-0.6,Multiplicity:1.05
0.001	0.566	0.432	0.001
0.001	0.001	0.001	0.997
0.001	0.065	0.553	0.381
0.518	0.480	0.001	0.001
0.134	0.123	0.001	0.742
0.256	0.742	0.001	0.001
0.154	0.065	0.001	0.780
0.001	0.199	0.453	0.346
0.092	0.906	0.001	0.001
0.001	0.773	0.001	0.225
0.222	0.776	0.001	0.001
0.264	0.001	0.154	0.581
>AGTGAGCCGAGA	11-AGTGAGCCGAGA	11.223615	-18.190372	0	T:44.0(3.26%),B:6.6(0.49%),P:1e-7	Tpos:45.8,Tstd:22.0,Bpos:52.8,Bstd:3.1,StrandBias:1.6,Multiplicity:1.00
0.913	0.001	0.085	0.001
0.001	0.001	0.997	0.001
0.001	0.001	0.001	0.997
0.085	0.001	0.913	0.001
0.997	0.001	0.001	0.001
0.001	0.085	0.913	0.001
0.001	0.900	0.086	0.013
0.086	0.553	0.001	0.360
0.006	0.001	0.907	0.086
0.997	0.001	0.001	0.001
0.085	0.001	0.913	0.001
0.997	0.001	0.001	0.001
>CACACACACAVA	12-CACACACACAVA	9.070476	-7.740221	0	T:21.0(1.56%),B:4.1(0.30%),P:1e-3	Tpos:38.6,Tstd:17.8,Bpos:19.9,Bstd:6.7,StrandBias:-1.4,Multiplicity:1.05
0.011	0.977	0.011	0.001
0.918	0.080	0.001	0.001
0.001	0.667	0.321	0.011
0.908	0.090	0.001	0.001
0.001	0.746	0.172	0.081
0.918	0.080	0.001	0.001
0.001	0.976	0.012	0.011
0.997	0.001	0.001	0.001
0.001	0.827	0.171	0.001
0.988	0.010	0.001	0.001
0.241	0.253	0.345	0.161
0.588	0.091	0.241	0.080
