>GTTGGGCG	1-GTTGGGCG	4.315707	-62.430456	0	T:319.0(23.66%),B:114.6(8.50%),P:1e-27	Tpos:33.7,Tstd:19.3,Bpos:34.4,Bstd:27.7,StrandBias:-0.1,Multiplicity:1.50
0.001	0.141	0.835	0.023
0.001	0.162	0.001	0.836
0.001	0.183	0.001	0.815
0.001	0.001	0.997	0.001
0.001	0.001	0.997	0.001
0.001	0.001	0.997	0.001
0.353	0.645	0.001	0.001
0.001	0.068	0.835	0.096
>AGGCATGA	2-AGGCATGA	6.656453	-57.493050	0	T:150.0(11.13%),B:23.2(1.72%),P:1e-24	Tpos:33.8,Tstd:17.0,Bpos:46.0,Bstd:23.0,StrandBias:0.2,Multiplicity:1.01
0.777	0.012	0.071	0.140
0.062	0.100	0.837	0.001
0.001	0.239	0.679	0.081
0.087	0.549	0.299	0.065
0.653	0.050	0.281	0.016
0.146	0.086	0.297	0.471
0.276	0.045	0.665	0.014
0.680	0.101	0.111	0.108
>ACCTCGGC	3-ACCTCGGC	6.016695	-35.631828	0	T:151.0(11.20%),B:44.2(3.28%),P:1e-15	Tpos:37.3,Tstd:20.9,Bpos:46.4,Bstd:23.1,StrandBias:-1.0,Multiplicity:1.13
0.691	0.042	0.200	0.067
0.079	0.809	0.053	0.059
0.057	0.890	0.006	0.047
0.079	0.106	0.082	0.733
0.099	0.659	0.117	0.125
0.204	0.084	0.670	0.042
0.148	0.108	0.672	0.072
0.044	0.883	0.032	0.041
>GAWTCGCT	4-GAWTCGCT	6.130116	-28.103176	0	T:109.0(8.09%),B:29.2(2.16%),P:1e-12	Tpos:35.8,Tstd:19.6,Bpos:44.6,Bstd:28.6,StrandBias:0.3,Multiplicity:1.01
0.001	0.080	0.918	0.001
0.598	0.080	0.001	0.321
0.506	0.080	0.001	0.413
0.001	0.019	0.178	0.802
0.072	0.647	0.001	0.280
0.001	0.001	0.997	0.001
0.080	0.918	0.001	0.001
0.001	0.080	0.001	0.918
>TAAATAWW	5-TAAATAWW	5.937320	-24.871519	0	T:419.0(31.08%),B:268.1(19.89%),P:1e-10	Tpos:37.5,Tstd:20.1,Bpos:38.5,Bstd:20.5,StrandBias:0.1,Multiplicity:1.47
0.225	0.120	0.082	0.573
0.826	0.172	0.001	0.001
0.997	0.001	0.001	0.001
0.703	0.001	0.252	0.044
0.001	0.001	0.131	0.867
0.767	0.001	0.231	0.001
0.439	0.153	0.001	0.407
0.473	0.001	0.076	0.450
>CGCCACCA	6-CGCCACCA	7.586791	-23.217336	0	T:41.0(3.04%),B:2.4(0.18%),P:1e-10	Tpos:41.8,Tstd:20.7,Bpos:38.5,Bstd:13.0,StrandBias:0.7,Multiplicity:1.00
0.116	0.882	0.001	0.001
0.001	0.001	0.997	0.001
0.001	0.997	0.001	0.001
0.001	0.997	0.001	0.001
0.997	0.001	0.001	0.001
0.001	0.853	0.110	0.036
0.001	0.997	0.001	0.001
0.962	0.036	0.001	0.001
>ATCTTCCC	7-ATCTTCCC	7.176546	-22.973568	0	T:82.0(6.08%),B:20.6(1.53%),P:1e-9	Tpos:35.3,Tstd:19.2,Bpos:37.7,Bstd:19.6,StrandBias:0.2,Multiplicity:1.01
0.778	0.026	0.066	0.130
0.056	0.001	0.025	0.918
0.001	0.961	0.037	0.001
0.056	0.001	0.017	0.926
0.018	0.029	0.226	0.727
0.017	0.965	0.017	0.001
0.001	0.852	0.017	0.130
0.001	0.869	0.001	0.129
>CCAWCMCC	8-CCAWCMCC	6.330393	-21.529233	0	T:59.0(4.38%),B:10.7(0.79%),P:1e-9	Tpos:38.2,Tstd:20.5,Bpos:41.1,Bstd:22.1,StrandBias:-0.1,Multiplicity:1.16
0.053	0.750	0.145	0.052
0.001	0.834	0.026	0.139
0.620	0.315	0.040	0.025
0.290	0.176	0.153	0.381
0.001	0.669	0.224	0.106
0.472	0.502	0.025	0.001
0.013	0.702	0.064	0.221
0.063	0.484	0.332	0.121
>CCCACGTG	9-CCCACGTG	6.352604	-21.094968	0	T:56.0(4.15%),B:9.5(0.71%),P:1e-9	Tpos:38.4,Tstd:19.7,Bpos:32.4,Bstd:17.7,StrandBias:0.5,Multiplicity:1.00
0.140	0.697	0.093	0.070
0.010	0.920	0.023	0.047
0.023	0.931	0.023	0.023
0.953	0.023	0.023	0.001
0.001	0.929	0.001	0.069
0.093	0.070	0.756	0.081
0.023	0.023	0.001	0.953
0.023	0.001	0.953	0.023
>AAGGAAGG	10-AAGGAAGG	6.113365	-19.157950	0	T:132.0(9.79%),B:56.3(4.18%),P:1e-8	Tpos:38.4,Tstd:19.6,Bpos:32.2,Bstd:21.2,StrandBias:0.5,Multiplicity:1.19
0.652	0.098	0.190	0.060
0.823	0.015	0.042	0.120
0.001	0.081	0.880	0.038
0.292	0.055	0.587	0.066
0.638	0.332	0.003	0.027
0.466	0.228	0.090	0.217
0.132	0.027	0.507	0.334
0.076	0.242	0.681	0.001
>GACCGCGG	11-GACCGCGG	5.749285	-16.296655	0	T:43.0(3.19%),B:7.5(0.56%),P:1e-7	Tpos:36.7,Tstd:22.6,Bpos:38.0,Bstd:38.7,StrandBias:0.1,Multiplicity:1.17
0.241	0.242	0.516	0.001
0.646	0.163	0.164	0.027
0.032	0.887	0.080	0.001
0.027	0.838	0.001	0.134
0.058	0.176	0.728	0.038
0.138	0.750	0.111	0.001
0.172	0.001	0.799	0.028
0.001	0.135	0.811	0.053
>GTATGAGA	12-GTATGAGA	8.085588	-14.744136	0	T:38.0(2.82%),B:6.5(0.48%),P:1e-6	Tpos:40.1,Tstd:18.9,Bpos:40.7,Bstd:16.6,StrandBias:0.2,Multiplicity:1.00
0.001	0.001	0.997	0.001
0.001	0.001	0.001	0.997
0.811	0.001	0.001	0.187
0.135	0.001	0.001	0.863
0.001	0.001	0.997	0.001
0.896	0.102	0.001	0.001
0.001	0.269	0.596	0.134
0.595	0.403	0.001	0.001
>AGGTTGCA	13-AGGTTGCA	8.236954	-7.475622	0	T:41.0(3.04%),B:16.6(1.23%),P:1e-3	Tpos:51.2,Tstd:14.6,Bpos:40.4,Bstd:27.1,StrandBias:2.2,Multiplicity:1.00
0.700	0.100	0.100	0.100
0.100	0.100	0.700	0.100
0.100	0.100	0.700	0.100
0.100	0.100	0.100	0.700
0.100	0.100	0.100	0.700
0.100	0.100	0.700	0.100
0.100	0.700	0.100	0.100
0.700	0.100	0.100	0.100
