>CCTCCCAGGTTC	7-CCTCCCAGGTTC	8.239995	-25.677724	0	T:65.0(4.17%),B:9.6(0.63%),P:1e-11
0.103	0.677	0.056	0.164
0.108	0.726	0.056	0.110
0.001	0.102	0.001	0.896
0.103	0.726	0.010	0.161
0.051	0.947	0.001	0.001
0.001	0.835	0.001	0.163
0.824	0.007	0.005	0.164
0.127	0.159	0.587	0.127
0.105	0.112	0.675	0.108
0.056	0.154	0.051	0.739
0.022	0.103	0.103	0.772
0.001	0.775	0.070	0.154
