>TSCCCAGGCTGG	4-TSCCCAGGCTGG,BestGuess:ZNF416(Zf)/HEK293-ZNF416.GFP-ChIP-Seq(GSE58341)/Homer(0.667)	4.786085	-43.372388	0	T:513.0(32.93%),B:287.1(18.78%),P:1e-18
0.258	0.137	0.118	0.487
0.137	0.333	0.399	0.131
0.241	0.438	0.224	0.098
0.039	0.729	0.085	0.147
0.197	0.626	0.036	0.141
0.559	0.024	0.173	0.244
0.195	0.019	0.609	0.177
0.013	0.310	0.671	0.006
0.222	0.529	0.163	0.086
0.372	0.043	0.017	0.568
0.177	0.026	0.716	0.081
0.169	0.190	0.602	0.039
