>DTATBTWTWSTA	5-DTATBTWTWSTA	7.426696	-31.265092	0	T:210.0(13.48%),B:85.3(5.58%),P:1e-13
0.282	0.001	0.403	0.314
0.001	0.166	0.001	0.832
0.535	0.180	0.001	0.284
0.167	0.001	0.016	0.816
0.165	0.268	0.248	0.320
0.001	0.234	0.016	0.749
0.315	0.167	0.137	0.381
0.001	0.016	0.016	0.967
0.418	0.016	0.167	0.398
0.135	0.299	0.399	0.167
0.015	0.001	0.001	0.983
0.719	0.016	0.016	0.249
