>AGGCATGAGCMY	11-AGGCATGAGCMY	9.599101	-20.205514	0	T:53.0(3.40%),B:8.8(0.58%),P:1e-8
0.650	0.001	0.001	0.348
0.003	0.001	0.787	0.209
0.003	0.134	0.862	0.001
0.153	0.690	0.019	0.138
0.648	0.001	0.157	0.194
0.001	0.001	0.018	0.980
0.018	0.001	0.980	0.001
0.860	0.137	0.002	0.001
0.018	0.001	0.847	0.134
0.153	0.824	0.019	0.004
0.555	0.426	0.001	0.018
0.114	0.481	0.001	0.404
