>AAAGCATT	1-AAAGCATT	7.201959	-24.495484	0	T:159.0(9.05%),B:69.6(3.75%),P:1e-10	Tpos:37.0,Tstd:18.7,Bpos:32.4,Bstd:18.8,StrandBias:0.2,Multiplicity:1.02
0.883	0.072	0.044	0.001
0.927	0.001	0.001	0.071
0.997	0.001	0.001	0.001
0.127	0.044	0.763	0.066
0.001	0.846	0.066	0.087
0.861	0.137	0.001	0.001
0.001	0.001	0.050	0.948
0.059	0.001	0.037	0.903
>TATATTTT	2-TATATTTT	8.117170	-20.381214	0	T:151.0(8.59%),B:71.7(3.86%),P:1e-8	Tpos:37.9,Tstd:18.2,Bpos:37.2,Bstd:20.7,StrandBias:0.1,Multiplicity:1.11
0.001	0.038	0.001	0.960
0.738	0.001	0.202	0.059
0.032	0.030	0.001	0.937
0.879	0.001	0.001	0.119
0.167	0.048	0.030	0.755
0.086	0.001	0.001	0.912
0.001	0.001	0.001	0.997
0.001	0.029	0.027	0.943
>CCCAGCCT	3-CCCAGCCT	5.212089	-19.510457	0	T:280.0(15.94%),B:176.6(9.52%),P:1e-8	Tpos:37.9,Tstd:19.5,Bpos:37.0,Bstd:21.6,StrandBias:-0.1,Multiplicity:1.27
0.159	0.552	0.163	0.126
0.001	0.728	0.001	0.270
0.174	0.682	0.056	0.088
0.601	0.030	0.062	0.307
0.208	0.136	0.640	0.016
0.020	0.537	0.187	0.256
0.142	0.476	0.088	0.294
0.221	0.059	0.136	0.584
>CACGCCCG	4-CACGCCCG	6.486536	-12.629054	0	T:87.0(4.95%),B:40.9(2.20%),P:1e-5	Tpos:33.2,Tstd:18.3,Bpos:35.3,Bstd:20.5,StrandBias:-0.1,Multiplicity:1.15
0.011	0.886	0.102	0.001
0.673	0.001	0.325	0.001
0.001	0.682	0.001	0.316
0.112	0.094	0.745	0.049
0.001	0.787	0.118	0.094
0.096	0.809	0.001	0.094
0.024	0.592	0.001	0.383
0.001	0.094	0.904	0.001
>TTCCTTTC	5-TTCCTTTC	6.461624	-12.264828	0	T:176.0(10.02%),B:111.9(6.03%),P:1e-5	Tpos:37.0,Tstd:19.4,Bpos:36.4,Bstd:20.0,StrandBias:0.3,Multiplicity:1.22
0.124	0.001	0.356	0.519
0.001	0.043	0.159	0.797
0.001	0.536	0.141	0.322
0.164	0.709	0.001	0.126
0.178	0.033	0.001	0.788
0.076	0.048	0.001	0.875
0.001	0.335	0.001	0.663
0.269	0.619	0.001	0.111
>CAATGCAC	6-CAATGCAC	7.836257	-9.638836	0	T:49.0(2.79%),B:19.3(1.04%),P:1e-4	Tpos:42.7,Tstd:18.3,Bpos:39.7,Bstd:18.9,StrandBias:-0.3,Multiplicity:1.02
0.051	0.622	0.326	0.001
0.772	0.226	0.001	0.001
0.815	0.183	0.001	0.001
0.001	0.001	0.023	0.975
0.001	0.002	0.822	0.175
0.083	0.911	0.001	0.005
0.734	0.264	0.001	0.001
0.001	0.820	0.162	0.017
>ATGTGCCA	7-ATGTGCCA	8.236954	-9.624606	0	T:19.0(1.08%),B:2.4(0.13%),P:1e-4	Tpos:43.8,Tstd:20.1,Bpos:13.3,Bstd:1.5,StrandBias:-0.5,Multiplicity:1.00
0.700	0.100	0.100	0.100
0.100	0.100	0.100	0.700
0.100	0.100	0.700	0.100
0.100	0.100	0.100	0.700
0.100	0.100	0.700	0.100
0.100	0.700	0.100	0.100
0.100	0.700	0.100	0.100
0.700	0.100	0.100	0.100
>ATAAATAA	8-ATAAATAA	10.140453	-8.030193	0	T:63.0(3.59%),B:32.5(1.75%),P:1e-3	Tpos:39.5,Tstd:19.3,Bpos:31.5,Bstd:19.2,StrandBias:0.4,Multiplicity:1.25
0.997	0.001	0.001	0.001
0.001	0.001	0.001	0.997
0.997	0.001	0.001	0.001
0.997	0.001	0.001	0.001
0.997	0.001	0.001	0.001
0.001	0.001	0.001	0.997
0.997	0.001	0.001	0.001
0.603	0.001	0.001	0.395
