>HCYCHDTCTC	1-HCYCHDTCTC	6.015302	-31.830364	0	T:133.0(7.57%),B:41.8(2.25%),P:1e-13	Tpos:34.9,Tstd:19.0,Bpos:37.6,Bstd:19.8,StrandBias:-0.0,Multiplicity:1.02
0.342	0.200	0.164	0.295
0.002	0.774	0.001	0.223
0.001	0.483	0.001	0.515
0.267	0.457	0.001	0.275
0.274	0.272	0.065	0.389
0.347	0.144	0.233	0.276
0.212	0.205	0.188	0.396
0.001	0.622	0.001	0.376
0.001	0.001	0.001	0.997
0.203	0.502	0.001	0.294
>YCCCADCMTT	2-YCCCADCMTT	7.039808	-21.956344	0	T:46.0(2.62%),B:5.9(0.32%),P:1e-9	Tpos:34.8,Tstd:18.1,Bpos:42.1,Bstd:19.8,StrandBias:-0.3,Multiplicity:1.00
0.045	0.460	0.040	0.455
0.120	0.539	0.040	0.301
0.079	0.853	0.028	0.040
0.353	0.591	0.028	0.028
0.737	0.172	0.023	0.068
0.325	0.097	0.238	0.340
0.244	0.444	0.284	0.028
0.415	0.495	0.034	0.057
0.096	0.194	0.051	0.659
0.034	0.177	0.040	0.749
>TATAATTTRG	3-TATAATTTRG	9.244169	-21.018596	0	T:29.0(1.65%),B:0.3(0.02%),P:1e-9	Tpos:36.3,Tstd:17.5,Bpos:0.0,Bstd:0.0,StrandBias:0.8,Multiplicity:1.04
0.001	0.001	0.001	0.997
0.997	0.001	0.001	0.001
0.287	0.001	0.001	0.711
0.907	0.001	0.091	0.001
0.820	0.001	0.178	0.001
0.178	0.001	0.001	0.820
0.179	0.049	0.114	0.658
0.199	0.001	0.001	0.799
0.556	0.001	0.442	0.001
0.001	0.001	0.754	0.244
>CCAGCCTGGG	4-CCAGCCTGGG	8.114914	-20.975608	0	T:75.0(4.27%),B:20.8(1.12%),P:1e-9	Tpos:36.7,Tstd:18.7,Bpos:37.0,Bstd:20.5,StrandBias:-0.2,Multiplicity:1.01
0.004	0.865	0.130	0.001
0.001	0.743	0.042	0.214
0.701	0.001	0.126	0.172
0.048	0.004	0.860	0.088
0.001	0.606	0.389	0.004
0.129	0.744	0.001	0.126
0.046	0.046	0.001	0.907
0.004	0.042	0.912	0.042
0.018	0.127	0.725	0.130
0.317	0.020	0.661	0.002
>GCCTCACTGC	5-GCCTCACTGC	8.738954	-18.445281	0	T:45.0(2.56%),B:7.9(0.43%),P:1e-8	Tpos:38.7,Tstd:18.7,Bpos:41.4,Bstd:19.0,StrandBias:0.4,Multiplicity:1.02
0.001	0.001	0.802	0.196
0.047	0.556	0.257	0.140
0.001	0.802	0.001	0.196
0.001	0.139	0.001	0.859
0.001	0.997	0.001	0.001
0.558	0.244	0.001	0.197
0.001	0.997	0.001	0.001
0.149	0.001	0.001	0.849
0.001	0.139	0.859	0.001
0.196	0.802	0.001	0.001
>CAGGAAGCTA	6-CAGGAAGCTA	7.032566	-18.062920	0	T:84.0(4.78%),B:29.6(1.60%),P:1e-7	Tpos:35.6,Tstd:18.4,Bpos:40.0,Bstd:20.7,StrandBias:0.1,Multiplicity:1.01
0.049	0.803	0.099	0.049
0.917	0.016	0.033	0.034
0.067	0.016	0.852	0.065
0.033	0.099	0.801	0.067
0.854	0.049	0.016	0.081
0.835	0.049	0.098	0.018
0.081	0.065	0.756	0.098
0.083	0.786	0.033	0.098
0.166	0.132	0.016	0.686
0.733	0.065	0.086	0.116
>GGRTGCAAGS	7-GGRTGCAAGS	6.658869	-17.465943	0	T:31.0(1.76%),B:2.8(0.15%),P:1e-7	Tpos:38.9,Tstd:20.2,Bpos:33.3,Bstd:18.3,StrandBias:0.6,Multiplicity:1.00
0.142	0.001	0.665	0.192
0.288	0.001	0.651	0.060
0.274	0.172	0.399	0.155
0.283	0.033	0.151	0.533
0.116	0.146	0.492	0.247
0.272	0.446	0.153	0.129
0.658	0.264	0.001	0.077
0.688	0.017	0.210	0.085
0.111	0.111	0.777	0.001
0.200	0.398	0.282	0.121
>TGCAGTGGTA	8-TGCAGTGGTA	8.033125	-17.407890	0	T:59.0(3.36%),B:15.8(0.85%),P:1e-7	Tpos:41.4,Tstd:17.1,Bpos:34.1,Bstd:21.6,StrandBias:-0.2,Multiplicity:1.00
0.211	0.106	0.071	0.612
0.070	0.001	0.753	0.176
0.070	0.928	0.001	0.001
0.955	0.001	0.001	0.043
0.008	0.001	0.956	0.035
0.070	0.001	0.035	0.894
0.036	0.001	0.884	0.079
0.142	0.001	0.822	0.035
0.321	0.041	0.008	0.630
0.606	0.107	0.216	0.071
>TAAAGRAAWA	9-TAAAGRAAWA	8.494015	-17.266988	0	T:43.0(2.45%),B:7.7(0.41%),P:1e-7	Tpos:39.4,Tstd:17.0,Bpos:43.8,Bstd:14.8,StrandBias:0.2,Multiplicity:1.00
0.082	0.056	0.238	0.624
0.716	0.100	0.169	0.015
0.791	0.055	0.112	0.042
0.745	0.001	0.069	0.185
0.034	0.055	0.897	0.014
0.371	0.014	0.390	0.225
0.691	0.001	0.281	0.027
0.674	0.014	0.027	0.285
0.337	0.153	0.139	0.371
0.845	0.069	0.043	0.043
>AAGTAGCTGG	10-AAGTAGCTGG	9.691295	-17.136796	0	T:49.0(2.79%),B:10.9(0.59%),P:1e-7	Tpos:40.2,Tstd:18.0,Bpos:39.5,Bstd:13.9,StrandBias:0.1,Multiplicity:1.02
0.716	0.001	0.228	0.055
0.728	0.001	0.001	0.270
0.001	0.001	0.928	0.070
0.001	0.001	0.001	0.997
0.997	0.001	0.001	0.001
0.135	0.001	0.863	0.001
0.001	0.863	0.001	0.135
0.135	0.001	0.001	0.863
0.001	0.001	0.997	0.001
0.001	0.135	0.863	0.001
>ATTTAACCTA	11-ATTTAACCTA	8.594670	-16.603406	0	T:35.0(1.99%),B:4.6(0.25%),P:1e-7	Tpos:40.0,Tstd:16.3,Bpos:37.3,Bstd:20.1,StrandBias:-0.3,Multiplicity:1.00
0.997	0.001	0.001	0.001
0.261	0.001	0.041	0.697
0.001	0.001	0.040	0.958
0.090	0.172	0.123	0.615
0.827	0.001	0.001	0.171
0.623	0.130	0.246	0.001
0.225	0.733	0.001	0.041
0.001	0.958	0.001	0.040
0.001	0.001	0.001	0.997
0.836	0.041	0.041	0.082
>AAAACATTTT	12-AAAACATTTT	9.926878	-16.585870	0	T:48.0(2.73%),B:10.7(0.58%),P:1e-7	Tpos:37.9,Tstd:16.6,Bpos:44.4,Bstd:15.0,StrandBias:0.8,Multiplicity:1.00
0.997	0.001	0.001	0.001
0.997	0.001	0.001	0.001
0.906	0.031	0.001	0.062
0.875	0.062	0.062	0.001
0.207	0.598	0.094	0.101
0.997	0.001	0.001	0.001
0.001	0.001	0.012	0.986
0.001	0.001	0.001	0.997
0.093	0.093	0.001	0.813
0.052	0.001	0.001	0.946
>GAAAGTACTT	13-GAAAGTACTT	9.482080	-14.468920	0	T:20.0(1.14%),B:0.0(0.00%),P:1e-6	Tpos:35.0,Tstd:17.3,Bpos:0.0,Bstd:0.0,StrandBias:-0.6,Multiplicity:1.00
0.001	0.001	0.997	0.001
0.927	0.001	0.036	0.036
0.927	0.036	0.001	0.036
0.997	0.001	0.001	0.001
0.037	0.036	0.891	0.036
0.036	0.001	0.036	0.927
0.997	0.001	0.001	0.001
0.001	0.703	0.001	0.295
0.001	0.036	0.036	0.927
0.001	0.001	0.295	0.703
>ACCTGTAGTC	14-ACCTGTAGTC	9.189116	-14.381555	0	T:38.0(2.16%),B:7.6(0.41%),P:1e-6	Tpos:39.1,Tstd:18.9,Bpos:39.6,Bstd:14.4,StrandBias:-1.1,Multiplicity:1.00
0.790	0.119	0.090	0.001
0.119	0.643	0.119	0.119
0.001	0.997	0.001	0.001
0.001	0.001	0.001	0.997
0.119	0.001	0.879	0.001
0.119	0.001	0.001	0.879
0.997	0.001	0.001	0.001
0.148	0.001	0.820	0.031
0.001	0.001	0.001	0.997
0.001	0.879	0.119	0.001
>CCTGACCTTG	15-CCTGACCTTG	7.617022	-14.378683	0	T:42.0(2.39%),B:10.0(0.54%),P:1e-6	Tpos:39.5,Tstd:19.2,Bpos:27.5,Bstd:13.9,StrandBias:-0.4,Multiplicity:1.05
0.074	0.823	0.015	0.088
0.118	0.749	0.044	0.089
0.045	0.029	0.029	0.897
0.029	0.118	0.793	0.060
0.750	0.059	0.118	0.073
0.031	0.735	0.088	0.146
0.060	0.851	0.029	0.060
0.045	0.133	0.029	0.793
0.073	0.029	0.059	0.839
0.045	0.074	0.793	0.088
>AACAGGATTC	16-AACAGGATTC	7.475154	-13.888235	0	T:43.0(2.45%),B:10.7(0.57%),P:1e-6	Tpos:39.7,Tstd:20.6,Bpos:45.0,Bstd:18.0,StrandBias:0.8,Multiplicity:1.02
0.850	0.021	0.063	0.066
0.744	0.042	0.106	0.108
0.169	0.681	0.023	0.127
0.933	0.001	0.001	0.065
0.147	0.001	0.726	0.126
0.042	0.044	0.808	0.106
0.744	0.106	0.084	0.066
0.086	0.107	0.001	0.806
0.084	0.042	0.002	0.872
0.044	0.868	0.044	0.044
>AAAGCAAGAC	17-AAAGCAAGAC	8.600750	-13.812714	0	T:93.0(5.29%),B:42.4(2.29%),P:1e-5	Tpos:36.7,Tstd:18.6,Bpos:37.4,Bstd:19.0,StrandBias:-0.2,Multiplicity:1.24
0.950	0.016	0.033	0.001
0.814	0.002	0.168	0.016
0.997	0.001	0.001	0.001
0.269	0.034	0.607	0.090
0.182	0.735	0.049	0.034
0.949	0.033	0.001	0.017
0.965	0.001	0.017	0.017
0.227	0.049	0.658	0.066
0.953	0.029	0.001	0.017
0.177	0.589	0.152	0.082
>TTTGTATGTT	18-TTTGTATGTT	8.342309	-13.810920	0	T:83.0(4.72%),B:35.1(1.89%),P:1e-5	Tpos:38.8,Tstd:18.7,Bpos:32.2,Bstd:17.2,StrandBias:-0.4,Multiplicity:1.04
0.069	0.078	0.049	0.804
0.020	0.085	0.119	0.776
0.049	0.010	0.010	0.931
0.112	0.044	0.724	0.120
0.089	0.078	0.049	0.784
0.765	0.078	0.044	0.113
0.053	0.010	0.069	0.868
0.093	0.059	0.680	0.168
0.078	0.029	0.056	0.837
0.054	0.039	0.059	0.848
>GGTGGTGGTG	19-GGTGGTGGTG	7.520344	-13.648831	0	T:48.0(2.73%),B:13.6(0.73%),P:1e-5	Tpos:40.7,Tstd:17.9,Bpos:36.1,Bstd:20.8,StrandBias:0.8,Multiplicity:1.12
0.037	0.041	0.872	0.050
0.075	0.025	0.875	0.025
0.100	0.025	0.174	0.701
0.050	0.108	0.763	0.079
0.050	0.050	0.850	0.050
0.064	0.050	0.099	0.787
0.112	0.012	0.826	0.050
0.074	0.038	0.801	0.087
0.038	0.038	0.139	0.785
0.050	0.127	0.760	0.063
>GKAGGCWGAG	20-GKAGGCWGAG	9.000456	-11.080729	0	T:57.0(3.24%),B:22.7(1.22%),P:1e-4	Tpos:34.0,Tstd:18.7,Bpos:39.4,Bstd:22.5,StrandBias:0.3,Multiplicity:1.14
0.067	0.008	0.924	0.001
0.226	0.008	0.353	0.413
0.997	0.001	0.001	0.001
0.001	0.001	0.997	0.001
0.001	0.001	0.997	0.001
0.067	0.799	0.067	0.067
0.439	0.001	0.218	0.343
0.001	0.067	0.865	0.067
0.997	0.001	0.001	0.001
0.066	0.001	0.932	0.001
>TTCAACTKWT	21-TTCAACTKWT	9.085402	-11.026935	0	T:30.0(1.71%),B:6.1(0.33%),P:1e-4	Tpos:38.7,Tstd:20.7,Bpos:37.4,Bstd:22.4,StrandBias:-0.2,Multiplicity:1.00
0.001	0.077	0.001	0.921
0.001	0.001	0.077	0.921
0.001	0.997	0.001	0.001
0.997	0.001	0.001	0.001
0.997	0.001	0.001	0.001
0.003	0.739	0.257	0.001
0.001	0.001	0.001	0.997
0.001	0.020	0.462	0.517
0.382	0.001	0.100	0.517
0.001	0.001	0.077	0.921
>AAATATATAT	22-AAATATATAT	8.794648	-10.125508	0	T:69.0(3.93%),B:32.7(1.76%),P:1e-4	Tpos:38.2,Tstd:19.1,Bpos:28.6,Bstd:21.4,StrandBias:0.2,Multiplicity:1.17
0.666	0.001	0.001	0.332
0.667	0.001	0.001	0.331
0.778	0.011	0.001	0.210
0.135	0.001	0.001	0.863
0.808	0.001	0.001	0.190
0.151	0.114	0.001	0.734
0.737	0.005	0.012	0.246
0.069	0.047	0.001	0.883
0.954	0.034	0.011	0.001
0.304	0.001	0.001	0.694
>TGCCCTCCWGCC	1-TGCCCTCCWGCC	8.977660	-32.715801	0	T:68.0(3.87%),B:7.3(0.40%),P:1e-14	Tpos:39.4,Tstd:18.1,Bpos:44.9,Bstd:12.0,StrandBias:-0.2,Multiplicity:1.03
0.087	0.001	0.001	0.911
0.084	0.001	0.568	0.347
0.001	0.561	0.258	0.180
0.345	0.568	0.086	0.001
0.041	0.917	0.041	0.001
0.127	0.167	0.041	0.665
0.001	0.825	0.173	0.001
0.001	0.870	0.001	0.128
0.492	0.041	0.043	0.424
0.001	0.252	0.614	0.133
0.084	0.826	0.001	0.089
0.001	0.911	0.001	0.087
>ATSGCTTGAACC	2-ATSGCTTGAACC	9.118740	-20.430265	0	T:46.0(2.62%),B:6.5(0.35%),P:1e-8	Tpos:35.7,Tstd:20.2,Bpos:35.9,Bstd:10.3,StrandBias:0.4,Multiplicity:1.00
0.997	0.001	0.001	0.001
0.001	0.005	0.058	0.936
0.001	0.456	0.510	0.033
0.340	0.001	0.658	0.001
0.058	0.825	0.001	0.116
0.005	0.001	0.017	0.977
0.173	0.001	0.001	0.825
0.116	0.058	0.825	0.001
0.883	0.001	0.115	0.001
0.762	0.001	0.121	0.116
0.001	0.936	0.005	0.058
0.057	0.941	0.001	0.001
>ACARARCAAGAC	3-ACARARCAAGAC	10.339726	-19.635890	0	T:47.0(2.68%),B:7.3(0.39%),P:1e-8	Tpos:37.5,Tstd:17.6,Bpos:35.7,Bstd:22.1,StrandBias:-0.1,Multiplicity:1.06
0.902	0.001	0.096	0.001
0.225	0.635	0.139	0.001
0.997	0.001	0.001	0.001
0.360	0.203	0.436	0.001
0.997	0.001	0.001	0.001
0.530	0.001	0.468	0.001
0.107	0.678	0.001	0.214
0.687	0.001	0.311	0.001
0.997	0.001	0.001	0.001
0.393	0.001	0.605	0.001
0.997	0.001	0.001	0.001
0.001	0.806	0.001	0.192
>TGGCTCACTGCA	4-TGGCTCACTGCA	9.042199	-17.861317	0	T:37.0(2.11%),B:4.9(0.26%),P:1e-7	Tpos:41.2,Tstd:18.2,Bpos:39.5,Bstd:23.4,StrandBias:0.3,Multiplicity:1.00
0.056	0.232	0.001	0.711
0.001	0.001	0.896	0.102
0.004	0.154	0.841	0.001
0.001	0.897	0.051	0.051
0.052	0.155	0.052	0.741
0.052	0.840	0.052	0.056
0.794	0.001	0.051	0.154
0.004	0.944	0.001	0.051
0.154	0.056	0.001	0.789
0.056	0.052	0.840	0.052
0.004	0.892	0.052	0.052
0.897	0.051	0.001	0.051
>CATGGTGGCACA	5-CATGGTGGCACA	9.722862	-17.600706	0	T:34.0(1.94%),B:3.2(0.17%),P:1e-7	Tpos:35.9,Tstd:18.9,Bpos:31.6,Bstd:14.0,StrandBias:0.3,Multiplicity:1.00
0.001	0.791	0.010	0.198
0.870	0.001	0.089	0.040
0.001	0.080	0.157	0.762
0.009	0.001	0.989	0.001
0.001	0.001	0.997	0.001
0.157	0.001	0.157	0.685
0.009	0.001	0.989	0.001
0.001	0.001	0.989	0.009
0.001	0.642	0.001	0.356
0.528	0.001	0.197	0.274
0.001	0.997	0.001	0.001
0.842	0.001	0.156	0.001
>WTTTGTATTTTT	6-WTTTGTATTTTT	9.631504	-16.647712	0	T:93.0(5.29%),B:37.2(2.00%),P:1e-7	Tpos:39.6,Tstd:18.1,Bpos:38.7,Bstd:17.5,StrandBias:-0.2,Multiplicity:1.14
0.459	0.032	0.003	0.506
0.199	0.069	0.001	0.731
0.267	0.231	0.034	0.468
0.031	0.001	0.001	0.967
0.096	0.096	0.571	0.237
0.001	0.001	0.032	0.966
0.802	0.064	0.099	0.035
0.001	0.032	0.129	0.838
0.032	0.032	0.032	0.904
0.001	0.167	0.001	0.831
0.104	0.073	0.001	0.822
0.389	0.004	0.033	0.574
>TTATTTATTAAT	7-TTATTTATTAAT	10.788685	-16.615163	0	T:44.0(2.50%),B:8.4(0.45%),P:1e-7	Tpos:38.1,Tstd:16.0,Bpos:43.8,Bstd:12.2,StrandBias:-0.7,Multiplicity:1.00
0.108	0.001	0.001	0.890
0.001	0.001	0.001	0.997
0.485	0.001	0.217	0.297
0.001	0.001	0.001	0.997
0.065	0.001	0.001	0.933
0.109	0.054	0.001	0.836
0.703	0.001	0.001	0.295
0.108	0.001	0.001	0.890
0.338	0.109	0.001	0.552
0.811	0.066	0.001	0.122
0.891	0.054	0.001	0.054
0.065	0.001	0.001	0.933
>CCAGCTACTTGG	8-CCAGCTACTTGG	11.007551	-16.363697	0	T:37.0(2.11%),B:5.1(0.28%),P:1e-7	Tpos:40.8,Tstd:18.0,Bpos:41.7,Bstd:12.7,StrandBias:-0.2,Multiplicity:1.00
0.001	0.835	0.135	0.029
0.001	0.970	0.001	0.028
0.997	0.001	0.001	0.001
0.282	0.002	0.715	0.001
0.001	0.863	0.135	0.001
0.272	0.001	0.001	0.726
0.968	0.029	0.002	0.001
0.001	0.970	0.001	0.028
0.299	0.001	0.001	0.699
0.138	0.160	0.001	0.701
0.254	0.012	0.598	0.136
0.302	0.001	0.696	0.001
>GGAGGCAGAGGT	9-GGAGGCAGAGGT	13.016526	-14.147331	0	T:26.0(1.48%),B:2.8(0.15%),P:1e-6	Tpos:29.0,Tstd:18.3,Bpos:26.8,Bstd:10.7,StrandBias:-0.3,Multiplicity:1.00
0.001	0.001	0.997	0.001
0.001	0.060	0.938	0.001
0.997	0.001	0.001	0.001
0.001	0.001	0.997	0.001
0.001	0.001	0.997	0.001
0.001	0.938	0.001	0.060
0.670	0.001	0.181	0.148
0.001	0.001	0.997	0.001
0.997	0.001	0.001	0.001
0.001	0.001	0.938	0.060
0.001	0.060	0.879	0.060
0.001	0.120	0.001	0.878
>TCTCTTTCTTTC	10-TCTCTTTCTTTC	9.774558	-13.416940	0	T:51.0(2.90%),B:15.7(0.85%),P:1e-5	Tpos:37.6,Tstd:19.4,Bpos:36.7,Bstd:17.6,StrandBias:0.2,Multiplicity:1.08
0.029	0.034	0.029	0.908
0.089	0.523	0.090	0.298
0.118	0.002	0.029	0.851
0.001	0.796	0.087	0.116
0.090	0.001	0.001	0.908
0.001	0.131	0.124	0.744
0.029	0.029	0.059	0.883
0.031	0.967	0.001	0.001
0.029	0.185	0.001	0.785
0.029	0.091	0.001	0.879
0.001	0.178	0.001	0.820
0.060	0.587	0.058	0.295
>WTTWTTWTTWHW	11-WTTWTTWTTWHW	7.488097	-7.712771	0	T:22.0(1.25%),B:5.7(0.31%),P:1e-3	Tpos:45.9,Tstd:18.3,Bpos:65.0,Bstd:0.0,StrandBias:-0.6,Multiplicity:1.00
0.382	0.160	0.123	0.335
0.247	0.107	0.076	0.570
0.228	0.130	0.109	0.533
0.448	0.133	0.103	0.316
0.144	0.104	0.081	0.671
0.201	0.128	0.122	0.549
0.426	0.129	0.107	0.338
0.124	0.115	0.076	0.685
0.208	0.138	0.118	0.536
0.419	0.130	0.113	0.338
0.222	0.327	0.116	0.335
0.327	0.149	0.058	0.466
>AAAGCATT	1-AAAGCATT	7.201959	-24.495484	0	T:159.0(9.05%),B:69.6(3.75%),P:1e-10	Tpos:37.0,Tstd:18.7,Bpos:32.4,Bstd:18.8,StrandBias:0.2,Multiplicity:1.02
0.883	0.072	0.044	0.001
0.927	0.001	0.001	0.071
0.997	0.001	0.001	0.001
0.127	0.044	0.763	0.066
0.001	0.846	0.066	0.087
0.861	0.137	0.001	0.001
0.001	0.001	0.050	0.948
0.059	0.001	0.037	0.903
>TATATTTT	2-TATATTTT	8.117170	-20.381214	0	T:151.0(8.59%),B:71.7(3.86%),P:1e-8	Tpos:37.9,Tstd:18.2,Bpos:37.2,Bstd:20.7,StrandBias:0.1,Multiplicity:1.11
0.001	0.038	0.001	0.960
0.738	0.001	0.202	0.059
0.032	0.030	0.001	0.937
0.879	0.001	0.001	0.119
0.167	0.048	0.030	0.755
0.086	0.001	0.001	0.912
0.001	0.001	0.001	0.997
0.001	0.029	0.027	0.943
>CCCAGCCT	3-CCCAGCCT	5.212089	-19.510457	0	T:280.0(15.94%),B:176.6(9.52%),P:1e-8	Tpos:37.9,Tstd:19.5,Bpos:37.0,Bstd:21.6,StrandBias:-0.1,Multiplicity:1.27
0.159	0.552	0.163	0.126
0.001	0.728	0.001	0.270
0.174	0.682	0.056	0.088
0.601	0.030	0.062	0.307
0.208	0.136	0.640	0.016
0.020	0.537	0.187	0.256
0.142	0.476	0.088	0.294
0.221	0.059	0.136	0.584
>CACGCCCG	4-CACGCCCG	6.486536	-12.629054	0	T:87.0(4.95%),B:40.9(2.20%),P:1e-5	Tpos:33.2,Tstd:18.3,Bpos:35.3,Bstd:20.5,StrandBias:-0.1,Multiplicity:1.15
0.011	0.886	0.102	0.001
0.673	0.001	0.325	0.001
0.001	0.682	0.001	0.316
0.112	0.094	0.745	0.049
0.001	0.787	0.118	0.094
0.096	0.809	0.001	0.094
0.024	0.592	0.001	0.383
0.001	0.094	0.904	0.001
>TTCCTTTC	5-TTCCTTTC	6.461624	-12.264828	0	T:176.0(10.02%),B:111.9(6.03%),P:1e-5	Tpos:37.0,Tstd:19.4,Bpos:36.4,Bstd:20.0,StrandBias:0.3,Multiplicity:1.22
0.124	0.001	0.356	0.519
0.001	0.043	0.159	0.797
0.001	0.536	0.141	0.322
0.164	0.709	0.001	0.126
0.178	0.033	0.001	0.788
0.076	0.048	0.001	0.875
0.001	0.335	0.001	0.663
0.269	0.619	0.001	0.111
>CAATGCAC	6-CAATGCAC	7.836257	-9.638836	0	T:49.0(2.79%),B:19.3(1.04%),P:1e-4	Tpos:42.7,Tstd:18.3,Bpos:39.7,Bstd:18.9,StrandBias:-0.3,Multiplicity:1.02
0.051	0.622	0.326	0.001
0.772	0.226	0.001	0.001
0.815	0.183	0.001	0.001
0.001	0.001	0.023	0.975
0.001	0.002	0.822	0.175
0.083	0.911	0.001	0.005
0.734	0.264	0.001	0.001
0.001	0.820	0.162	0.017
>ATGTGCCA	7-ATGTGCCA	8.236954	-9.624606	0	T:19.0(1.08%),B:2.4(0.13%),P:1e-4	Tpos:43.8,Tstd:20.1,Bpos:13.3,Bstd:1.5,StrandBias:-0.5,Multiplicity:1.00
0.700	0.100	0.100	0.100
0.100	0.100	0.100	0.700
0.100	0.100	0.700	0.100
0.100	0.100	0.100	0.700
0.100	0.100	0.700	0.100
0.100	0.700	0.100	0.100
0.100	0.700	0.100	0.100
0.700	0.100	0.100	0.100
>ATAAATAA	8-ATAAATAA	10.140453	-8.030193	0	T:63.0(3.59%),B:32.5(1.75%),P:1e-3	Tpos:39.5,Tstd:19.3,Bpos:31.5,Bstd:19.2,StrandBias:0.4,Multiplicity:1.25
0.997	0.001	0.001	0.001
0.001	0.001	0.001	0.997
0.997	0.001	0.001	0.001
0.997	0.001	0.001	0.001
0.997	0.001	0.001	0.001
0.001	0.001	0.001	0.997
0.997	0.001	0.001	0.001
0.603	0.001	0.001	0.395
