>TGCCCTCCWGCC	1-TGCCCTCCWGCC	8.977660	-32.715801	0	T:68.0(3.87%),B:7.3(0.40%),P:1e-14	Tpos:39.4,Tstd:18.1,Bpos:44.9,Bstd:12.0,StrandBias:-0.2,Multiplicity:1.03
0.087	0.001	0.001	0.911
0.084	0.001	0.568	0.347
0.001	0.561	0.258	0.180
0.345	0.568	0.086	0.001
0.041	0.917	0.041	0.001
0.127	0.167	0.041	0.665
0.001	0.825	0.173	0.001
0.001	0.870	0.001	0.128
0.492	0.041	0.043	0.424
0.001	0.252	0.614	0.133
0.084	0.826	0.001	0.089
0.001	0.911	0.001	0.087
>ATSGCTTGAACC	2-ATSGCTTGAACC	9.118740	-20.430265	0	T:46.0(2.62%),B:6.5(0.35%),P:1e-8	Tpos:35.7,Tstd:20.2,Bpos:35.9,Bstd:10.3,StrandBias:0.4,Multiplicity:1.00
0.997	0.001	0.001	0.001
0.001	0.005	0.058	0.936
0.001	0.456	0.510	0.033
0.340	0.001	0.658	0.001
0.058	0.825	0.001	0.116
0.005	0.001	0.017	0.977
0.173	0.001	0.001	0.825
0.116	0.058	0.825	0.001
0.883	0.001	0.115	0.001
0.762	0.001	0.121	0.116
0.001	0.936	0.005	0.058
0.057	0.941	0.001	0.001
>ACARARCAAGAC	3-ACARARCAAGAC	10.339726	-19.635890	0	T:47.0(2.68%),B:7.3(0.39%),P:1e-8	Tpos:37.5,Tstd:17.6,Bpos:35.7,Bstd:22.1,StrandBias:-0.1,Multiplicity:1.06
0.902	0.001	0.096	0.001
0.225	0.635	0.139	0.001
0.997	0.001	0.001	0.001
0.360	0.203	0.436	0.001
0.997	0.001	0.001	0.001
0.530	0.001	0.468	0.001
0.107	0.678	0.001	0.214
0.687	0.001	0.311	0.001
0.997	0.001	0.001	0.001
0.393	0.001	0.605	0.001
0.997	0.001	0.001	0.001
0.001	0.806	0.001	0.192
>TGGCTCACTGCA	4-TGGCTCACTGCA	9.042199	-17.861317	0	T:37.0(2.11%),B:4.9(0.26%),P:1e-7	Tpos:41.2,Tstd:18.2,Bpos:39.5,Bstd:23.4,StrandBias:0.3,Multiplicity:1.00
0.056	0.232	0.001	0.711
0.001	0.001	0.896	0.102
0.004	0.154	0.841	0.001
0.001	0.897	0.051	0.051
0.052	0.155	0.052	0.741
0.052	0.840	0.052	0.056
0.794	0.001	0.051	0.154
0.004	0.944	0.001	0.051
0.154	0.056	0.001	0.789
0.056	0.052	0.840	0.052
0.004	0.892	0.052	0.052
0.897	0.051	0.001	0.051
>CATGGTGGCACA	5-CATGGTGGCACA	9.722862	-17.600706	0	T:34.0(1.94%),B:3.2(0.17%),P:1e-7	Tpos:35.9,Tstd:18.9,Bpos:31.6,Bstd:14.0,StrandBias:0.3,Multiplicity:1.00
0.001	0.791	0.010	0.198
0.870	0.001	0.089	0.040
0.001	0.080	0.157	0.762
0.009	0.001	0.989	0.001
0.001	0.001	0.997	0.001
0.157	0.001	0.157	0.685
0.009	0.001	0.989	0.001
0.001	0.001	0.989	0.009
0.001	0.642	0.001	0.356
0.528	0.001	0.197	0.274
0.001	0.997	0.001	0.001
0.842	0.001	0.156	0.001
>WTTTGTATTTTT	6-WTTTGTATTTTT	9.631504	-16.647712	0	T:93.0(5.29%),B:37.2(2.00%),P:1e-7	Tpos:39.6,Tstd:18.1,Bpos:38.7,Bstd:17.5,StrandBias:-0.2,Multiplicity:1.14
0.459	0.032	0.003	0.506
0.199	0.069	0.001	0.731
0.267	0.231	0.034	0.468
0.031	0.001	0.001	0.967
0.096	0.096	0.571	0.237
0.001	0.001	0.032	0.966
0.802	0.064	0.099	0.035
0.001	0.032	0.129	0.838
0.032	0.032	0.032	0.904
0.001	0.167	0.001	0.831
0.104	0.073	0.001	0.822
0.389	0.004	0.033	0.574
>TTATTTATTAAT	7-TTATTTATTAAT	10.788685	-16.615163	0	T:44.0(2.50%),B:8.4(0.45%),P:1e-7	Tpos:38.1,Tstd:16.0,Bpos:43.8,Bstd:12.2,StrandBias:-0.7,Multiplicity:1.00
0.108	0.001	0.001	0.890
0.001	0.001	0.001	0.997
0.485	0.001	0.217	0.297
0.001	0.001	0.001	0.997
0.065	0.001	0.001	0.933
0.109	0.054	0.001	0.836
0.703	0.001	0.001	0.295
0.108	0.001	0.001	0.890
0.338	0.109	0.001	0.552
0.811	0.066	0.001	0.122
0.891	0.054	0.001	0.054
0.065	0.001	0.001	0.933
>CCAGCTACTTGG	8-CCAGCTACTTGG	11.007551	-16.363697	0	T:37.0(2.11%),B:5.1(0.28%),P:1e-7	Tpos:40.8,Tstd:18.0,Bpos:41.7,Bstd:12.7,StrandBias:-0.2,Multiplicity:1.00
0.001	0.835	0.135	0.029
0.001	0.970	0.001	0.028
0.997	0.001	0.001	0.001
0.282	0.002	0.715	0.001
0.001	0.863	0.135	0.001
0.272	0.001	0.001	0.726
0.968	0.029	0.002	0.001
0.001	0.970	0.001	0.028
0.299	0.001	0.001	0.699
0.138	0.160	0.001	0.701
0.254	0.012	0.598	0.136
0.302	0.001	0.696	0.001
>GGAGGCAGAGGT	9-GGAGGCAGAGGT	13.016526	-14.147331	0	T:26.0(1.48%),B:2.8(0.15%),P:1e-6	Tpos:29.0,Tstd:18.3,Bpos:26.8,Bstd:10.7,StrandBias:-0.3,Multiplicity:1.00
0.001	0.001	0.997	0.001
0.001	0.060	0.938	0.001
0.997	0.001	0.001	0.001
0.001	0.001	0.997	0.001
0.001	0.001	0.997	0.001
0.001	0.938	0.001	0.060
0.670	0.001	0.181	0.148
0.001	0.001	0.997	0.001
0.997	0.001	0.001	0.001
0.001	0.001	0.938	0.060
0.001	0.060	0.879	0.060
0.001	0.120	0.001	0.878
>TCTCTTTCTTTC	10-TCTCTTTCTTTC	9.774558	-13.416940	0	T:51.0(2.90%),B:15.7(0.85%),P:1e-5	Tpos:37.6,Tstd:19.4,Bpos:36.7,Bstd:17.6,StrandBias:0.2,Multiplicity:1.08
0.029	0.034	0.029	0.908
0.089	0.523	0.090	0.298
0.118	0.002	0.029	0.851
0.001	0.796	0.087	0.116
0.090	0.001	0.001	0.908
0.001	0.131	0.124	0.744
0.029	0.029	0.059	0.883
0.031	0.967	0.001	0.001
0.029	0.185	0.001	0.785
0.029	0.091	0.001	0.879
0.001	0.178	0.001	0.820
0.060	0.587	0.058	0.295
>WTTWTTWTTWHW	11-WTTWTTWTTWHW	7.488097	-7.712771	0	T:22.0(1.25%),B:5.7(0.31%),P:1e-3	Tpos:45.9,Tstd:18.3,Bpos:65.0,Bstd:0.0,StrandBias:-0.6,Multiplicity:1.00
0.382	0.160	0.123	0.335
0.247	0.107	0.076	0.570
0.228	0.130	0.109	0.533
0.448	0.133	0.103	0.316
0.144	0.104	0.081	0.671
0.201	0.128	0.122	0.549
0.426	0.129	0.107	0.338
0.124	0.115	0.076	0.685
0.208	0.138	0.118	0.536
0.419	0.130	0.113	0.338
0.222	0.327	0.116	0.335
0.327	0.149	0.058	0.466
