>CCTTATCT	1-CCTTATCT	3.067272	-217.291893	0	T:340.0(70.25%),B:21.0(5.46%),P:1e-94	Tpos:36.8,Tstd:20.9,Bpos:44.8,Bstd:29.5,StrandBias:0.1,Multiplicity:1.32
0.153	0.535	0.017	0.295
0.001	0.622	0.001	0.376
0.001	0.114	0.001	0.884
0.001	0.001	0.001	0.997
0.997	0.001	0.001	0.001
0.001	0.001	0.001	0.997
0.001	0.997	0.001	0.001
0.001	0.001	0.001	0.997
>ATGATAAG	2-ATGATAAG	5.713028	-64.823987	0	T:161.0(33.26%),B:17.4(4.53%),P:1e-28	Tpos:37.9,Tstd:22.5,Bpos:43.6,Bstd:17.7,StrandBias:-0.1,Multiplicity:1.18
0.721	0.127	0.041	0.111
0.170	0.023	0.108	0.699
0.077	0.023	0.869	0.031
0.885	0.031	0.061	0.023
0.027	0.062	0.123	0.788
0.712	0.077	0.069	0.142
0.752	0.015	0.125	0.108
0.181	0.155	0.587	0.077
>CMTMGTCA	3-CMTMGTCA	5.608109	-32.288400	0	T:94.0(19.42%),B:12.2(3.18%),P:1e-14	Tpos:40.0,Tstd:18.3,Bpos:37.2,Bstd:15.8,StrandBias:0.4,Multiplicity:1.07
0.001	0.869	0.129	0.001
0.565	0.433	0.001	0.001
0.063	0.266	0.001	0.670
0.453	0.500	0.047	0.001
0.001	0.313	0.685	0.001
0.130	0.226	0.001	0.643
0.001	0.997	0.001	0.001
0.997	0.001	0.001	0.001
>CACAGAGA	4-CACAGAGA	6.357122	-30.682581	0	T:101.0(20.87%),B:16.2(4.22%),P:1e-13	Tpos:36.9,Tstd:20.1,Bpos:36.8,Bstd:16.8,StrandBias:-0.1,Multiplicity:1.03
0.050	0.834	0.083	0.033
0.905	0.063	0.017	0.015
0.037	0.863	0.099	0.001
0.967	0.001	0.016	0.016
0.016	0.049	0.934	0.001
0.899	0.001	0.099	0.001
0.166	0.066	0.735	0.033
0.910	0.001	0.083	0.006
>CCTGCCTC	5-CCTGCCTC	7.096202	-26.934921	0	T:89.0(18.39%),B:14.7(3.83%),P:1e-11	Tpos:35.9,Tstd:19.5,Bpos:41.5,Bstd:17.1,StrandBias:-0.0,Multiplicity:1.03
0.121	0.515	0.363	0.001
0.001	0.988	0.010	0.001
0.001	0.004	0.001	0.994
0.011	0.001	0.599	0.389
0.011	0.806	0.001	0.182
0.022	0.856	0.001	0.121
0.017	0.188	0.001	0.794
0.011	0.757	0.231	0.001
>GCAGTTAC	6-GCAGTTAC	4.909179	-26.636410	0	T:70.0(14.46%),B:8.0(2.08%),P:1e-11	Tpos:34.5,Tstd:20.1,Bpos:35.4,Bstd:12.0,StrandBias:0.0,Multiplicity:1.05
0.182	0.123	0.554	0.141
0.170	0.627	0.131	0.072
0.678	0.075	0.095	0.152
0.068	0.111	0.748	0.073
0.201	0.109	0.097	0.593
0.106	0.224	0.129	0.541
0.669	0.096	0.113	0.122
0.121	0.595	0.180	0.104
>GAWASCAV	7-GAWASCAV	6.880819	-26.257233	0	T:60.0(12.40%),B:4.7(1.23%),P:1e-11	Tpos:37.5,Tstd:19.1,Bpos:26.2,Bstd:13.5,StrandBias:0.1,Multiplicity:1.04
0.001	0.001	0.997	0.001
0.692	0.306	0.001	0.001
0.407	0.165	0.065	0.363
0.997	0.001	0.001	0.001
0.032	0.423	0.544	0.001
0.227	0.771	0.001	0.001
0.997	0.001	0.001	0.001
0.253	0.369	0.377	0.001
>TGCAGCTG	8-TGCAGCTG	8.005062	-21.905717	0	T:49.0(10.12%),B:3.8(0.99%),P:1e-9	Tpos:41.3,Tstd:20.4,Bpos:23.6,Bstd:14.4,StrandBias:-0.4,Multiplicity:1.02
0.148	0.001	0.001	0.850
0.001	0.281	0.717	0.001
0.001	0.729	0.001	0.269
0.729	0.001	0.269	0.001
0.001	0.001	0.997	0.001
0.001	0.818	0.001	0.180
0.001	0.001	0.001	0.997
0.001	0.001	0.997	0.001
>GACTTGCC	9-GACTTGCC	5.429985	-20.133057	0	T:73.0(15.08%),B:13.9(3.61%),P:1e-8	Tpos:35.7,Tstd:20.5,Bpos:35.6,Bstd:33.2,StrandBias:0.4,Multiplicity:1.10
0.079	0.079	0.772	0.070
0.620	0.179	0.122	0.079
0.044	0.886	0.053	0.017
0.096	0.043	0.035	0.826
0.069	0.052	0.066	0.813
0.061	0.087	0.704	0.148
0.061	0.721	0.130	0.088
0.149	0.675	0.052	0.124
>ATCACTCC	10-ATCACTCC	6.274229	-16.804280	0	T:43.0(8.88%),B:4.9(1.28%),P:1e-7	Tpos:37.9,Tstd:20.0,Bpos:36.5,Bstd:11.4,StrandBias:0.2,Multiplicity:1.09
0.700	0.174	0.110	0.016
0.002	0.047	0.094	0.857
0.017	0.839	0.113	0.031
0.525	0.301	0.064	0.110
0.078	0.762	0.049	0.111
0.110	0.127	0.016	0.747
0.047	0.838	0.034	0.081
0.141	0.761	0.031	0.067
