>RGANAGATAA	1-RGANAGATAA	5.889487	-176.398790	0	T:349.0(72.11%),B:45.0(11.72%),P:1e-76	Tpos:36.7,Tstd:19.8,Bpos:41.6,Bstd:28.3,StrandBias:-0.2,Multiplicity:1.34
0.391	0.106	0.295	0.208
0.207	0.162	0.391	0.240
0.447	0.106	0.218	0.229
0.185	0.213	0.324	0.279
0.993	0.001	0.005	0.001
0.171	0.001	0.827	0.001
0.977	0.021	0.001	0.001
0.001	0.183	0.156	0.660
0.776	0.001	0.156	0.067
0.598	0.028	0.291	0.083
>WGATAAGMAR	2-WGATAAGMAR	7.411065	-102.773110	0	T:203.0(41.94%),B:13.6(3.55%),P:1e-44	Tpos:37.2,Tstd:22.5,Bpos:42.9,Bstd:21.0,StrandBias:-0.1,Multiplicity:1.05
0.414	0.001	0.176	0.408
0.001	0.001	0.997	0.001
0.997	0.001	0.001	0.001
0.001	0.001	0.229	0.769
0.947	0.001	0.051	0.001
0.911	0.001	0.087	0.001
0.123	0.087	0.646	0.144
0.351	0.418	0.230	0.001
0.575	0.159	0.121	0.145
0.406	0.090	0.416	0.088
>DGCCTTCCTC	3-DGCCTTCCTC	7.131488	-37.406512	0	T:71.0(14.67%),B:2.3(0.61%),P:1e-16	Tpos:38.1,Tstd:16.9,Bpos:31.1,Bstd:13.2,StrandBias:-0.1,Multiplicity:1.14
0.301	0.001	0.424	0.274
0.138	0.001	0.767	0.094
0.322	0.561	0.116	0.001
0.001	0.724	0.022	0.253
0.001	0.026	0.001	0.972
0.001	0.001	0.091	0.907
0.024	0.790	0.183	0.003
0.070	0.701	0.001	0.228
0.045	0.182	0.001	0.772
0.045	0.568	0.318	0.069
>CTCAGGAGGA	4-CTCAGGAGGA	7.907448	-12.339677	0	T:25.0(5.17%),B:1.3(0.33%),P:1e-5	Tpos:34.9,Tstd:21.5,Bpos:43.3,Bstd:6.8,StrandBias:0.0,Multiplicity:1.00
0.021	0.723	0.211	0.045
0.255	0.108	0.105	0.532
0.236	0.532	0.105	0.127
0.868	0.003	0.021	0.108
0.066	0.001	0.910	0.023
0.110	0.211	0.655	0.024
0.904	0.003	0.069	0.024
0.422	0.001	0.575	0.002
0.150	0.087	0.721	0.042
0.655	0.192	0.108	0.045
>GTGCAGCTGC	5-GTGCAGCTGC	7.103732	-11.616270	0	T:33.0(6.82%),B:4.4(1.13%),P:1e-5	Tpos:40.2,Tstd:21.2,Bpos:20.4,Bstd:10.5,StrandBias:-0.3,Multiplicity:1.06
0.086	0.189	0.645	0.080
0.173	0.001	0.060	0.766
0.086	0.058	0.827	0.029
0.058	0.884	0.029	0.029
0.798	0.029	0.029	0.144
0.029	0.029	0.884	0.058
0.029	0.856	0.029	0.086
0.058	0.029	0.058	0.855
0.029	0.058	0.824	0.089
0.086	0.709	0.058	0.147
