>RGANAGATAA	1-RGANAGATAA	5.889487	-176.398790	0	T:349.0(72.11%),B:45.0(11.72%),P:1e-76	Tpos:36.7,Tstd:19.8,Bpos:41.6,Bstd:28.3,StrandBias:-0.2,Multiplicity:1.34
0.391	0.106	0.295	0.208
0.207	0.162	0.391	0.240
0.447	0.106	0.218	0.229
0.185	0.213	0.324	0.279
0.993	0.001	0.005	0.001
0.171	0.001	0.827	0.001
0.977	0.021	0.001	0.001
0.001	0.183	0.156	0.660
0.776	0.001	0.156	0.067
0.598	0.028	0.291	0.083
>WGATAAGMAR	2-WGATAAGMAR	7.411065	-102.773110	0	T:203.0(41.94%),B:13.6(3.55%),P:1e-44	Tpos:37.2,Tstd:22.5,Bpos:42.9,Bstd:21.0,StrandBias:-0.1,Multiplicity:1.05
0.414	0.001	0.176	0.408
0.001	0.001	0.997	0.001
0.997	0.001	0.001	0.001
0.001	0.001	0.229	0.769
0.947	0.001	0.051	0.001
0.911	0.001	0.087	0.001
0.123	0.087	0.646	0.144
0.351	0.418	0.230	0.001
0.575	0.159	0.121	0.145
0.406	0.090	0.416	0.088
>DGCCTTCCTC	3-DGCCTTCCTC	7.131488	-37.406512	0	T:71.0(14.67%),B:2.3(0.61%),P:1e-16	Tpos:38.1,Tstd:16.9,Bpos:31.1,Bstd:13.2,StrandBias:-0.1,Multiplicity:1.14
0.301	0.001	0.424	0.274
0.138	0.001	0.767	0.094
0.322	0.561	0.116	0.001
0.001	0.724	0.022	0.253
0.001	0.026	0.001	0.972
0.001	0.001	0.091	0.907
0.024	0.790	0.183	0.003
0.070	0.701	0.001	0.228
0.045	0.182	0.001	0.772
0.045	0.568	0.318	0.069
>CTCAGGAGGA	4-CTCAGGAGGA	7.907448	-12.339677	0	T:25.0(5.17%),B:1.3(0.33%),P:1e-5	Tpos:34.9,Tstd:21.5,Bpos:43.3,Bstd:6.8,StrandBias:0.0,Multiplicity:1.00
0.021	0.723	0.211	0.045
0.255	0.108	0.105	0.532
0.236	0.532	0.105	0.127
0.868	0.003	0.021	0.108
0.066	0.001	0.910	0.023
0.110	0.211	0.655	0.024
0.904	0.003	0.069	0.024
0.422	0.001	0.575	0.002
0.150	0.087	0.721	0.042
0.655	0.192	0.108	0.045
>GTGCAGCTGC	5-GTGCAGCTGC	7.103732	-11.616270	0	T:33.0(6.82%),B:4.4(1.13%),P:1e-5	Tpos:40.2,Tstd:21.2,Bpos:20.4,Bstd:10.5,StrandBias:-0.3,Multiplicity:1.06
0.086	0.189	0.645	0.080
0.173	0.001	0.060	0.766
0.086	0.058	0.827	0.029
0.058	0.884	0.029	0.029
0.798	0.029	0.029	0.144
0.029	0.029	0.884	0.058
0.029	0.856	0.029	0.086
0.058	0.029	0.058	0.855
0.029	0.058	0.824	0.089
0.086	0.709	0.058	0.147
>BHVAGATAASSH	1-BHVAGATAASSH	6.404776	-182.991132	0	T:314.0(64.88%),B:22.1(5.75%),P:1e-79	Tpos:34.2,Tstd:20.7,Bpos:45.4,Bstd:14.9,StrandBias:0.2,Multiplicity:1.07
0.094	0.308	0.296	0.302
0.257	0.339	0.140	0.264
0.226	0.350	0.301	0.123
0.653	0.042	0.082	0.223
0.001	0.001	0.997	0.001
0.994	0.001	0.004	0.001
0.090	0.040	0.001	0.869
0.997	0.001	0.001	0.001
0.833	0.001	0.040	0.126
0.183	0.373	0.443	0.001
0.226	0.304	0.382	0.089
0.218	0.346	0.175	0.262
>TATCTATCTATC	2-TATCTATCTATC	-0.295370	-44.471646	0	T:225.0(46.49%),B:67.7(17.63%),P:1e-19	Tpos:39.0,Tstd:18.9,Bpos:39.3,Bstd:32.9,StrandBias:0.5,Multiplicity:1.52
0.053	0.265	0.001	0.681
0.920	0.053	0.026	0.001
0.001	0.001	0.001	0.997
0.001	0.814	0.001	0.184
0.001	0.001	0.001	0.997
0.920	0.001	0.078	0.001
0.001	0.001	0.001	0.997
0.001	0.997	0.001	0.001
0.292	0.001	0.001	0.706
0.488	0.108	0.082	0.322
0.013	0.348	0.001	0.638
0.001	0.635	0.001	0.363
>CTTTGCAGTTAA	3-CTTTGCAGTTAA	6.986554	-22.258872	0	T:46.0(9.50%),B:2.8(0.74%),P:1e-9	Tpos:40.5,Tstd:16.5,Bpos:41.5,Bstd:12.7,StrandBias:-0.1,Multiplicity:1.00
0.095	0.694	0.169	0.042
0.126	0.095	0.001	0.778
0.001	0.168	0.042	0.789
0.084	0.042	0.127	0.747
0.042	0.053	0.863	0.042
0.084	0.747	0.042	0.127
0.851	0.053	0.001	0.095
0.055	0.042	0.808	0.095
0.179	0.042	0.127	0.652
0.095	0.084	0.084	0.737
0.763	0.127	0.057	0.053
0.662	0.211	0.126	0.001
>CMGGCAGCWGCM	4-CMGGCAGCWGCM	7.242844	-16.042085	0	T:62.0(12.81%),B:12.6(3.27%),P:1e-6	Tpos:40.5,Tstd:19.4,Bpos:48.3,Bstd:9.3,StrandBias:0.0,Multiplicity:1.00
0.204	0.477	0.170	0.148
0.462	0.391	0.001	0.147
0.206	0.082	0.478	0.234
0.279	0.001	0.577	0.143
0.138	0.860	0.001	0.001
0.972	0.001	0.001	0.026
0.001	0.001	0.997	0.001
0.001	0.918	0.054	0.027
0.401	0.027	0.029	0.543
0.112	0.001	0.721	0.166
0.138	0.461	0.145	0.257
0.336	0.420	0.035	0.208
>CCTTCCTCTTTT	5-CCTTCCTCTTTT	9.802909	-15.461821	0	T:26.0(5.37%),B:0.3(0.07%),P:1e-6	Tpos:40.2,Tstd:16.3,Bpos:17.0,Bstd:0.0,StrandBias:0.5,Multiplicity:1.38
0.073	0.780	0.146	0.001
0.001	0.629	0.006	0.364
0.001	0.072	0.001	0.926
0.001	0.145	0.001	0.853
0.001	0.926	0.072	0.001
0.001	0.997	0.001	0.001
0.001	0.145	0.001	0.853
0.001	0.997	0.001	0.001
0.146	0.146	0.001	0.707
0.001	0.001	0.072	0.926
0.142	0.073	0.073	0.712
0.073	0.079	0.001	0.847
>CCTTATCT	1-CCTTATCT	3.067272	-217.291893	0	T:340.0(70.25%),B:21.0(5.46%),P:1e-94	Tpos:36.8,Tstd:20.9,Bpos:44.8,Bstd:29.5,StrandBias:0.1,Multiplicity:1.32
0.153	0.535	0.017	0.295
0.001	0.622	0.001	0.376
0.001	0.114	0.001	0.884
0.001	0.001	0.001	0.997
0.997	0.001	0.001	0.001
0.001	0.001	0.001	0.997
0.001	0.997	0.001	0.001
0.001	0.001	0.001	0.997
>ATGATAAG	2-ATGATAAG	5.713028	-64.823987	0	T:161.0(33.26%),B:17.4(4.53%),P:1e-28	Tpos:37.9,Tstd:22.5,Bpos:43.6,Bstd:17.7,StrandBias:-0.1,Multiplicity:1.18
0.721	0.127	0.041	0.111
0.170	0.023	0.108	0.699
0.077	0.023	0.869	0.031
0.885	0.031	0.061	0.023
0.027	0.062	0.123	0.788
0.712	0.077	0.069	0.142
0.752	0.015	0.125	0.108
0.181	0.155	0.587	0.077
>CMTMGTCA	3-CMTMGTCA	5.608109	-32.288400	0	T:94.0(19.42%),B:12.2(3.18%),P:1e-14	Tpos:40.0,Tstd:18.3,Bpos:37.2,Bstd:15.8,StrandBias:0.4,Multiplicity:1.07
0.001	0.869	0.129	0.001
0.565	0.433	0.001	0.001
0.063	0.266	0.001	0.670
0.453	0.500	0.047	0.001
0.001	0.313	0.685	0.001
0.130	0.226	0.001	0.643
0.001	0.997	0.001	0.001
0.997	0.001	0.001	0.001
>CACAGAGA	4-CACAGAGA	6.357122	-30.682581	0	T:101.0(20.87%),B:16.2(4.22%),P:1e-13	Tpos:36.9,Tstd:20.1,Bpos:36.8,Bstd:16.8,StrandBias:-0.1,Multiplicity:1.03
0.050	0.834	0.083	0.033
0.905	0.063	0.017	0.015
0.037	0.863	0.099	0.001
0.967	0.001	0.016	0.016
0.016	0.049	0.934	0.001
0.899	0.001	0.099	0.001
0.166	0.066	0.735	0.033
0.910	0.001	0.083	0.006
>CCTGCCTC	5-CCTGCCTC	7.096202	-26.934921	0	T:89.0(18.39%),B:14.7(3.83%),P:1e-11	Tpos:35.9,Tstd:19.5,Bpos:41.5,Bstd:17.1,StrandBias:-0.0,Multiplicity:1.03
0.121	0.515	0.363	0.001
0.001	0.988	0.010	0.001
0.001	0.004	0.001	0.994
0.011	0.001	0.599	0.389
0.011	0.806	0.001	0.182
0.022	0.856	0.001	0.121
0.017	0.188	0.001	0.794
0.011	0.757	0.231	0.001
>GCAGTTAC	6-GCAGTTAC	4.909179	-26.636410	0	T:70.0(14.46%),B:8.0(2.08%),P:1e-11	Tpos:34.5,Tstd:20.1,Bpos:35.4,Bstd:12.0,StrandBias:0.0,Multiplicity:1.05
0.182	0.123	0.554	0.141
0.170	0.627	0.131	0.072
0.678	0.075	0.095	0.152
0.068	0.111	0.748	0.073
0.201	0.109	0.097	0.593
0.106	0.224	0.129	0.541
0.669	0.096	0.113	0.122
0.121	0.595	0.180	0.104
>GAWASCAV	7-GAWASCAV	6.880819	-26.257233	0	T:60.0(12.40%),B:4.7(1.23%),P:1e-11	Tpos:37.5,Tstd:19.1,Bpos:26.2,Bstd:13.5,StrandBias:0.1,Multiplicity:1.04
0.001	0.001	0.997	0.001
0.692	0.306	0.001	0.001
0.407	0.165	0.065	0.363
0.997	0.001	0.001	0.001
0.032	0.423	0.544	0.001
0.227	0.771	0.001	0.001
0.997	0.001	0.001	0.001
0.253	0.369	0.377	0.001
>TGCAGCTG	8-TGCAGCTG	8.005062	-21.905717	0	T:49.0(10.12%),B:3.8(0.99%),P:1e-9	Tpos:41.3,Tstd:20.4,Bpos:23.6,Bstd:14.4,StrandBias:-0.4,Multiplicity:1.02
0.148	0.001	0.001	0.850
0.001	0.281	0.717	0.001
0.001	0.729	0.001	0.269
0.729	0.001	0.269	0.001
0.001	0.001	0.997	0.001
0.001	0.818	0.001	0.180
0.001	0.001	0.001	0.997
0.001	0.001	0.997	0.001
>GACTTGCC	9-GACTTGCC	5.429985	-20.133057	0	T:73.0(15.08%),B:13.9(3.61%),P:1e-8	Tpos:35.7,Tstd:20.5,Bpos:35.6,Bstd:33.2,StrandBias:0.4,Multiplicity:1.10
0.079	0.079	0.772	0.070
0.620	0.179	0.122	0.079
0.044	0.886	0.053	0.017
0.096	0.043	0.035	0.826
0.069	0.052	0.066	0.813
0.061	0.087	0.704	0.148
0.061	0.721	0.130	0.088
0.149	0.675	0.052	0.124
>ATCACTCC	10-ATCACTCC	6.274229	-16.804280	0	T:43.0(8.88%),B:4.9(1.28%),P:1e-7	Tpos:37.9,Tstd:20.0,Bpos:36.5,Bstd:11.4,StrandBias:0.2,Multiplicity:1.09
0.700	0.174	0.110	0.016
0.002	0.047	0.094	0.857
0.017	0.839	0.113	0.031
0.525	0.301	0.064	0.110
0.078	0.762	0.049	0.111
0.110	0.127	0.016	0.747
0.047	0.838	0.034	0.081
0.141	0.761	0.031	0.067
