>BHVAGATAASSH	1-BHVAGATAASSH	6.404776	-182.991132	0	T:314.0(64.88%),B:22.1(5.75%),P:1e-79	Tpos:34.2,Tstd:20.7,Bpos:45.4,Bstd:14.9,StrandBias:0.2,Multiplicity:1.07
0.094	0.308	0.296	0.302
0.257	0.339	0.140	0.264
0.226	0.350	0.301	0.123
0.653	0.042	0.082	0.223
0.001	0.001	0.997	0.001
0.994	0.001	0.004	0.001
0.090	0.040	0.001	0.869
0.997	0.001	0.001	0.001
0.833	0.001	0.040	0.126
0.183	0.373	0.443	0.001
0.226	0.304	0.382	0.089
0.218	0.346	0.175	0.262
>TATCTATCTATC	2-TATCTATCTATC	-0.295370	-44.471646	0	T:225.0(46.49%),B:67.7(17.63%),P:1e-19	Tpos:39.0,Tstd:18.9,Bpos:39.3,Bstd:32.9,StrandBias:0.5,Multiplicity:1.52
0.053	0.265	0.001	0.681
0.920	0.053	0.026	0.001
0.001	0.001	0.001	0.997
0.001	0.814	0.001	0.184
0.001	0.001	0.001	0.997
0.920	0.001	0.078	0.001
0.001	0.001	0.001	0.997
0.001	0.997	0.001	0.001
0.292	0.001	0.001	0.706
0.488	0.108	0.082	0.322
0.013	0.348	0.001	0.638
0.001	0.635	0.001	0.363
>CTTTGCAGTTAA	3-CTTTGCAGTTAA	6.986554	-22.258872	0	T:46.0(9.50%),B:2.8(0.74%),P:1e-9	Tpos:40.5,Tstd:16.5,Bpos:41.5,Bstd:12.7,StrandBias:-0.1,Multiplicity:1.00
0.095	0.694	0.169	0.042
0.126	0.095	0.001	0.778
0.001	0.168	0.042	0.789
0.084	0.042	0.127	0.747
0.042	0.053	0.863	0.042
0.084	0.747	0.042	0.127
0.851	0.053	0.001	0.095
0.055	0.042	0.808	0.095
0.179	0.042	0.127	0.652
0.095	0.084	0.084	0.737
0.763	0.127	0.057	0.053
0.662	0.211	0.126	0.001
>CMGGCAGCWGCM	4-CMGGCAGCWGCM	7.242844	-16.042085	0	T:62.0(12.81%),B:12.6(3.27%),P:1e-6	Tpos:40.5,Tstd:19.4,Bpos:48.3,Bstd:9.3,StrandBias:0.0,Multiplicity:1.00
0.204	0.477	0.170	0.148
0.462	0.391	0.001	0.147
0.206	0.082	0.478	0.234
0.279	0.001	0.577	0.143
0.138	0.860	0.001	0.001
0.972	0.001	0.001	0.026
0.001	0.001	0.997	0.001
0.001	0.918	0.054	0.027
0.401	0.027	0.029	0.543
0.112	0.001	0.721	0.166
0.138	0.461	0.145	0.257
0.336	0.420	0.035	0.208
>CCTTCCTCTTTT	5-CCTTCCTCTTTT	9.802909	-15.461821	0	T:26.0(5.37%),B:0.3(0.07%),P:1e-6	Tpos:40.2,Tstd:16.3,Bpos:17.0,Bstd:0.0,StrandBias:0.5,Multiplicity:1.38
0.073	0.780	0.146	0.001
0.001	0.629	0.006	0.364
0.001	0.072	0.001	0.926
0.001	0.145	0.001	0.853
0.001	0.926	0.072	0.001
0.001	0.997	0.001	0.001
0.001	0.145	0.001	0.853
0.001	0.997	0.001	0.001
0.146	0.146	0.001	0.707
0.001	0.001	0.072	0.926
0.142	0.073	0.073	0.712
0.073	0.079	0.001	0.847
