>CCCAGGVTKGAG	10-CCCAGGVTKGAG	8.586270	-16.393673	0	T:77.0(5.28%),B:25.9(1.78%),P:1e-7
0.001	0.784	0.123	0.092
0.001	0.906	0.001	0.092
0.001	0.845	0.001	0.153
0.814	0.062	0.062	0.062
0.154	0.061	0.784	0.001
0.001	0.001	0.892	0.106
0.276	0.308	0.415	0.001
0.169	0.154	0.154	0.523
0.246	0.001	0.430	0.323
0.001	0.368	0.630	0.001
0.830	0.001	0.001	0.168
0.001	0.001	0.937	0.061
