>NCCCAGGCTGGR	3-NCCCAGGCTGGR	6.654659	-44.318300	0	T:218.0(14.96%),B:74.0(5.08%),P:1e-19
0.231	0.213	0.332	0.224
0.217	0.464	0.121	0.198
0.324	0.505	0.040	0.131
0.252	0.590	0.105	0.053
0.802	0.001	0.145	0.052
0.118	0.001	0.815	0.066
0.104	0.298	0.597	0.001
0.164	0.834	0.001	0.001
0.212	0.013	0.001	0.774
0.001	0.001	0.881	0.117
0.106	0.119	0.774	0.001
0.357	0.001	0.450	0.192
