>CCTCNGCCTCCC	1-CCTCNGCCTCCC	8.573147	-48.969092	0	T:194.0(13.32%),B:53.3(3.66%),P:1e-21
0.001	0.740	0.072	0.187
0.048	0.829	0.001	0.122
0.072	0.187	0.023	0.718
0.024	0.742	0.093	0.141
0.285	0.217	0.278	0.219
0.169	0.144	0.637	0.050
0.001	0.788	0.023	0.188
0.093	0.812	0.001	0.094
0.023	0.001	0.001	0.975
0.001	0.859	0.024	0.116
0.024	0.905	0.001	0.070
0.023	0.713	0.001	0.263
