>WCAAARTRAGAC	7-WCAAARTRAGAC	8.748265	-23.537615	0	T:53.0(3.64%),B:6.9(0.47%),P:1e-10
0.509	0.025	0.001	0.465
0.357	0.570	0.001	0.072
0.851	0.074	0.026	0.049
0.517	0.221	0.183	0.079
0.799	0.002	0.172	0.027
0.504	0.072	0.423	0.001
0.027	0.224	0.075	0.674
0.549	0.001	0.402	0.048
0.602	0.001	0.048	0.349
0.172	0.029	0.747	0.052
0.878	0.001	0.096	0.025
0.050	0.556	0.024	0.370
