>TCCCAGCWACTT	2-TCCCAGCWACTT	6.852284	-47.726119	0	T:222.0(15.24%),B:71.1(4.88%),P:1e-20
0.099	0.066	0.090	0.745
0.042	0.686	0.082	0.190
0.050	0.851	0.001	0.098
0.041	0.868	0.001	0.090
0.960	0.008	0.016	0.016
0.075	0.066	0.735	0.124
0.133	0.578	0.149	0.140
0.362	0.157	0.050	0.431
0.573	0.156	0.074	0.197
0.215	0.432	0.091	0.263
0.190	0.049	0.066	0.695
0.140	0.140	0.116	0.604
