>TTCTTYCTTTCY	8-TTCTTYCTTTCY	8.164715	-21.948044	0	T:108.0(7.41%),B:36.4(2.50%),P:1e-9
0.032	0.001	0.010	0.957
0.108	0.118	0.148	0.626
0.079	0.707	0.040	0.174
0.139	0.031	0.001	0.829
0.050	0.039	0.108	0.803
0.001	0.430	0.010	0.559
0.389	0.577	0.001	0.033
0.039	0.157	0.001	0.803
0.019	0.108	0.001	0.872
0.011	0.177	0.020	0.792
0.020	0.768	0.050	0.162
0.108	0.452	0.001	0.439
