>TTGCYYTGKCTT	13-AAGMCARRGCAA	8.787278	-7.643562	0	T:11.0(0.75%),B:0.6(0.04%),P:1e-3
0.045	0.322	0.107	0.526
0.338	0.029	0.014	0.619
0.029	0.104	0.837	0.030
0.015	0.573	0.396	0.016
0.058	0.474	0.015	0.454
0.029	0.513	0.058	0.400
0.175	0.015	0.219	0.591
0.029	0.191	0.750	0.030
0.014	0.045	0.483	0.458
0.044	0.529	0.280	0.147
0.043	0.029	0.101	0.827
0.147	0.220	0.223	0.411
