>AAGMCARRGCAA	13-AAGMCARRGCAA,BestGuess:ZNF519(Zf)/HEK293-ZNF519.GFP-ChIP-Seq(GSE58341)/Homer(0.615)	8.787278	-7.643562	0	T:11.0(0.75%),B:0.6(0.04%),P:1e-3
0.411	0.223	0.220	0.147
0.827	0.101	0.029	0.043
0.147	0.280	0.529	0.044
0.458	0.483	0.045	0.014
0.030	0.750	0.191	0.029
0.591	0.219	0.015	0.175
0.400	0.058	0.513	0.029
0.454	0.015	0.474	0.058
0.016	0.396	0.573	0.015
0.030	0.837	0.104	0.029
0.619	0.014	0.029	0.338
0.526	0.107	0.322	0.045
