>CGCGGGCGCG	1-CGCGGGCGCG	3.555966	-116.516481	0	T:228.0(20.27%),B:2.7(0.37%),P:1e-50	Tpos:36.8,Tstd:19.9,Bpos:24.0,Bstd:16.8,StrandBias:0.1,Multiplicity:1.32
0.154	0.691	0.154	0.001
0.001	0.308	0.690	0.001
0.001	0.997	0.001	0.001
0.153	0.001	0.845	0.001
0.001	0.076	0.922	0.001
0.001	0.001	0.997	0.001
0.001	0.997	0.001	0.001
0.001	0.001	0.997	0.001
0.001	0.997	0.001	0.001
0.001	0.091	0.907	0.001
>CGCSGCSCBG	2-CGCSGCSCBG	4.306036	-111.455770	0	T:205.0(18.22%),B:0.9(0.12%),P:1e-48	Tpos:40.0,Tstd:18.9,Bpos:31.3,Bstd:9.1,StrandBias:0.6,Multiplicity:1.17
0.001	0.655	0.343	0.001
0.001	0.001	0.997	0.001
0.001	0.997	0.001	0.001
0.062	0.437	0.500	0.001
0.001	0.218	0.780	0.001
0.001	0.997	0.001	0.001
0.001	0.437	0.561	0.001
0.001	0.997	0.001	0.001
0.062	0.281	0.375	0.281
0.001	0.001	0.997	0.001
>CCGCCCGCCC	3-CCGCCCGCCC	5.708044	-108.664938	0	T:246.0(21.87%),B:8.9(1.21%),P:1e-47	Tpos:37.4,Tstd:19.9,Bpos:27.1,Bstd:17.5,StrandBias:-0.3,Multiplicity:1.24
0.001	0.957	0.008	0.034
0.034	0.796	0.102	0.068
0.034	0.008	0.950	0.008
0.001	0.948	0.050	0.001
0.001	0.863	0.085	0.051
0.001	0.914	0.084	0.001
0.068	0.051	0.813	0.068
0.001	0.931	0.067	0.001
0.068	0.930	0.001	0.001
0.034	0.890	0.008	0.068
>CCTTCCTTSS	4-CCTTCCTTSS	5.147682	-100.428088	0	T:513.0(45.60%),B:113.1(15.33%),P:1e-43	Tpos:37.2,Tstd:19.3,Bpos:36.1,Bstd:21.0,StrandBias:-0.1,Multiplicity:1.29
0.115	0.490	0.264	0.131
0.232	0.422	0.154	0.193
0.001	0.095	0.038	0.866
0.014	0.143	0.048	0.795
0.001	0.997	0.001	0.001
0.004	0.981	0.014	0.001
0.001	0.167	0.038	0.794
0.029	0.119	0.226	0.626
0.044	0.460	0.332	0.164
0.125	0.413	0.279	0.183
>GCGGCCGGCT	5-GCGGCCGGCT	7.457930	-83.212468	0	T:170.0(15.11%),B:2.6(0.36%),P:1e-36	Tpos:35.3,Tstd:19.3,Bpos:47.6,Bstd:8.1,StrandBias:0.1,Multiplicity:1.02
0.001	0.280	0.718	0.001
0.286	0.489	0.224	0.001
0.001	0.244	0.457	0.298
0.001	0.001	0.997	0.001
0.001	0.997	0.001	0.001
0.341	0.503	0.136	0.020
0.001	0.001	0.997	0.001
0.001	0.344	0.654	0.001
0.001	0.997	0.001	0.001
0.237	0.082	0.102	0.579
>RWAACAAAGG	6-RWAACAAAGG	4.265134	-80.073742	0	T:338.0(30.04%),B:54.8(7.44%),P:1e-34	Tpos:37.1,Tstd:20.1,Bpos:37.1,Bstd:13.4,StrandBias:0.2,Multiplicity:1.17
0.389	0.124	0.399	0.089
0.419	0.090	0.200	0.292
0.544	0.230	0.225	0.001
0.855	0.001	0.001	0.143
0.001	0.997	0.001	0.001
0.997	0.001	0.001	0.001
0.997	0.001	0.001	0.001
0.753	0.001	0.001	0.245
0.018	0.035	0.894	0.053
0.215	0.306	0.478	0.001
>CTGCGGCGGC	7-CTGCGGCGGC	7.947471	-66.988155	0	T:127.0(11.29%),B:0.9(0.12%),P:1e-29	Tpos:35.4,Tstd:19.7,Bpos:36.8,Bstd:13.1,StrandBias:0.1,Multiplicity:1.09
0.047	0.951	0.001	0.001
0.172	0.140	0.253	0.434
0.047	0.001	0.951	0.001
0.001	0.951	0.047	0.001
0.065	0.217	0.592	0.126
0.001	0.109	0.827	0.063
0.001	0.890	0.108	0.001
0.077	0.204	0.503	0.216
0.143	0.110	0.746	0.001
0.001	0.919	0.079	0.001
>NCCHGCTGKG	8-NCCHGCTGKG	6.216064	-63.090850	0	T:231.0(20.53%),B:28.2(3.82%),P:1e-27	Tpos:36.2,Tstd:19.4,Bpos:51.2,Bstd:20.4,StrandBias:0.4,Multiplicity:1.04
0.191	0.220	0.258	0.331
0.141	0.664	0.169	0.026
0.025	0.784	0.139	0.052
0.357	0.296	0.101	0.246
0.077	0.013	0.872	0.038
0.001	0.986	0.012	0.001
0.217	0.038	0.088	0.657
0.013	0.013	0.949	0.025
0.217	0.076	0.323	0.385
0.191	0.088	0.683	0.038
>BSCCCACCSS	9-BSCCCACCSS	7.069451	-60.871096	0	T:158.0(14.04%),B:8.5(1.15%),P:1e-26	Tpos:35.8,Tstd:19.8,Bpos:42.9,Bstd:14.6,StrandBias:0.2,Multiplicity:1.07
0.122	0.371	0.271	0.235
0.095	0.420	0.271	0.214
0.020	0.834	0.123	0.023
0.018	0.901	0.043	0.038
0.033	0.816	0.115	0.036
0.637	0.079	0.176	0.108
0.036	0.770	0.171	0.023
0.066	0.839	0.059	0.036
0.153	0.403	0.273	0.171
0.115	0.392	0.378	0.115
>GGSCGGCTCC	10-GGSCGGCTCC	7.693823	-58.641307	0	T:119.0(10.58%),B:1.4(0.19%),P:1e-25	Tpos:40.4,Tstd:19.3,Bpos:32.0,Bstd:0.0,StrandBias:-0.3,Multiplicity:1.07
0.001	0.083	0.896	0.020
0.062	0.084	0.833	0.021
0.004	0.505	0.490	0.001
0.001	0.832	0.166	0.001
0.001	0.083	0.915	0.001
0.166	0.001	0.832	0.001
0.083	0.896	0.001	0.020
0.004	0.001	0.338	0.657
0.001	0.997	0.001	0.001
0.001	0.833	0.083	0.083
>CCCGCGGCGC	11-CCCGCGGCGC	8.279229	-58.055057	0	T:124.0(11.02%),B:2.6(0.36%),P:1e-25	Tpos:37.5,Tstd:21.5,Bpos:0.0,Bstd:0.0,StrandBias:-0.2,Multiplicity:1.08
0.031	0.891	0.047	0.031
0.016	0.921	0.016	0.047
0.016	0.890	0.047	0.047
0.001	0.015	0.969	0.015
0.001	0.952	0.046	0.001
0.001	0.046	0.952	0.001
0.016	0.172	0.796	0.016
0.031	0.859	0.094	0.016
0.016	0.031	0.906	0.047
0.001	0.906	0.078	0.015
>GAGCAGCGGG	12-GAGCAGCGGG	6.247196	-39.017649	0	T:106.0(9.42%),B:6.8(0.92%),P:1e-16	Tpos:37.1,Tstd:20.7,Bpos:33.1,Bstd:13.7,StrandBias:0.0,Multiplicity:1.02
0.033	0.083	0.883	0.001
0.966	0.001	0.032	0.001
0.083	0.001	0.915	0.001
0.017	0.861	0.105	0.017
0.915	0.001	0.001	0.083
0.001	0.083	0.915	0.001
0.001	0.997	0.001	0.001
0.116	0.083	0.800	0.001
0.084	0.084	0.748	0.084
0.083	0.001	0.915	0.001
>GGGCCCTGGG	13-GGGCCCTGGG	8.003551	-38.531469	0	T:105.0(9.33%),B:6.8(0.93%),P:1e-16	Tpos:36.6,Tstd:17.8,Bpos:19.8,Bstd:13.5,StrandBias:0.1,Multiplicity:1.09
0.039	0.265	0.657	0.039
0.200	0.050	0.700	0.050
0.101	0.075	0.823	0.001
0.026	0.755	0.168	0.051
0.001	0.845	0.066	0.088
0.001	0.997	0.001	0.001
0.150	0.167	0.026	0.657
0.001	0.001	0.997	0.001
0.002	0.137	0.860	0.001
0.038	0.202	0.722	0.038
>AGAGGGAGCC	14-AGAGGGAGCC	7.666029	-30.511676	0	T:92.0(8.18%),B:7.5(1.01%),P:1e-13	Tpos:35.1,Tstd:17.2,Bpos:32.2,Bstd:16.5,StrandBias:0.3,Multiplicity:1.00
0.765	0.037	0.115	0.083
0.148	0.028	0.823	0.001
0.598	0.083	0.178	0.141
0.008	0.001	0.990	0.001
0.083	0.009	0.907	0.001
0.027	0.001	0.971	0.001
0.691	0.085	0.057	0.167
0.001	0.027	0.971	0.001
0.085	0.637	0.139	0.139
0.085	0.746	0.028	0.141
>GGGGCGGGGA	15-GGGGCGGGGA	9.283795	-24.070758	0	T:47.0(4.18%),B:0.3(0.04%),P:1e-10	Tpos:37.4,Tstd:17.7,Bpos:67.0,Bstd:0.0,StrandBias:0.4,Multiplicity:1.00
0.131	0.001	0.867	0.001
0.182	0.159	0.658	0.001
0.156	0.001	0.842	0.001
0.075	0.187	0.713	0.025
0.180	0.818	0.001	0.001
0.001	0.157	0.633	0.209
0.100	0.075	0.747	0.078
0.182	0.075	0.668	0.075
0.001	0.004	0.968	0.027
0.793	0.032	0.075	0.100
>CTGCTTTGCA	16-CTGCTTTGCA	7.076340	-23.804757	0	T:84.0(7.47%),B:9.8(1.33%),P:1e-10	Tpos:37.0,Tstd:19.0,Bpos:35.7,Bstd:9.0,StrandBias:0.5,Multiplicity:1.03
0.082	0.685	0.133	0.100
0.154	0.033	0.084	0.729
0.082	0.084	0.801	0.033
0.049	0.820	0.082	0.049
0.052	0.001	0.016	0.931
0.020	0.084	0.016	0.880
0.098	0.016	0.033	0.853
0.084	0.067	0.815	0.034
0.133	0.734	0.115	0.018
0.785	0.049	0.066	0.100
>GGCTGCRGGSGS	1-GGCTGCRGGSGS	5.775208	-139.173127	0	T:283.0(25.16%),B:5.9(0.80%),P:1e-60	Tpos:38.2,Tstd:19.4,Bpos:32.0,Bstd:18.2,StrandBias:0.1,Multiplicity:1.24
0.001	0.029	0.969	0.001
0.122	0.122	0.755	0.001
0.001	0.793	0.205	0.001
0.001	0.147	0.206	0.646
0.001	0.001	0.997	0.001
0.001	0.997	0.001	0.001
0.366	0.147	0.486	0.001
0.001	0.058	0.940	0.001
0.001	0.329	0.669	0.001
0.001	0.526	0.472	0.001
0.001	0.316	0.682	0.001
0.001	0.556	0.442	0.001
>GGGCGGGGCGGG	2-GGGCGGGGCGGG	8.985313	-84.936037	0	T:199.0(17.69%),B:7.3(0.99%),P:1e-36	Tpos:36.2,Tstd:19.5,Bpos:39.7,Bstd:19.4,StrandBias:0.4,Multiplicity:1.20
0.001	0.227	0.771	0.001
0.001	0.032	0.966	0.001
0.001	0.344	0.654	0.001
0.135	0.613	0.232	0.020
0.007	0.047	0.939	0.007
0.001	0.376	0.622	0.001
0.006	0.153	0.840	0.001
0.001	0.222	0.776	0.001
0.033	0.643	0.323	0.001
0.040	0.297	0.596	0.067
0.001	0.262	0.736	0.001
0.006	0.080	0.913	0.001
>NNNRACGCGNNN	3-NNNRACGCGNNN	3.836728	-69.757468	0	T:132.0(11.73%),B:0.6(0.08%),P:1e-30	Tpos:35.1,Tstd:20.2,Bpos:18.3,Bstd:3.2,StrandBias:0.1,Multiplicity:1.10
0.239	0.240	0.303	0.218
0.187	0.322	0.311	0.179
0.229	0.273	0.238	0.261
0.280	0.201	0.387	0.132
0.540	0.166	0.121	0.173
0.212	0.474	0.173	0.140
0.124	0.157	0.493	0.226
0.148	0.657	0.129	0.066
0.173	0.231	0.425	0.171
0.220	0.281	0.306	0.193
0.223	0.281	0.264	0.231
0.250	0.251	0.306	0.193
>CTCCCCCGCCCC	4-CTCCCCCGCCCC	9.015752	-42.445516	0	T:113.0(10.04%),B:6.2(0.84%),P:1e-18	Tpos:39.2,Tstd:17.9,Bpos:22.3,Bstd:5.5,StrandBias:0.2,Multiplicity:1.03
0.023	0.899	0.077	0.001
0.093	0.001	0.054	0.852
0.047	0.832	0.074	0.047
0.004	0.856	0.093	0.047
0.046	0.883	0.001	0.070
0.001	0.810	0.096	0.093
0.124	0.693	0.101	0.082
0.140	0.070	0.697	0.093
0.023	0.896	0.058	0.023
0.023	0.880	0.027	0.070
0.023	0.884	0.023	0.070
0.001	0.852	0.146	0.001
>AAGGAADGCADK	5-AAGGAADGCADK	4.664312	-39.768625	0	T:466.0(41.42%),B:165.8(22.49%),P:1e-17	Tpos:36.2,Tstd:18.7,Bpos:34.7,Bstd:20.5,StrandBias:0.2,Multiplicity:1.36
0.499	0.193	0.200	0.108
0.593	0.021	0.277	0.109
0.158	0.040	0.715	0.087
0.198	0.173	0.582	0.047
0.677	0.078	0.207	0.038
0.719	0.112	0.112	0.057
0.317	0.047	0.354	0.282
0.077	0.098	0.759	0.066
0.201	0.602	0.142	0.055
0.560	0.136	0.113	0.191
0.213	0.115	0.342	0.330
0.171	0.155	0.320	0.355
>GGCGGGCG	1-GGCGGGCG	6.317884	-143.870546	0	T:319.0(28.36%),B:11.1(1.50%),P:1e-62	Tpos:37.0,Tstd:20.7,Bpos:37.5,Bstd:15.5,StrandBias:-0.2,Multiplicity:1.53
0.115	0.164	0.720	0.001
0.003	0.200	0.796	0.001
0.127	0.803	0.001	0.069
0.001	0.153	0.845	0.001
0.053	0.213	0.733	0.001
0.001	0.278	0.720	0.001
0.097	0.768	0.103	0.032
0.099	0.139	0.618	0.144
>CCCTGCCG	2-CCCTGCCG	5.728763	-118.650864	0	T:357.0(31.73%),B:34.6(4.69%),P:1e-51	Tpos:37.8,Tstd:20.5,Bpos:41.7,Bstd:28.8,StrandBias:0.1,Multiplicity:1.20
0.105	0.582	0.173	0.140
0.001	0.766	0.173	0.060
0.001	0.935	0.001	0.063
0.076	0.123	0.049	0.752
0.058	0.129	0.763	0.050
0.001	0.862	0.134	0.003
0.022	0.643	0.191	0.144
0.044	0.143	0.700	0.113
>AGCCSCGK	3-AGCCSCGK	6.787287	-91.146528	0	T:190.0(16.89%),B:3.8(0.51%),P:1e-39	Tpos:35.9,Tstd:20.5,Bpos:45.1,Bstd:12.6,StrandBias:0.3,Multiplicity:1.10
0.682	0.173	0.001	0.144
0.001	0.001	0.997	0.001
0.001	0.997	0.001	0.001
0.001	0.647	0.283	0.069
0.141	0.451	0.407	0.001
0.001	0.854	0.144	0.001
0.001	0.007	0.848	0.144
0.001	0.001	0.560	0.438
>SCTTTGYT	4-SCTTTGYT	4.802129	-90.351733	0	T:536.0(47.64%),B:136.0(18.44%),P:1e-39	Tpos:35.9,Tstd:20.3,Bpos:34.6,Bstd:18.2,StrandBias:-0.2,Multiplicity:1.43
0.021	0.466	0.384	0.129
0.051	0.889	0.059	0.001
0.147	0.172	0.013	0.668
0.021	0.111	0.018	0.850
0.024	0.021	0.056	0.899
0.034	0.247	0.693	0.026
0.177	0.390	0.015	0.419
0.148	0.122	0.227	0.503
>CGAGCGCG	5-CGAGCGCG	6.016627	-85.148774	0	T:167.0(14.84%),B:1.6(0.22%),P:1e-36	Tpos:37.8,Tstd:19.7,Bpos:45.7,Bstd:8.8,StrandBias:0.4,Multiplicity:1.16
0.120	0.635	0.193	0.052
0.063	0.215	0.670	0.052
0.655	0.120	0.135	0.090
0.041	0.096	0.831	0.032
0.090	0.735	0.127	0.048
0.026	0.100	0.867	0.007
0.065	0.793	0.103	0.039
0.049	0.060	0.819	0.072
>TCCGCGCT	6-TCCGCGCT	5.291806	-77.797775	0	T:252.0(22.40%),B:25.4(3.45%),P:1e-33	Tpos:39.0,Tstd:20.8,Bpos:39.7,Bstd:29.2,StrandBias:-0.0,Multiplicity:1.07
0.036	0.125	0.036	0.803
0.001	0.981	0.017	0.001
0.053	0.929	0.001	0.017
0.018	0.251	0.713	0.018
0.089	0.875	0.001	0.035
0.001	0.017	0.965	0.017
0.017	0.965	0.017	0.001
0.054	0.036	0.125	0.785
>CCTGGGGG	7-CCTGGGGG	5.709195	-77.621454	0	T:261.0(23.20%),B:28.1(3.81%),P:1e-33	Tpos:36.7,Tstd:18.2,Bpos:42.7,Bstd:12.3,StrandBias:-0.3,Multiplicity:1.13
0.020	0.891	0.077	0.012
0.011	0.891	0.029	0.069
0.069	0.103	0.001	0.827
0.023	0.034	0.897	0.046
0.007	0.001	0.991	0.001
0.064	0.023	0.911	0.002
0.029	0.001	0.913	0.057
0.095	0.103	0.768	0.034
>BCCCCNCC	8-BCCCCNCC	4.926961	-76.273365	0	T:236.0(20.98%),B:21.7(2.94%),P:1e-33	Tpos:35.8,Tstd:21.1,Bpos:40.4,Bstd:15.4,StrandBias:-0.1,Multiplicity:1.07
0.130	0.254	0.245	0.370
0.089	0.547	0.155	0.209
0.132	0.645	0.128	0.095
0.068	0.753	0.072	0.107
0.100	0.588	0.131	0.181
0.234	0.280	0.306	0.181
0.137	0.472	0.227	0.164
0.140	0.498	0.147	0.215
>GGCGTCCC	9-GGCGTCCC	5.692703	-74.632676	0	T:258.0(22.93%),B:29.1(3.95%),P:1e-32	Tpos:39.6,Tstd:20.5,Bpos:33.9,Bstd:19.1,StrandBias:-0.6,Multiplicity:1.10
0.036	0.072	0.838	0.054
0.035	0.018	0.946	0.001
0.001	0.874	0.107	0.018
0.001	0.107	0.641	0.251
0.018	0.050	0.001	0.931
0.018	0.892	0.018	0.072
0.001	0.963	0.018	0.018
0.018	0.946	0.018	0.018
>CGGGCCGA	10-CGGGCCGA	6.964023	-70.124934	0	T:152.0(13.51%),B:3.6(0.48%),P:1e-30	Tpos:33.9,Tstd:20.4,Bpos:44.4,Bstd:1.0,StrandBias:0.2,Multiplicity:1.12
0.002	0.688	0.308	0.002
0.021	0.001	0.937	0.041
0.001	0.105	0.893	0.001
0.021	0.210	0.768	0.001
0.002	0.746	0.251	0.001
0.105	0.579	0.253	0.063
0.001	0.002	0.995	0.002
0.564	0.246	0.188	0.002
>CGGCGGTT	11-CGGCGGTT	6.642275	-68.648461	0	T:130.0(11.56%),B:1.0(0.13%),P:1e-29	Tpos:41.0,Tstd:18.8,Bpos:0.0,Bstd:0.0,StrandBias:-0.7,Multiplicity:1.04
0.001	0.931	0.034	0.034
0.068	0.001	0.930	0.001
0.034	0.034	0.863	0.069
0.001	0.965	0.033	0.001
0.001	0.001	0.930	0.068
0.033	0.001	0.965	0.001
0.001	0.034	0.069	0.896
0.001	0.034	0.276	0.689
>TCCCTNGC	12-TCCCTNGC	5.857311	-60.544281	0	T:275.0(24.44%),B:46.6(6.32%),P:1e-26	Tpos:35.2,Tstd:20.6,Bpos:25.8,Bstd:23.4,StrandBias:0.1,Multiplicity:1.05
0.001	0.330	0.188	0.481
0.068	0.504	0.286	0.142
0.001	0.930	0.001	0.068
0.001	0.997	0.001	0.001
0.001	0.193	0.048	0.758
0.296	0.189	0.237	0.278
0.046	0.231	0.722	0.001
0.001	0.711	0.050	0.238
>GNAAAYGA	13-GNAAAYGA	4.612500	-60.098340	0	T:426.0(37.87%),B:114.7(15.56%),P:1e-26	Tpos:36.7,Tstd:20.5,Bpos:39.7,Bstd:17.9,StrandBias:0.2,Multiplicity:1.22
0.001	0.001	0.836	0.162
0.225	0.236	0.262	0.277
0.796	0.059	0.001	0.144
0.997	0.001	0.001	0.001
0.693	0.126	0.180	0.001
0.001	0.368	0.147	0.484
0.259	0.029	0.605	0.107
0.513	0.082	0.317	0.088
>CCGCCCCT	14-CCGCCCCT	6.702629	-56.300895	0	T:157.0(13.96%),B:11.0(1.49%),P:1e-24	Tpos:39.3,Tstd:22.9,Bpos:49.4,Bstd:8.1,StrandBias:0.1,Multiplicity:1.05
0.048	0.560	0.193	0.199
0.001	0.990	0.008	0.001
0.001	0.097	0.901	0.001
0.001	0.808	0.190	0.001
0.001	0.973	0.001	0.025
0.001	0.951	0.001	0.047
0.124	0.481	0.104	0.291
0.001	0.026	0.145	0.828
>GCCGCAGA	15-GCCGCAGA	6.172373	-55.537847	0	T:163.0(14.49%),B:13.0(1.76%),P:1e-24	Tpos:35.8,Tstd:20.4,Bpos:24.6,Bstd:10.2,StrandBias:0.6,Multiplicity:1.05
0.028	0.101	0.832	0.039
0.061	0.783	0.123	0.033
0.056	0.731	0.039	0.174
0.039	0.062	0.849	0.050
0.067	0.833	0.067	0.033
0.576	0.145	0.123	0.156
0.044	0.122	0.812	0.022
0.596	0.119	0.212	0.073
>CCCGGGSC	16-CCCGGGSC	7.853296	-54.905126	0	T:158.0(14.04%),B:11.3(1.53%),P:1e-23	Tpos:37.1,Tstd:18.4,Bpos:26.8,Bstd:14.3,StrandBias:-0.1,Multiplicity:1.06
0.001	0.997	0.001	0.001
0.010	0.773	0.207	0.010
0.072	0.885	0.003	0.040
0.212	0.012	0.539	0.237
0.001	0.049	0.949	0.001
0.001	0.023	0.966	0.010
0.001	0.367	0.502	0.130
0.030	0.867	0.102	0.001
>GCGTCGGG	17-GCGTCGGG	6.578764	-52.541128	0	T:124.0(11.02%),B:4.5(0.62%),P:1e-22	Tpos:35.6,Tstd:21.6,Bpos:58.0,Bstd:0.0,StrandBias:-0.6,Multiplicity:1.04
0.001	0.026	0.972	0.001
0.001	0.756	0.135	0.108
0.001	0.162	0.810	0.027
0.027	0.081	0.001	0.891
0.001	0.918	0.080	0.001
0.001	0.027	0.945	0.027
0.001	0.026	0.972	0.001
0.054	0.001	0.918	0.027
>CCACCCGC	18-CCACCCGC	6.348551	-51.377693	0	T:165.0(14.67%),B:15.4(2.09%),P:1e-22	Tpos:34.9,Tstd:20.2,Bpos:43.9,Bstd:16.7,StrandBias:-0.1,Multiplicity:1.11
0.028	0.596	0.320	0.056
0.001	0.832	0.166	0.001
0.943	0.055	0.001	0.001
0.055	0.685	0.259	0.001
0.001	0.631	0.257	0.111
0.001	0.821	0.001	0.177
0.138	0.001	0.860	0.001
0.001	0.919	0.079	0.001
>CGGCGACC	19-CGGCGACC	5.715431	-46.866892	0	T:97.0(8.62%),B:2.0(0.27%),P:1e-20	Tpos:30.8,Tstd:18.7,Bpos:60.1,Bstd:3.6,StrandBias:0.3,Multiplicity:1.03
0.001	0.932	0.066	0.001
0.066	0.066	0.867	0.001
0.001	0.001	0.932	0.066
0.001	0.800	0.066	0.133
0.066	0.001	0.932	0.001
0.867	0.001	0.066	0.066
0.066	0.867	0.001	0.066
0.001	0.867	0.066	0.066
>TCTCGCGG	20-TCTCGCGG	6.164361	-43.316803	0	T:141.0(12.53%),B:13.2(1.79%),P:1e-18	Tpos:39.6,Tstd:20.1,Bpos:54.9,Bstd:10.3,StrandBias:-0.3,Multiplicity:1.00
0.104	0.014	0.213	0.669
0.001	0.796	0.122	0.081
0.001	0.311	0.145	0.543
0.001	0.673	0.122	0.204
0.001	0.257	0.734	0.008
0.001	0.912	0.086	0.001
0.151	0.277	0.571	0.001
0.354	0.001	0.644	0.001
>GWGACAAT	21-GWGACAAT	6.330707	-27.291647	0	T:114.0(10.13%),B:16.6(2.25%),P:1e-11	Tpos:39.6,Tstd:20.0,Bpos:29.7,Bstd:11.3,StrandBias:-0.3,Multiplicity:1.05
0.300	0.077	0.511	0.112
0.322	0.112	0.178	0.389
0.223	0.244	0.532	0.001
0.997	0.001	0.001	0.001
0.001	0.997	0.001	0.001
0.997	0.001	0.001	0.001
0.887	0.111	0.001	0.001
0.001	0.001	0.259	0.739
>CGCATTCA	22-CGCATTCA	5.271043	-23.511789	0	T:113.0(10.04%),B:19.1(2.59%),P:1e-10	Tpos:33.1,Tstd:20.3,Bpos:35.3,Bstd:12.9,StrandBias:-0.2,Multiplicity:1.03
0.081	0.773	0.050	0.096
0.116	0.080	0.655	0.149
0.087	0.813	0.062	0.038
0.720	0.075	0.112	0.093
0.062	0.075	0.100	0.763
0.075	0.062	0.062	0.801
0.075	0.811	0.099	0.015
0.688	0.162	0.100	0.050
>TCGCAGCT	23-TCGCAGCT	6.762006	-22.853134	0	T:85.0(7.56%),B:10.1(1.37%),P:1e-9	Tpos:35.9,Tstd:20.2,Bpos:32.5,Bstd:10.5,StrandBias:0.5,Multiplicity:1.00
0.122	0.073	0.073	0.732
0.097	0.731	0.001	0.171
0.145	0.001	0.853	0.001
0.001	0.997	0.001	0.001
0.878	0.049	0.024	0.049
0.023	0.001	0.975	0.001
0.001	0.997	0.001	0.001
0.001	0.097	0.048	0.854
>ATCGCAGG	24-ATCGCAGG	6.291044	-19.747875	0	T:61.0(5.42%),B:5.3(0.72%),P:1e-8	Tpos:37.6,Tstd:16.9,Bpos:38.8,Bstd:12.7,StrandBias:0.5,Multiplicity:1.00
0.700	0.100	0.100	0.100
0.100	0.100	0.100	0.700
0.100	0.700	0.100	0.100
0.100	0.100	0.700	0.100
0.100	0.700	0.100	0.100
0.700	0.100	0.100	0.100
0.100	0.100	0.700	0.100
0.100	0.100	0.700	0.100
>TTACCGCT	25-TTACCGCT	6.291044	-16.341641	0	T:46.0(4.09%),B:3.8(0.52%),P:1e-7	Tpos:37.4,Tstd:23.1,Bpos:46.5,Bstd:7.9,StrandBias:0.3,Multiplicity:1.00
0.100	0.100	0.100	0.700
0.100	0.100	0.100	0.700
0.700	0.100	0.100	0.100
0.100	0.700	0.100	0.100
0.100	0.700	0.100	0.100
0.100	0.100	0.700	0.100
0.100	0.700	0.100	0.100
0.100	0.100	0.100	0.700
