>CGCGGGCGCG	1-CGCGGGCGCG	3.555966	-116.516481	0	T:228.0(20.27%),B:2.7(0.37%),P:1e-50	Tpos:36.8,Tstd:19.9,Bpos:24.0,Bstd:16.8,StrandBias:0.1,Multiplicity:1.32
0.154	0.691	0.154	0.001
0.001	0.308	0.690	0.001
0.001	0.997	0.001	0.001
0.153	0.001	0.845	0.001
0.001	0.076	0.922	0.001
0.001	0.001	0.997	0.001
0.001	0.997	0.001	0.001
0.001	0.001	0.997	0.001
0.001	0.997	0.001	0.001
0.001	0.091	0.907	0.001
>CGCSGCSCBG	2-CGCSGCSCBG	4.306036	-111.455770	0	T:205.0(18.22%),B:0.9(0.12%),P:1e-48	Tpos:40.0,Tstd:18.9,Bpos:31.3,Bstd:9.1,StrandBias:0.6,Multiplicity:1.17
0.001	0.655	0.343	0.001
0.001	0.001	0.997	0.001
0.001	0.997	0.001	0.001
0.062	0.437	0.500	0.001
0.001	0.218	0.780	0.001
0.001	0.997	0.001	0.001
0.001	0.437	0.561	0.001
0.001	0.997	0.001	0.001
0.062	0.281	0.375	0.281
0.001	0.001	0.997	0.001
>CCGCCCGCCC	3-CCGCCCGCCC	5.708044	-108.664938	0	T:246.0(21.87%),B:8.9(1.21%),P:1e-47	Tpos:37.4,Tstd:19.9,Bpos:27.1,Bstd:17.5,StrandBias:-0.3,Multiplicity:1.24
0.001	0.957	0.008	0.034
0.034	0.796	0.102	0.068
0.034	0.008	0.950	0.008
0.001	0.948	0.050	0.001
0.001	0.863	0.085	0.051
0.001	0.914	0.084	0.001
0.068	0.051	0.813	0.068
0.001	0.931	0.067	0.001
0.068	0.930	0.001	0.001
0.034	0.890	0.008	0.068
>CCTTCCTTSS	4-CCTTCCTTSS	5.147682	-100.428088	0	T:513.0(45.60%),B:113.1(15.33%),P:1e-43	Tpos:37.2,Tstd:19.3,Bpos:36.1,Bstd:21.0,StrandBias:-0.1,Multiplicity:1.29
0.115	0.490	0.264	0.131
0.232	0.422	0.154	0.193
0.001	0.095	0.038	0.866
0.014	0.143	0.048	0.795
0.001	0.997	0.001	0.001
0.004	0.981	0.014	0.001
0.001	0.167	0.038	0.794
0.029	0.119	0.226	0.626
0.044	0.460	0.332	0.164
0.125	0.413	0.279	0.183
>GCGGCCGGCT	5-GCGGCCGGCT	7.457930	-83.212468	0	T:170.0(15.11%),B:2.6(0.36%),P:1e-36	Tpos:35.3,Tstd:19.3,Bpos:47.6,Bstd:8.1,StrandBias:0.1,Multiplicity:1.02
0.001	0.280	0.718	0.001
0.286	0.489	0.224	0.001
0.001	0.244	0.457	0.298
0.001	0.001	0.997	0.001
0.001	0.997	0.001	0.001
0.341	0.503	0.136	0.020
0.001	0.001	0.997	0.001
0.001	0.344	0.654	0.001
0.001	0.997	0.001	0.001
0.237	0.082	0.102	0.579
>RWAACAAAGG	6-RWAACAAAGG	4.265134	-80.073742	0	T:338.0(30.04%),B:54.8(7.44%),P:1e-34	Tpos:37.1,Tstd:20.1,Bpos:37.1,Bstd:13.4,StrandBias:0.2,Multiplicity:1.17
0.389	0.124	0.399	0.089
0.419	0.090	0.200	0.292
0.544	0.230	0.225	0.001
0.855	0.001	0.001	0.143
0.001	0.997	0.001	0.001
0.997	0.001	0.001	0.001
0.997	0.001	0.001	0.001
0.753	0.001	0.001	0.245
0.018	0.035	0.894	0.053
0.215	0.306	0.478	0.001
>CTGCGGCGGC	7-CTGCGGCGGC	7.947471	-66.988155	0	T:127.0(11.29%),B:0.9(0.12%),P:1e-29	Tpos:35.4,Tstd:19.7,Bpos:36.8,Bstd:13.1,StrandBias:0.1,Multiplicity:1.09
0.047	0.951	0.001	0.001
0.172	0.140	0.253	0.434
0.047	0.001	0.951	0.001
0.001	0.951	0.047	0.001
0.065	0.217	0.592	0.126
0.001	0.109	0.827	0.063
0.001	0.890	0.108	0.001
0.077	0.204	0.503	0.216
0.143	0.110	0.746	0.001
0.001	0.919	0.079	0.001
>NCCHGCTGKG	8-NCCHGCTGKG	6.216064	-63.090850	0	T:231.0(20.53%),B:28.2(3.82%),P:1e-27	Tpos:36.2,Tstd:19.4,Bpos:51.2,Bstd:20.4,StrandBias:0.4,Multiplicity:1.04
0.191	0.220	0.258	0.331
0.141	0.664	0.169	0.026
0.025	0.784	0.139	0.052
0.357	0.296	0.101	0.246
0.077	0.013	0.872	0.038
0.001	0.986	0.012	0.001
0.217	0.038	0.088	0.657
0.013	0.013	0.949	0.025
0.217	0.076	0.323	0.385
0.191	0.088	0.683	0.038
>BSCCCACCSS	9-BSCCCACCSS	7.069451	-60.871096	0	T:158.0(14.04%),B:8.5(1.15%),P:1e-26	Tpos:35.8,Tstd:19.8,Bpos:42.9,Bstd:14.6,StrandBias:0.2,Multiplicity:1.07
0.122	0.371	0.271	0.235
0.095	0.420	0.271	0.214
0.020	0.834	0.123	0.023
0.018	0.901	0.043	0.038
0.033	0.816	0.115	0.036
0.637	0.079	0.176	0.108
0.036	0.770	0.171	0.023
0.066	0.839	0.059	0.036
0.153	0.403	0.273	0.171
0.115	0.392	0.378	0.115
>GGSCGGCTCC	10-GGSCGGCTCC	7.693823	-58.641307	0	T:119.0(10.58%),B:1.4(0.19%),P:1e-25	Tpos:40.4,Tstd:19.3,Bpos:32.0,Bstd:0.0,StrandBias:-0.3,Multiplicity:1.07
0.001	0.083	0.896	0.020
0.062	0.084	0.833	0.021
0.004	0.505	0.490	0.001
0.001	0.832	0.166	0.001
0.001	0.083	0.915	0.001
0.166	0.001	0.832	0.001
0.083	0.896	0.001	0.020
0.004	0.001	0.338	0.657
0.001	0.997	0.001	0.001
0.001	0.833	0.083	0.083
>CCCGCGGCGC	11-CCCGCGGCGC	8.279229	-58.055057	0	T:124.0(11.02%),B:2.6(0.36%),P:1e-25	Tpos:37.5,Tstd:21.5,Bpos:0.0,Bstd:0.0,StrandBias:-0.2,Multiplicity:1.08
0.031	0.891	0.047	0.031
0.016	0.921	0.016	0.047
0.016	0.890	0.047	0.047
0.001	0.015	0.969	0.015
0.001	0.952	0.046	0.001
0.001	0.046	0.952	0.001
0.016	0.172	0.796	0.016
0.031	0.859	0.094	0.016
0.016	0.031	0.906	0.047
0.001	0.906	0.078	0.015
>GAGCAGCGGG	12-GAGCAGCGGG	6.247196	-39.017649	0	T:106.0(9.42%),B:6.8(0.92%),P:1e-16	Tpos:37.1,Tstd:20.7,Bpos:33.1,Bstd:13.7,StrandBias:0.0,Multiplicity:1.02
0.033	0.083	0.883	0.001
0.966	0.001	0.032	0.001
0.083	0.001	0.915	0.001
0.017	0.861	0.105	0.017
0.915	0.001	0.001	0.083
0.001	0.083	0.915	0.001
0.001	0.997	0.001	0.001
0.116	0.083	0.800	0.001
0.084	0.084	0.748	0.084
0.083	0.001	0.915	0.001
>GGGCCCTGGG	13-GGGCCCTGGG	8.003551	-38.531469	0	T:105.0(9.33%),B:6.8(0.93%),P:1e-16	Tpos:36.6,Tstd:17.8,Bpos:19.8,Bstd:13.5,StrandBias:0.1,Multiplicity:1.09
0.039	0.265	0.657	0.039
0.200	0.050	0.700	0.050
0.101	0.075	0.823	0.001
0.026	0.755	0.168	0.051
0.001	0.845	0.066	0.088
0.001	0.997	0.001	0.001
0.150	0.167	0.026	0.657
0.001	0.001	0.997	0.001
0.002	0.137	0.860	0.001
0.038	0.202	0.722	0.038
>AGAGGGAGCC	14-AGAGGGAGCC	7.666029	-30.511676	0	T:92.0(8.18%),B:7.5(1.01%),P:1e-13	Tpos:35.1,Tstd:17.2,Bpos:32.2,Bstd:16.5,StrandBias:0.3,Multiplicity:1.00
0.765	0.037	0.115	0.083
0.148	0.028	0.823	0.001
0.598	0.083	0.178	0.141
0.008	0.001	0.990	0.001
0.083	0.009	0.907	0.001
0.027	0.001	0.971	0.001
0.691	0.085	0.057	0.167
0.001	0.027	0.971	0.001
0.085	0.637	0.139	0.139
0.085	0.746	0.028	0.141
>GGGGCGGGGA	15-GGGGCGGGGA	9.283795	-24.070758	0	T:47.0(4.18%),B:0.3(0.04%),P:1e-10	Tpos:37.4,Tstd:17.7,Bpos:67.0,Bstd:0.0,StrandBias:0.4,Multiplicity:1.00
0.131	0.001	0.867	0.001
0.182	0.159	0.658	0.001
0.156	0.001	0.842	0.001
0.075	0.187	0.713	0.025
0.180	0.818	0.001	0.001
0.001	0.157	0.633	0.209
0.100	0.075	0.747	0.078
0.182	0.075	0.668	0.075
0.001	0.004	0.968	0.027
0.793	0.032	0.075	0.100
>CTGCTTTGCA	16-CTGCTTTGCA	7.076340	-23.804757	0	T:84.0(7.47%),B:9.8(1.33%),P:1e-10	Tpos:37.0,Tstd:19.0,Bpos:35.7,Bstd:9.0,StrandBias:0.5,Multiplicity:1.03
0.082	0.685	0.133	0.100
0.154	0.033	0.084	0.729
0.082	0.084	0.801	0.033
0.049	0.820	0.082	0.049
0.052	0.001	0.016	0.931
0.020	0.084	0.016	0.880
0.098	0.016	0.033	0.853
0.084	0.067	0.815	0.034
0.133	0.734	0.115	0.018
0.785	0.049	0.066	0.100
