>GGCGGGCG	1-GGCGGGCG	6.317884	-143.870546	0	T:319.0(28.36%),B:11.1(1.50%),P:1e-62	Tpos:37.0,Tstd:20.7,Bpos:37.5,Bstd:15.5,StrandBias:-0.2,Multiplicity:1.53
0.115	0.164	0.720	0.001
0.003	0.200	0.796	0.001
0.127	0.803	0.001	0.069
0.001	0.153	0.845	0.001
0.053	0.213	0.733	0.001
0.001	0.278	0.720	0.001
0.097	0.768	0.103	0.032
0.099	0.139	0.618	0.144
>CCCTGCCG	2-CCCTGCCG	5.728763	-118.650864	0	T:357.0(31.73%),B:34.6(4.69%),P:1e-51	Tpos:37.8,Tstd:20.5,Bpos:41.7,Bstd:28.8,StrandBias:0.1,Multiplicity:1.20
0.105	0.582	0.173	0.140
0.001	0.766	0.173	0.060
0.001	0.935	0.001	0.063
0.076	0.123	0.049	0.752
0.058	0.129	0.763	0.050
0.001	0.862	0.134	0.003
0.022	0.643	0.191	0.144
0.044	0.143	0.700	0.113
>AGCCSCGK	3-AGCCSCGK	6.787287	-91.146528	0	T:190.0(16.89%),B:3.8(0.51%),P:1e-39	Tpos:35.9,Tstd:20.5,Bpos:45.1,Bstd:12.6,StrandBias:0.3,Multiplicity:1.10
0.682	0.173	0.001	0.144
0.001	0.001	0.997	0.001
0.001	0.997	0.001	0.001
0.001	0.647	0.283	0.069
0.141	0.451	0.407	0.001
0.001	0.854	0.144	0.001
0.001	0.007	0.848	0.144
0.001	0.001	0.560	0.438
>SCTTTGYT	4-SCTTTGYT	4.802129	-90.351733	0	T:536.0(47.64%),B:136.0(18.44%),P:1e-39	Tpos:35.9,Tstd:20.3,Bpos:34.6,Bstd:18.2,StrandBias:-0.2,Multiplicity:1.43
0.021	0.466	0.384	0.129
0.051	0.889	0.059	0.001
0.147	0.172	0.013	0.668
0.021	0.111	0.018	0.850
0.024	0.021	0.056	0.899
0.034	0.247	0.693	0.026
0.177	0.390	0.015	0.419
0.148	0.122	0.227	0.503
>CGAGCGCG	5-CGAGCGCG	6.016627	-85.148774	0	T:167.0(14.84%),B:1.6(0.22%),P:1e-36	Tpos:37.8,Tstd:19.7,Bpos:45.7,Bstd:8.8,StrandBias:0.4,Multiplicity:1.16
0.120	0.635	0.193	0.052
0.063	0.215	0.670	0.052
0.655	0.120	0.135	0.090
0.041	0.096	0.831	0.032
0.090	0.735	0.127	0.048
0.026	0.100	0.867	0.007
0.065	0.793	0.103	0.039
0.049	0.060	0.819	0.072
>TCCGCGCT	6-TCCGCGCT	5.291806	-77.797775	0	T:252.0(22.40%),B:25.4(3.45%),P:1e-33	Tpos:39.0,Tstd:20.8,Bpos:39.7,Bstd:29.2,StrandBias:-0.0,Multiplicity:1.07
0.036	0.125	0.036	0.803
0.001	0.981	0.017	0.001
0.053	0.929	0.001	0.017
0.018	0.251	0.713	0.018
0.089	0.875	0.001	0.035
0.001	0.017	0.965	0.017
0.017	0.965	0.017	0.001
0.054	0.036	0.125	0.785
>CCTGGGGG	7-CCTGGGGG	5.709195	-77.621454	0	T:261.0(23.20%),B:28.1(3.81%),P:1e-33	Tpos:36.7,Tstd:18.2,Bpos:42.7,Bstd:12.3,StrandBias:-0.3,Multiplicity:1.13
0.020	0.891	0.077	0.012
0.011	0.891	0.029	0.069
0.069	0.103	0.001	0.827
0.023	0.034	0.897	0.046
0.007	0.001	0.991	0.001
0.064	0.023	0.911	0.002
0.029	0.001	0.913	0.057
0.095	0.103	0.768	0.034
>BCCCCNCC	8-BCCCCNCC	4.926961	-76.273365	0	T:236.0(20.98%),B:21.7(2.94%),P:1e-33	Tpos:35.8,Tstd:21.1,Bpos:40.4,Bstd:15.4,StrandBias:-0.1,Multiplicity:1.07
0.130	0.254	0.245	0.370
0.089	0.547	0.155	0.209
0.132	0.645	0.128	0.095
0.068	0.753	0.072	0.107
0.100	0.588	0.131	0.181
0.234	0.280	0.306	0.181
0.137	0.472	0.227	0.164
0.140	0.498	0.147	0.215
>GGCGTCCC	9-GGCGTCCC	5.692703	-74.632676	0	T:258.0(22.93%),B:29.1(3.95%),P:1e-32	Tpos:39.6,Tstd:20.5,Bpos:33.9,Bstd:19.1,StrandBias:-0.6,Multiplicity:1.10
0.036	0.072	0.838	0.054
0.035	0.018	0.946	0.001
0.001	0.874	0.107	0.018
0.001	0.107	0.641	0.251
0.018	0.050	0.001	0.931
0.018	0.892	0.018	0.072
0.001	0.963	0.018	0.018
0.018	0.946	0.018	0.018
>CGGGCCGA	10-CGGGCCGA	6.964023	-70.124934	0	T:152.0(13.51%),B:3.6(0.48%),P:1e-30	Tpos:33.9,Tstd:20.4,Bpos:44.4,Bstd:1.0,StrandBias:0.2,Multiplicity:1.12
0.002	0.688	0.308	0.002
0.021	0.001	0.937	0.041
0.001	0.105	0.893	0.001
0.021	0.210	0.768	0.001
0.002	0.746	0.251	0.001
0.105	0.579	0.253	0.063
0.001	0.002	0.995	0.002
0.564	0.246	0.188	0.002
>CGGCGGTT	11-CGGCGGTT	6.642275	-68.648461	0	T:130.0(11.56%),B:1.0(0.13%),P:1e-29	Tpos:41.0,Tstd:18.8,Bpos:0.0,Bstd:0.0,StrandBias:-0.7,Multiplicity:1.04
0.001	0.931	0.034	0.034
0.068	0.001	0.930	0.001
0.034	0.034	0.863	0.069
0.001	0.965	0.033	0.001
0.001	0.001	0.930	0.068
0.033	0.001	0.965	0.001
0.001	0.034	0.069	0.896
0.001	0.034	0.276	0.689
>TCCCTNGC	12-TCCCTNGC	5.857311	-60.544281	0	T:275.0(24.44%),B:46.6(6.32%),P:1e-26	Tpos:35.2,Tstd:20.6,Bpos:25.8,Bstd:23.4,StrandBias:0.1,Multiplicity:1.05
0.001	0.330	0.188	0.481
0.068	0.504	0.286	0.142
0.001	0.930	0.001	0.068
0.001	0.997	0.001	0.001
0.001	0.193	0.048	0.758
0.296	0.189	0.237	0.278
0.046	0.231	0.722	0.001
0.001	0.711	0.050	0.238
>GNAAAYGA	13-GNAAAYGA	4.612500	-60.098340	0	T:426.0(37.87%),B:114.7(15.56%),P:1e-26	Tpos:36.7,Tstd:20.5,Bpos:39.7,Bstd:17.9,StrandBias:0.2,Multiplicity:1.22
0.001	0.001	0.836	0.162
0.225	0.236	0.262	0.277
0.796	0.059	0.001	0.144
0.997	0.001	0.001	0.001
0.693	0.126	0.180	0.001
0.001	0.368	0.147	0.484
0.259	0.029	0.605	0.107
0.513	0.082	0.317	0.088
>CCGCCCCT	14-CCGCCCCT	6.702629	-56.300895	0	T:157.0(13.96%),B:11.0(1.49%),P:1e-24	Tpos:39.3,Tstd:22.9,Bpos:49.4,Bstd:8.1,StrandBias:0.1,Multiplicity:1.05
0.048	0.560	0.193	0.199
0.001	0.990	0.008	0.001
0.001	0.097	0.901	0.001
0.001	0.808	0.190	0.001
0.001	0.973	0.001	0.025
0.001	0.951	0.001	0.047
0.124	0.481	0.104	0.291
0.001	0.026	0.145	0.828
>GCCGCAGA	15-GCCGCAGA	6.172373	-55.537847	0	T:163.0(14.49%),B:13.0(1.76%),P:1e-24	Tpos:35.8,Tstd:20.4,Bpos:24.6,Bstd:10.2,StrandBias:0.6,Multiplicity:1.05
0.028	0.101	0.832	0.039
0.061	0.783	0.123	0.033
0.056	0.731	0.039	0.174
0.039	0.062	0.849	0.050
0.067	0.833	0.067	0.033
0.576	0.145	0.123	0.156
0.044	0.122	0.812	0.022
0.596	0.119	0.212	0.073
>CCCGGGSC	16-CCCGGGSC	7.853296	-54.905126	0	T:158.0(14.04%),B:11.3(1.53%),P:1e-23	Tpos:37.1,Tstd:18.4,Bpos:26.8,Bstd:14.3,StrandBias:-0.1,Multiplicity:1.06
0.001	0.997	0.001	0.001
0.010	0.773	0.207	0.010
0.072	0.885	0.003	0.040
0.212	0.012	0.539	0.237
0.001	0.049	0.949	0.001
0.001	0.023	0.966	0.010
0.001	0.367	0.502	0.130
0.030	0.867	0.102	0.001
>GCGTCGGG	17-GCGTCGGG	6.578764	-52.541128	0	T:124.0(11.02%),B:4.5(0.62%),P:1e-22	Tpos:35.6,Tstd:21.6,Bpos:58.0,Bstd:0.0,StrandBias:-0.6,Multiplicity:1.04
0.001	0.026	0.972	0.001
0.001	0.756	0.135	0.108
0.001	0.162	0.810	0.027
0.027	0.081	0.001	0.891
0.001	0.918	0.080	0.001
0.001	0.027	0.945	0.027
0.001	0.026	0.972	0.001
0.054	0.001	0.918	0.027
>CCACCCGC	18-CCACCCGC	6.348551	-51.377693	0	T:165.0(14.67%),B:15.4(2.09%),P:1e-22	Tpos:34.9,Tstd:20.2,Bpos:43.9,Bstd:16.7,StrandBias:-0.1,Multiplicity:1.11
0.028	0.596	0.320	0.056
0.001	0.832	0.166	0.001
0.943	0.055	0.001	0.001
0.055	0.685	0.259	0.001
0.001	0.631	0.257	0.111
0.001	0.821	0.001	0.177
0.138	0.001	0.860	0.001
0.001	0.919	0.079	0.001
>CGGCGACC	19-CGGCGACC	5.715431	-46.866892	0	T:97.0(8.62%),B:2.0(0.27%),P:1e-20	Tpos:30.8,Tstd:18.7,Bpos:60.1,Bstd:3.6,StrandBias:0.3,Multiplicity:1.03
0.001	0.932	0.066	0.001
0.066	0.066	0.867	0.001
0.001	0.001	0.932	0.066
0.001	0.800	0.066	0.133
0.066	0.001	0.932	0.001
0.867	0.001	0.066	0.066
0.066	0.867	0.001	0.066
0.001	0.867	0.066	0.066
>TCTCGCGG	20-TCTCGCGG	6.164361	-43.316803	0	T:141.0(12.53%),B:13.2(1.79%),P:1e-18	Tpos:39.6,Tstd:20.1,Bpos:54.9,Bstd:10.3,StrandBias:-0.3,Multiplicity:1.00
0.104	0.014	0.213	0.669
0.001	0.796	0.122	0.081
0.001	0.311	0.145	0.543
0.001	0.673	0.122	0.204
0.001	0.257	0.734	0.008
0.001	0.912	0.086	0.001
0.151	0.277	0.571	0.001
0.354	0.001	0.644	0.001
>GWGACAAT	21-GWGACAAT	6.330707	-27.291647	0	T:114.0(10.13%),B:16.6(2.25%),P:1e-11	Tpos:39.6,Tstd:20.0,Bpos:29.7,Bstd:11.3,StrandBias:-0.3,Multiplicity:1.05
0.300	0.077	0.511	0.112
0.322	0.112	0.178	0.389
0.223	0.244	0.532	0.001
0.997	0.001	0.001	0.001
0.001	0.997	0.001	0.001
0.997	0.001	0.001	0.001
0.887	0.111	0.001	0.001
0.001	0.001	0.259	0.739
>CGCATTCA	22-CGCATTCA	5.271043	-23.511789	0	T:113.0(10.04%),B:19.1(2.59%),P:1e-10	Tpos:33.1,Tstd:20.3,Bpos:35.3,Bstd:12.9,StrandBias:-0.2,Multiplicity:1.03
0.081	0.773	0.050	0.096
0.116	0.080	0.655	0.149
0.087	0.813	0.062	0.038
0.720	0.075	0.112	0.093
0.062	0.075	0.100	0.763
0.075	0.062	0.062	0.801
0.075	0.811	0.099	0.015
0.688	0.162	0.100	0.050
>TCGCAGCT	23-TCGCAGCT	6.762006	-22.853134	0	T:85.0(7.56%),B:10.1(1.37%),P:1e-9	Tpos:35.9,Tstd:20.2,Bpos:32.5,Bstd:10.5,StrandBias:0.5,Multiplicity:1.00
0.122	0.073	0.073	0.732
0.097	0.731	0.001	0.171
0.145	0.001	0.853	0.001
0.001	0.997	0.001	0.001
0.878	0.049	0.024	0.049
0.023	0.001	0.975	0.001
0.001	0.997	0.001	0.001
0.001	0.097	0.048	0.854
>ATCGCAGG	24-ATCGCAGG	6.291044	-19.747875	0	T:61.0(5.42%),B:5.3(0.72%),P:1e-8	Tpos:37.6,Tstd:16.9,Bpos:38.8,Bstd:12.7,StrandBias:0.5,Multiplicity:1.00
0.700	0.100	0.100	0.100
0.100	0.100	0.100	0.700
0.100	0.700	0.100	0.100
0.100	0.100	0.700	0.100
0.100	0.700	0.100	0.100
0.700	0.100	0.100	0.100
0.100	0.100	0.700	0.100
0.100	0.100	0.700	0.100
>TTACCGCT	25-TTACCGCT	6.291044	-16.341641	0	T:46.0(4.09%),B:3.8(0.52%),P:1e-7	Tpos:37.4,Tstd:23.1,Bpos:46.5,Bstd:7.9,StrandBias:0.3,Multiplicity:1.00
0.100	0.100	0.100	0.700
0.100	0.100	0.100	0.700
0.700	0.100	0.100	0.100
0.100	0.700	0.100	0.100
0.100	0.700	0.100	0.100
0.100	0.100	0.700	0.100
0.100	0.700	0.100	0.100
0.100	0.100	0.100	0.700
