>GGCTGCRGGSGS	1-GGCTGCRGGSGS	5.775208	-139.173127	0	T:283.0(25.16%),B:5.9(0.80%),P:1e-60	Tpos:38.2,Tstd:19.4,Bpos:32.0,Bstd:18.2,StrandBias:0.1,Multiplicity:1.24
0.001	0.029	0.969	0.001
0.122	0.122	0.755	0.001
0.001	0.793	0.205	0.001
0.001	0.147	0.206	0.646
0.001	0.001	0.997	0.001
0.001	0.997	0.001	0.001
0.366	0.147	0.486	0.001
0.001	0.058	0.940	0.001
0.001	0.329	0.669	0.001
0.001	0.526	0.472	0.001
0.001	0.316	0.682	0.001
0.001	0.556	0.442	0.001
>GGGCGGGGCGGG	2-GGGCGGGGCGGG	8.985313	-84.936037	0	T:199.0(17.69%),B:7.3(0.99%),P:1e-36	Tpos:36.2,Tstd:19.5,Bpos:39.7,Bstd:19.4,StrandBias:0.4,Multiplicity:1.20
0.001	0.227	0.771	0.001
0.001	0.032	0.966	0.001
0.001	0.344	0.654	0.001
0.135	0.613	0.232	0.020
0.007	0.047	0.939	0.007
0.001	0.376	0.622	0.001
0.006	0.153	0.840	0.001
0.001	0.222	0.776	0.001
0.033	0.643	0.323	0.001
0.040	0.297	0.596	0.067
0.001	0.262	0.736	0.001
0.006	0.080	0.913	0.001
>NNNRACGCGNNN	3-NNNRACGCGNNN	3.836728	-69.757468	0	T:132.0(11.73%),B:0.6(0.08%),P:1e-30	Tpos:35.1,Tstd:20.2,Bpos:18.3,Bstd:3.2,StrandBias:0.1,Multiplicity:1.10
0.239	0.240	0.303	0.218
0.187	0.322	0.311	0.179
0.229	0.273	0.238	0.261
0.280	0.201	0.387	0.132
0.540	0.166	0.121	0.173
0.212	0.474	0.173	0.140
0.124	0.157	0.493	0.226
0.148	0.657	0.129	0.066
0.173	0.231	0.425	0.171
0.220	0.281	0.306	0.193
0.223	0.281	0.264	0.231
0.250	0.251	0.306	0.193
>CTCCCCCGCCCC	4-CTCCCCCGCCCC	9.015752	-42.445516	0	T:113.0(10.04%),B:6.2(0.84%),P:1e-18	Tpos:39.2,Tstd:17.9,Bpos:22.3,Bstd:5.5,StrandBias:0.2,Multiplicity:1.03
0.023	0.899	0.077	0.001
0.093	0.001	0.054	0.852
0.047	0.832	0.074	0.047
0.004	0.856	0.093	0.047
0.046	0.883	0.001	0.070
0.001	0.810	0.096	0.093
0.124	0.693	0.101	0.082
0.140	0.070	0.697	0.093
0.023	0.896	0.058	0.023
0.023	0.880	0.027	0.070
0.023	0.884	0.023	0.070
0.001	0.852	0.146	0.001
>AAGGAADGCADK	5-AAGGAADGCADK	4.664312	-39.768625	0	T:466.0(41.42%),B:165.8(22.49%),P:1e-17	Tpos:36.2,Tstd:18.7,Bpos:34.7,Bstd:20.5,StrandBias:0.2,Multiplicity:1.36
0.499	0.193	0.200	0.108
0.593	0.021	0.277	0.109
0.158	0.040	0.715	0.087
0.198	0.173	0.582	0.047
0.677	0.078	0.207	0.038
0.719	0.112	0.112	0.057
0.317	0.047	0.354	0.282
0.077	0.098	0.759	0.066
0.201	0.602	0.142	0.055
0.560	0.136	0.113	0.191
0.213	0.115	0.342	0.330
0.171	0.155	0.320	0.355
