>GAAAGAGGAAGT	6-GAAAGAGGAAGT	8.780921	-32.964926	0	T:67.0(2.23%),B:3.3(0.13%),P:1e-14
0.179	0.120	0.600	0.101
0.707	0.078	0.126	0.089
0.686	0.111	0.138	0.065
0.721	0.043	0.130	0.106
0.181	0.139	0.580	0.100
0.699	0.081	0.134	0.086
0.188	0.053	0.652	0.107
0.211	0.085	0.610	0.094
0.700	0.111	0.107	0.082
0.780	0.047	0.089	0.084
0.161	0.107	0.648	0.084
0.149	0.120	0.114	0.617
