>NHRGAAACCACR	4-NHRGAAACCACR	5.773354	-159.288967	0	T:938.0(31.27%),B:305.0(11.93%),P:1e-69
0.304	0.211	0.235	0.250
0.282	0.340	0.182	0.195
0.396	0.101	0.264	0.239
0.096	0.074	0.774	0.056
0.849	0.062	0.035	0.054
0.950	0.023	0.021	0.006
0.891	0.040	0.063	0.006
0.014	0.906	0.068	0.012
0.142	0.623	0.072	0.163
0.479	0.222	0.162	0.137
0.237	0.485	0.125	0.153
0.368	0.203	0.233	0.197
