>VGSCGCSGCNSS	7-VGSCGCSGCNSS	4.670595	-27.399623	0	T:177.0(5.90%),B:57.0(2.23%),P:1e-11
0.225	0.337	0.279	0.159
0.210	0.210	0.395	0.185
0.151	0.365	0.369	0.115
0.177	0.421	0.252	0.150
0.103	0.170	0.618	0.109
0.109	0.490	0.325	0.076
0.186	0.298	0.357	0.159
0.081	0.187	0.678	0.054
0.148	0.456	0.300	0.096
0.187	0.289	0.332	0.192
0.188	0.240	0.373	0.199
0.177	0.295	0.341	0.187
