>AGATAAGR	1-AGATAAGR	5.183357	-1137.970586	0	T:2306.0(76.87%),B:378.6(15.04%),P:1e-494	Tpos:37.9,Tstd:19.0,Bpos:38.2,Bstd:26.0,StrandBias:-0.0,Multiplicity:1.37
0.668	0.034	0.032	0.266
0.010	0.009	0.973	0.008
0.974	0.009	0.007	0.010
0.002	0.005	0.007	0.986
0.853	0.011	0.036	0.100
0.795	0.040	0.105	0.060
0.176	0.229	0.497	0.097
0.386	0.235	0.257	0.122
>YTATCTSD	2-YTATCTSD	5.718630	-556.329580	0	T:1530.0(51.00%),B:266.3(10.58%),P:1e-241	Tpos:34.5,Tstd:20.6,Bpos:37.5,Bstd:29.3,StrandBias:0.2,Multiplicity:1.08
0.001	0.447	0.199	0.353
0.073	0.176	0.001	0.750
0.871	0.024	0.022	0.083
0.001	0.022	0.118	0.859
0.001	0.933	0.012	0.054
0.190	0.001	0.254	0.555
0.001	0.430	0.568	0.001
0.240	0.174	0.243	0.343
>TCGWTATC	3-TCGWTATC	3.271911	-170.680340	0	T:432.0(14.40%),B:41.8(1.66%),P:1e-74	Tpos:35.8,Tstd:21.3,Bpos:37.5,Bstd:29.6,StrandBias:0.9,Multiplicity:1.00
0.001	0.001	0.001	0.997
0.001	0.828	0.170	0.001
0.001	0.274	0.724	0.001
0.564	0.001	0.001	0.434
0.001	0.001	0.001	0.997
0.997	0.001	0.001	0.001
0.001	0.001	0.001	0.997
0.001	0.997	0.001	0.001
>CTAATCMS	4-CTAATCMS	6.746354	-137.501752	0	T:412.0(13.73%),B:55.7(2.21%),P:1e-59	Tpos:34.4,Tstd:19.8,Bpos:31.7,Bstd:25.9,StrandBias:0.3,Multiplicity:1.01
0.001	0.890	0.108	0.001
0.054	0.001	0.001	0.944
0.895	0.001	0.001	0.103
0.997	0.001	0.001	0.001
0.001	0.283	0.001	0.715
0.001	0.997	0.001	0.001
0.464	0.375	0.160	0.001
0.001	0.477	0.455	0.067
>TAGATAGC	5-TAGATAGC	3.729163	-62.021219	0	T:181.0(6.03%),B:22.8(0.90%),P:1e-26	Tpos:33.9,Tstd:21.1,Bpos:26.2,Bstd:19.0,StrandBias:-0.1,Multiplicity:2.41
0.001	0.001	0.001	0.997
0.997	0.001	0.001	0.001
0.001	0.001	0.997	0.001
0.997	0.001	0.001	0.001
0.001	0.001	0.001	0.997
0.997	0.001	0.001	0.001
0.001	0.323	0.675	0.001
0.349	0.647	0.001	0.003
>CGCAGCTG	6-CGCAGCTG	5.629851	-50.714980	0	T:473.0(15.77%),B:185.2(7.36%),P:1e-22	Tpos:38.3,Tstd:19.4,Bpos:39.8,Bstd:27.9,StrandBias:-0.1,Multiplicity:1.07
0.216	0.446	0.141	0.196
0.197	0.149	0.559	0.095
0.016	0.897	0.041	0.046
0.799	0.046	0.044	0.111
0.102	0.023	0.792	0.083
0.067	0.811	0.020	0.102
0.081	0.038	0.044	0.837
0.027	0.078	0.863	0.032
>ATCTATCA	7-ATCTATCA	7.454143	-40.692079	0	T:136.0(4.53%),B:21.5(0.86%),P:1e-17	Tpos:40.2,Tstd:20.3,Bpos:43.2,Bstd:20.0,StrandBias:-0.3,Multiplicity:1.23
0.810	0.188	0.001	0.001
0.001	0.001	0.001	0.997
0.056	0.901	0.042	0.001
0.001	0.001	0.013	0.985
0.910	0.001	0.001	0.088
0.001	0.001	0.001	0.997
0.001	0.997	0.001	0.001
0.872	0.001	0.014	0.113
>GAGGACGT	8-GAGGACGT	3.294092	-38.737887	0	T:197.0(6.57%),B:50.8(2.02%),P:1e-16	Tpos:34.3,Tstd:19.0,Bpos:39.8,Bstd:15.7,StrandBias:0.3,Multiplicity:1.05
0.001	0.308	0.690	0.001
0.953	0.045	0.001	0.001
0.001	0.001	0.997	0.001
0.001	0.001	0.997	0.001
0.633	0.001	0.365	0.001
0.264	0.564	0.001	0.171
0.001	0.001	0.997	0.001
0.001	0.001	0.001	0.997
>GTGGTTAC	9-GTGGTTAC	7.009387	-32.322834	0	T:111.0(3.70%),B:18.7(0.74%),P:1e-14	Tpos:34.9,Tstd:19.0,Bpos:46.8,Bstd:15.2,StrandBias:0.1,Multiplicity:1.06
0.001	0.014	0.984	0.001
0.058	0.001	0.001	0.940
0.024	0.001	0.951	0.024
0.001	0.001	0.914	0.084
0.001	0.045	0.001	0.953
0.046	0.131	0.050	0.773
0.883	0.001	0.077	0.039
0.098	0.684	0.217	0.001
>ATGACTCG	10-ATGACTCG	5.120863	-28.592755	0	T:141.0(4.70%),B:35.6(1.41%),P:1e-12	Tpos:35.9,Tstd:20.3,Bpos:37.6,Bstd:25.7,StrandBias:-0.2,Multiplicity:1.05
0.636	0.111	0.123	0.130
0.081	0.080	0.128	0.711
0.109	0.145	0.656	0.090
0.648	0.128	0.079	0.145
0.102	0.563	0.209	0.126
0.091	0.123	0.083	0.703
0.163	0.544	0.127	0.166
0.190	0.142	0.542	0.126
>ACAGCGAC	11-ACAGCGAC	5.542583	-24.049690	0	T:351.0(11.70%),B:166.4(6.61%),P:1e-10	Tpos:37.6,Tstd:19.9,Bpos:37.3,Bstd:25.1,StrandBias:-0.1,Multiplicity:1.04
0.696	0.129	0.121	0.054
0.054	0.780	0.059	0.107
0.851	0.027	0.038	0.084
0.051	0.048	0.858	0.043
0.137	0.627	0.150	0.086
0.120	0.186	0.625	0.069
0.782	0.070	0.110	0.038
0.109	0.792	0.038	0.061
>CTGTGCAA	12-CTGTGCAA	7.322866	-18.772891	0	T:136.0(4.53%),B:46.1(1.83%),P:1e-8	Tpos:35.7,Tstd:19.5,Bpos:37.9,Bstd:23.3,StrandBias:0.2,Multiplicity:1.03
0.001	0.672	0.001	0.326
0.001	0.001	0.077	0.921
0.011	0.060	0.602	0.327
0.001	0.001	0.001	0.997
0.001	0.238	0.760	0.001
0.011	0.987	0.001	0.001
0.995	0.001	0.003	0.001
0.997	0.001	0.001	0.001
>CTGACGCA	13-CTGACGCA	8.186426	-17.785092	0	T:47.0(1.57%),B:5.7(0.23%),P:1e-7	Tpos:36.9,Tstd:20.3,Bpos:49.6,Bstd:13.6,StrandBias:0.8,Multiplicity:1.00
0.001	0.997	0.001	0.001
0.001	0.001	0.130	0.868
0.131	0.001	0.737	0.131
0.997	0.001	0.001	0.001
0.001	0.997	0.001	0.001
0.001	0.001	0.805	0.193
0.001	0.606	0.392	0.001
0.997	0.001	0.001	0.001
>TCAACGTC	14-TCAACGTC	7.826826	-15.069190	0	T:29.0(0.97%),B:1.8(0.07%),P:1e-6	Tpos:34.7,Tstd:18.8,Bpos:30.4,Bstd:7.9,StrandBias:-0.7,Multiplicity:1.00
0.001	0.001	0.001	0.997
0.001	0.868	0.001	0.130
0.737	0.131	0.001	0.131
0.868	0.001	0.130	0.001
0.153	0.825	0.001	0.021
0.001	0.001	0.997	0.001
0.001	0.275	0.131	0.593
0.176	0.797	0.001	0.026
>GGGGCTGG	15-GGGGCTGG	7.488616	-13.959854	0	T:121.0(4.03%),B:46.2(1.83%),P:1e-6	Tpos:35.0,Tstd:19.4,Bpos:34.3,Bstd:19.3,StrandBias:1.0,Multiplicity:1.04
0.001	0.001	0.997	0.001
0.001	0.001	0.997	0.001
0.001	0.001	0.997	0.001
0.001	0.080	0.918	0.001
0.001	0.684	0.314	0.001
0.001	0.001	0.255	0.743
0.001	0.001	0.679	0.319
0.001	0.001	0.997	0.001
>CAGCCTGC	16-CAGCCTGC	8.236954	-8.522539	0	T:37.0(1.23%),B:9.5(0.38%),P:1e-3	Tpos:40.1,Tstd:16.3,Bpos:34.4,Bstd:24.1,StrandBias:-0.1,Multiplicity:1.00
0.100	0.700	0.100	0.100
0.700	0.100	0.100	0.100
0.100	0.100	0.700	0.100
0.100	0.700	0.100	0.100
0.100	0.700	0.100	0.100
0.100	0.100	0.100	0.700
0.100	0.100	0.700	0.100
0.100	0.700	0.100	0.100
