>DRNNVAGATA	1-DRNNVAGATA	4.287782	-939.655379	0	T:2443.0(81.43%),B:627.7(24.93%),P:1e-408	Tpos:37.3,Tstd:18.5,Bpos:37.6,Bstd:26.6,StrandBias:-0.1,Multiplicity:1.52
0.348	0.144	0.289	0.219
0.270	0.151	0.373	0.207
0.279	0.196	0.283	0.242
0.257	0.187	0.226	0.330
0.239	0.337	0.268	0.156
0.773	0.001	0.001	0.225
0.001	0.001	0.997	0.001
0.997	0.001	0.001	0.001
0.001	0.021	0.001	0.977
0.997	0.001	0.001	0.001
>SCGATAAGAG	2-SCGATAAGAG	7.696283	-222.474495	0	T:486.0(16.20%),B:31.6(1.26%),P:1e-96	Tpos:32.4,Tstd:22.0,Bpos:62.5,Bstd:5.8,StrandBias:0.3,Multiplicity:1.02
0.120	0.358	0.449	0.072
0.288	0.563	0.028	0.121
0.023	0.070	0.857	0.050
0.952	0.001	0.001	0.046
0.023	0.172	0.073	0.732
0.831	0.047	0.001	0.121
0.953	0.023	0.001	0.023
0.047	0.098	0.854	0.001
0.637	0.098	0.264	0.001
0.263	0.193	0.515	0.029
>GNAGATAAAS	3-GNAGATAAAS	8.235164	-171.243963	0	T:430.0(14.33%),B:40.6(1.61%),P:1e-74	Tpos:40.4,Tstd:27.4,Bpos:5.0,Bstd:0.0,StrandBias:0.5,Multiplicity:1.00
0.285	0.172	0.542	0.001
0.286	0.314	0.228	0.172
0.771	0.227	0.001	0.001
0.001	0.001	0.997	0.001
0.997	0.001	0.001	0.001
0.001	0.001	0.001	0.997
0.913	0.001	0.085	0.001
0.997	0.001	0.001	0.001
0.827	0.001	0.171	0.001
0.114	0.371	0.514	0.001
>VCAGCTGYNN	4-VCAGCTGYNN	5.636094	-66.567188	0	T:747.0(24.90%),B:327.3(13.00%),P:1e-28	Tpos:36.9,Tstd:19.0,Bpos:37.0,Bstd:28.4,StrandBias:-0.0,Multiplicity:1.08
0.362	0.265	0.331	0.042
0.044	0.865	0.075	0.016
0.879	0.001	0.001	0.119
0.082	0.001	0.799	0.118
0.140	0.788	0.035	0.037
0.123	0.001	0.001	0.875
0.001	0.077	0.852	0.070
0.060	0.391	0.200	0.349
0.204	0.309	0.242	0.245
0.260	0.230	0.223	0.286
>KGVAGATTAG	5-KGVAGATTAG	6.780543	-61.844371	0	T:338.0(11.27%),B:92.0(3.66%),P:1e-26	Tpos:35.1,Tstd:19.2,Bpos:37.1,Bstd:23.8,StrandBias:-0.1,Multiplicity:1.04
0.234	0.001	0.436	0.329
0.217	0.095	0.595	0.093
0.390	0.268	0.331	0.012
0.710	0.001	0.150	0.139
0.001	0.001	0.997	0.001
0.997	0.001	0.001	0.001
0.001	0.001	0.001	0.997
0.001	0.001	0.150	0.848
0.964	0.001	0.001	0.034
0.139	0.152	0.697	0.012
>ACTTCCTSWT	6-ACTTCCTSWT	8.331636	-35.276853	0	T:86.0(2.87%),B:7.9(0.31%),P:1e-15	Tpos:35.5,Tstd:19.4,Bpos:42.3,Bstd:11.0,StrandBias:-0.4,Multiplicity:1.00
0.945	0.053	0.001	0.001
0.001	0.997	0.001	0.001
0.275	0.001	0.001	0.723
0.001	0.218	0.001	0.780
0.001	0.997	0.001	0.001
0.001	0.997	0.001	0.001
0.001	0.001	0.001	0.997
0.111	0.274	0.396	0.219
0.379	0.001	0.161	0.459
0.001	0.001	0.214	0.784
>ATGACTCATN	7-ATGACTCATN	7.794003	-32.408889	0	T:128.0(4.27%),B:25.9(1.03%),P:1e-14	Tpos:36.1,Tstd:19.2,Bpos:37.3,Bstd:18.8,StrandBias:0.2,Multiplicity:1.05
0.515	0.192	0.212	0.081
0.001	0.001	0.029	0.969
0.001	0.001	0.979	0.019
0.956	0.020	0.001	0.023
0.001	0.635	0.314	0.050
0.019	0.001	0.001	0.979
0.131	0.828	0.040	0.001
0.898	0.020	0.001	0.081
0.161	0.221	0.182	0.435
0.233	0.226	0.327	0.214
>GAAGGGAATG	8-GAAGGGAATG	8.276721	-30.403551	0	T:83.0(2.77%),B:9.8(0.39%),P:1e-13	Tpos:37.2,Tstd:20.1,Bpos:35.7,Bstd:16.2,StrandBias:-0.3,Multiplicity:1.03
0.169	0.255	0.505	0.071
0.997	0.001	0.001	0.001
0.997	0.001	0.001	0.001
0.136	0.001	0.640	0.223
0.126	0.001	0.872	0.001
0.201	0.095	0.703	0.001
0.870	0.033	0.096	0.001
0.708	0.031	0.001	0.260
0.134	0.001	0.100	0.765
0.001	0.001	0.997	0.001
>CAACATCCTG	9-CAACATCCTG	8.204476	-23.258036	0	T:38.0(1.27%),B:0.2(0.01%),P:1e-10	Tpos:32.2,Tstd:19.5,Bpos:0.0,Bstd:0.0,StrandBias:-0.8,Multiplicity:1.00
0.001	0.883	0.058	0.058
0.883	0.058	0.001	0.058
0.883	0.058	0.058	0.001
0.001	0.940	0.001	0.058
0.881	0.001	0.001	0.117
0.059	0.059	0.059	0.823
0.001	0.940	0.001	0.058
0.058	0.940	0.001	0.001
0.058	0.001	0.001	0.940
0.058	0.001	0.940	0.001
>GTAACCACAA	10-GTAACCACAA	7.640102	-23.140126	0	T:84.0(2.80%),B:15.8(0.63%),P:1e-10	Tpos:37.6,Tstd:20.9,Bpos:40.5,Bstd:17.6,StrandBias:-0.3,Multiplicity:1.03
0.106	0.072	0.657	0.165
0.144	0.108	0.037	0.711
0.749	0.096	0.108	0.047
0.855	0.024	0.084	0.037
0.130	0.740	0.059	0.071
0.059	0.868	0.024	0.049
0.927	0.024	0.012	0.037
0.035	0.894	0.059	0.012
0.890	0.049	0.024	0.037
0.727	0.084	0.118	0.071
>AGCAGTTCCT	11-AGCAGTTCCT	7.922746	-23.060419	0	T:63.0(2.10%),B:7.6(0.30%),P:1e-10	Tpos:39.6,Tstd:21.0,Bpos:38.1,Bstd:13.9,StrandBias:-0.1,Multiplicity:1.00
0.908	0.035	0.022	0.035
0.080	0.046	0.829	0.045
0.112	0.763	0.091	0.034
0.764	0.034	0.045	0.157
0.078	0.092	0.739	0.091
0.064	0.091	0.081	0.764
0.034	0.080	0.096	0.790
0.102	0.739	0.035	0.124
0.068	0.853	0.034	0.045
0.056	0.067	0.011	0.866
>AAACAGCCCT	12-AAACAGCCCT	8.350283	-22.657732	0	T:46.0(1.53%),B:2.7(0.11%),P:1e-9	Tpos:37.2,Tstd:20.7,Bpos:26.5,Bstd:13.3,StrandBias:-0.2,Multiplicity:1.00
0.700	0.100	0.100	0.100
0.700	0.100	0.100	0.100
0.700	0.100	0.100	0.100
0.100	0.700	0.100	0.100
0.700	0.100	0.100	0.100
0.100	0.100	0.700	0.100
0.100	0.700	0.100	0.100
0.100	0.700	0.100	0.100
0.100	0.700	0.100	0.100
0.100	0.100	0.100	0.700
>GRAACCTGCA	13-GRAACCTGCA	7.823673	-21.990063	0	T:55.0(1.83%),B:5.1(0.20%),P:1e-9	Tpos:42.9,Tstd:19.5,Bpos:23.7,Bstd:5.5,StrandBias:0.1,Multiplicity:1.00
0.211	0.022	0.625	0.142
0.328	0.255	0.407	0.011
0.614	0.210	0.165	0.011
0.568	0.022	0.220	0.190
0.065	0.419	0.264	0.252
0.011	0.559	0.054	0.376
0.065	0.011	0.011	0.913
0.033	0.032	0.913	0.022
0.318	0.473	0.199	0.011
0.858	0.098	0.011	0.033
>TVTCATCTCW	14-TVTCATCTCW	9.676189	-19.629434	0	T:83.0(2.77%),B:18.5(0.73%),P:1e-8	Tpos:37.6,Tstd:19.8,Bpos:41.3,Bstd:28.5,StrandBias:0.5,Multiplicity:1.32
0.276	0.266	0.001	0.457
0.266	0.414	0.319	0.001
0.001	0.001	0.001	0.997
0.340	0.531	0.128	0.001
0.997	0.001	0.001	0.001
0.001	0.001	0.001	0.997
0.001	0.997	0.001	0.001
0.001	0.001	0.001	0.997
0.127	0.871	0.001	0.001
0.525	0.001	0.001	0.473
>TGGATRAGGA	15-TGGATRAGGA	8.816688	-18.094373	0	T:38.0(1.27%),B:2.9(0.12%),P:1e-7	Tpos:34.1,Tstd:17.3,Bpos:29.1,Bstd:11.2,StrandBias:-0.9,Multiplicity:1.00
0.046	0.059	0.372	0.523
0.001	0.195	0.700	0.104
0.001	0.352	0.646	0.001
0.997	0.001	0.001	0.001
0.001	0.001	0.001	0.997
0.485	0.048	0.367	0.100
0.814	0.001	0.001	0.184
0.001	0.049	0.949	0.001
0.001	0.311	0.687	0.001
0.606	0.120	0.046	0.228
>GGTGTCTGGY	16-GGTGTCTGGY	6.250094	-17.503248	0	T:52.0(1.73%),B:7.9(0.31%),P:1e-7	Tpos:37.7,Tstd:19.1,Bpos:45.0,Bstd:11.3,StrandBias:-0.5,Multiplicity:1.05
0.192	0.104	0.455	0.248
0.098	0.214	0.507	0.181
0.197	0.122	0.161	0.520
0.003	0.261	0.526	0.210
0.153	0.214	0.157	0.476
0.123	0.559	0.173	0.145
0.232	0.053	0.068	0.647
0.005	0.001	0.989	0.005
0.138	0.182	0.455	0.225
0.149	0.375	0.142	0.333
>AGGGTTGGGG	17-AGGGTTGGGG	7.496681	-17.305203	0	T:94.0(3.13%),B:26.2(1.04%),P:1e-7	Tpos:38.6,Tstd:18.7,Bpos:38.9,Bstd:22.5,StrandBias:0.3,Multiplicity:1.15
0.755	0.064	0.142	0.039
0.104	0.026	0.793	0.077
0.065	0.026	0.883	0.026
0.013	0.091	0.857	0.039
0.143	0.134	0.052	0.671
0.027	0.014	0.103	0.856
0.148	0.090	0.709	0.053
0.052	0.053	0.765	0.130
0.116	0.013	0.819	0.052
0.039	0.026	0.909	0.026
>CAGAGTTTCT	18-CAGAGTTTCT	9.309361	-15.663137	0	T:40.0(1.33%),B:4.8(0.19%),P:1e-6	Tpos:29.1,Tstd:16.9,Bpos:41.9,Bstd:10.5,StrandBias:0.9,Multiplicity:1.00
0.001	0.832	0.166	0.001
0.957	0.001	0.041	0.001
0.042	0.042	0.874	0.042
0.875	0.001	0.041	0.083
0.041	0.001	0.957	0.001
0.001	0.001	0.001	0.997
0.001	0.125	0.041	0.833
0.041	0.083	0.001	0.875
0.042	0.833	0.042	0.083
0.001	0.001	0.001	0.997
>GGGGGGTGGG	19-GGGGGGTGGG	9.425414	-9.329359	0	T:19.0(0.63%),B:1.7(0.07%),P:1e-4	Tpos:34.9,Tstd:18.9,Bpos:45.5,Bstd:7.9,StrandBias:0.2,Multiplicity:1.06
0.056	0.001	0.603	0.340
0.001	0.001	0.943	0.055
0.001	0.001	0.997	0.001
0.143	0.028	0.744	0.085
0.001	0.112	0.629	0.258
0.001	0.224	0.774	0.001
0.140	0.001	0.147	0.712
0.001	0.001	0.943	0.055
0.142	0.001	0.658	0.199
0.394	0.001	0.604	0.001
>CCACCCCCCC	20-CCACCCCCCC	10.843857	-4.125165	0	T:14.0(0.47%),B:3.3(0.13%),P:1e-1	Tpos:33.3,Tstd:19.2,Bpos:45.3,Bstd:8.6,StrandBias:-4.9,Multiplicity:1.11
0.001	0.997	0.001	0.001
0.001	0.997	0.001	0.001
0.789	0.209	0.001	0.001
0.001	0.868	0.001	0.130
0.001	0.737	0.001	0.261
0.001	0.868	0.001	0.130
0.001	0.868	0.001	0.130
0.001	0.997	0.001	0.001
0.130	0.868	0.001	0.001
0.001	0.997	0.001	0.001
