>NDNAGATAANRN	1-NDNAGATAANRN	5.957361	-985.379812	0	T:2128.0(70.93%),B:344.8(13.69%),P:1e-427	Tpos:37.6,Tstd:18.1,Bpos:36.8,Bstd:24.9,StrandBias:-0.1,Multiplicity:1.34
0.247	0.182	0.328	0.242
0.356	0.173	0.240	0.230
0.216	0.288	0.235	0.261
0.679	0.001	0.002	0.318
0.001	0.001	0.997	0.001
0.997	0.001	0.001	0.001
0.001	0.007	0.007	0.985
0.713	0.001	0.169	0.117
0.684	0.004	0.306	0.006
0.238	0.228	0.340	0.195
0.362	0.189	0.253	0.196
0.266	0.201	0.297	0.237
>WGCAGCTGCANR	2-WGCAGCTGCANR	6.597799	-48.703384	0	T:327.0(10.90%),B:104.3(4.14%),P:1e-21	Tpos:38.4,Tstd:19.2,Bpos:37.4,Bstd:25.2,StrandBias:-0.0,Multiplicity:1.06
0.316	0.099	0.205	0.379
0.103	0.229	0.597	0.071
0.111	0.755	0.095	0.039
0.909	0.001	0.004	0.086
0.001	0.001	0.909	0.089
0.059	0.811	0.035	0.095
0.043	0.001	0.015	0.941
0.052	0.051	0.818	0.079
0.209	0.507	0.169	0.115
0.470	0.154	0.150	0.225
0.269	0.261	0.273	0.197
0.403	0.201	0.309	0.087
>AAAGAGGAAGTC	3-AAAGAGGAAGTC	10.248873	-28.182847	0	T:46.0(1.53%),B:0.7(0.03%),P:1e-12	Tpos:39.9,Tstd:16.5,Bpos:53.2,Bstd:7.1,StrandBias:0.1,Multiplicity:1.00
0.752	0.055	0.166	0.027
0.918	0.001	0.027	0.054
0.861	0.001	0.111	0.027
0.002	0.109	0.860	0.029
0.754	0.027	0.164	0.055
0.082	0.001	0.890	0.027
0.054	0.001	0.863	0.082
0.944	0.001	0.054	0.001
0.891	0.001	0.054	0.054
0.027	0.082	0.890	0.001
0.029	0.111	0.177	0.683
0.084	0.743	0.116	0.057
>RCAGVAGMCAGA	4-RCAGVAGMCAGA	9.428900	-23.576488	0	T:64.0(2.13%),B:7.7(0.31%),P:1e-10	Tpos:36.2,Tstd:18.5,Bpos:43.5,Bstd:26.7,StrandBias:0.3,Multiplicity:1.00
0.543	0.001	0.409	0.047
0.240	0.684	0.075	0.001
0.812	0.075	0.001	0.112
0.245	0.278	0.477	0.001
0.362	0.245	0.392	0.001
0.961	0.001	0.037	0.001
0.321	0.001	0.641	0.037
0.369	0.350	0.125	0.155
0.126	0.707	0.163	0.004
0.995	0.001	0.003	0.001
0.037	0.001	0.959	0.003
0.959	0.037	0.001	0.003
>TGCCTGAGACAT	5-TGCCTGAGACAT	9.747837	-22.643133	0	T:37.0(1.23%),B:0.9(0.04%),P:1e-9	Tpos:44.9,Tstd:15.7,Bpos:30.4,Bstd:8.3,StrandBias:-0.8,Multiplicity:1.00
0.077	0.001	0.001	0.921
0.001	0.078	0.882	0.039
0.199	0.645	0.078	0.078
0.043	0.877	0.001	0.079
0.117	0.039	0.040	0.804
0.286	0.180	0.533	0.001
0.960	0.001	0.038	0.001
0.079	0.043	0.874	0.004
0.686	0.121	0.154	0.039
0.117	0.643	0.001	0.239
0.997	0.001	0.001	0.001
0.137	0.117	0.220	0.526
>TGCAGAGGAGGA	6-TGCAGAGGAGGA	10.688019	-17.115972	0	T:28.0(0.93%),B:0.6(0.02%),P:1e-7	Tpos:39.4,Tstd:19.1,Bpos:21.0,Bstd:0.0,StrandBias:0.3,Multiplicity:1.04
0.030	0.062	0.030	0.878
0.062	0.001	0.908	0.029
0.029	0.911	0.059	0.001
0.794	0.059	0.001	0.146
0.059	0.059	0.823	0.059
0.786	0.089	0.122	0.003
0.059	0.001	0.911	0.029
0.001	0.059	0.939	0.001
0.881	0.059	0.059	0.001
0.092	0.030	0.670	0.208
0.122	0.059	0.789	0.030
0.762	0.148	0.089	0.001
>TMGGGCTGGRGG	7-TMGGGCTGGRGG	6.970441	-16.404152	0	T:35.0(1.17%),B:2.4(0.10%),P:1e-7	Tpos:34.2,Tstd:16.5,Bpos:37.1,Bstd:13.9,StrandBias:0.1,Multiplicity:1.00
0.001	0.416	0.001	0.582
0.416	0.416	0.001	0.166
0.001	0.001	0.997	0.001
0.001	0.001	0.997	0.001
0.001	0.001	0.997	0.001
0.001	0.997	0.001	0.001
0.001	0.001	0.001	0.997
0.001	0.001	0.997	0.001
0.001	0.249	0.749	0.001
0.416	0.001	0.500	0.083
0.001	0.001	0.997	0.001
0.001	0.001	0.997	0.001
>RCCCCAGGCAMG	8-RCCCCAGGCAMG	6.853595	-15.486509	0	T:108.0(3.60%),B:36.9(1.47%),P:1e-6	Tpos:37.0,Tstd:18.2,Bpos:31.7,Bstd:19.0,StrandBias:-0.3,Multiplicity:1.05
0.427	0.001	0.555	0.017
0.001	0.858	0.107	0.034
0.266	0.503	0.230	0.001
0.090	0.620	0.289	0.001
0.001	0.735	0.212	0.052
0.575	0.423	0.001	0.001
0.001	0.016	0.982	0.001
0.175	0.107	0.717	0.001
0.175	0.494	0.279	0.052
0.705	0.001	0.225	0.069
0.323	0.460	0.216	0.001
0.001	0.071	0.639	0.289
>GGGGGGGGGAGG	9-GGGGGGGGGAGG	11.225493	-6.160705	0	T:16.0(0.53%),B:2.0(0.08%),P:1e-2	Tpos:36.6,Tstd:19.1,Bpos:48.7,Bstd:7.1,StrandBias:2.9,Multiplicity:1.06
0.001	0.086	0.741	0.172
0.001	0.058	0.940	0.001
0.246	0.001	0.667	0.086
0.086	0.001	0.827	0.086
0.176	0.001	0.534	0.289
0.085	0.001	0.913	0.001
0.203	0.001	0.641	0.155
0.171	0.001	0.827	0.001
0.085	0.001	0.913	0.001
0.884	0.001	0.114	0.001
0.001	0.001	0.997	0.001
0.001	0.001	0.997	0.001
