>GAGAATBRCTTG	1-GAGAATBRCTTG	8.504668	-18.989684	0	T:60.0(4.11%),B:14.7(0.95%),P:1e-8	Tpos:41.7,Tstd:17.9,Bpos:38.3,Bstd:20.8,StrandBias:-0.1,Multiplicity:1.00
0.001	0.001	0.880	0.118
0.791	0.144	0.001	0.064
0.249	0.001	0.745	0.005
0.591	0.064	0.344	0.001
0.997	0.001	0.001	0.001
0.060	0.183	0.065	0.692
0.076	0.340	0.328	0.256
0.329	0.001	0.476	0.194
0.001	0.997	0.001	0.001
0.185	0.011	0.005	0.799
0.124	0.001	0.059	0.816
0.065	0.129	0.795	0.011
>TATTTATTDATT	2-TATTTATTDATT	10.207306	-16.797582	0	T:54.0(3.70%),B:13.2(0.85%),P:1e-7	Tpos:36.8,Tstd:16.4,Bpos:40.6,Bstd:12.9,StrandBias:-0.6,Multiplicity:1.02
0.171	0.135	0.001	0.693
0.696	0.033	0.001	0.270
0.001	0.001	0.001	0.997
0.033	0.066	0.001	0.900
0.001	0.066	0.003	0.930
0.696	0.073	0.033	0.198
0.001	0.001	0.001	0.997
0.001	0.001	0.032	0.966
0.273	0.036	0.351	0.339
0.862	0.036	0.066	0.036
0.277	0.001	0.066	0.656
0.065	0.001	0.001	0.933
>WAAAAACAAWAA	3-WAAAAACAAWAA	11.152148	-14.176448	0	T:26.0(1.78%),B:2.1(0.14%),P:1e-6	Tpos:33.4,Tstd:18.4,Bpos:23.1,Bstd:12.7,StrandBias:0.4,Multiplicity:1.08
0.444	0.001	0.164	0.391
0.556	0.271	0.047	0.126
0.997	0.001	0.001	0.001
0.997	0.001	0.001	0.001
0.876	0.122	0.001	0.001
0.794	0.204	0.001	0.001
0.001	0.997	0.001	0.001
0.997	0.001	0.001	0.001
0.958	0.001	0.040	0.001
0.457	0.001	0.208	0.334
0.794	0.082	0.123	0.001
0.521	0.261	0.001	0.217
>TAAWATATATWT	4-TAAWATATATWT	11.405049	-10.128341	0	T:14.0(0.96%),B:0.6(0.04%),P:1e-4	Tpos:41.4,Tstd:18.5,Bpos:59.0,Bstd:0.0,StrandBias:-0.4,Multiplicity:1.36
0.350	0.028	0.052	0.570
0.728	0.046	0.046	0.180
0.706	0.018	0.055	0.221
0.536	0.009	0.055	0.400
0.780	0.001	0.073	0.146
0.305	0.009	0.001	0.685
0.917	0.009	0.037	0.037
0.128	0.018	0.009	0.845
0.826	0.001	0.009	0.164
0.174	0.018	0.001	0.807
0.423	0.009	0.018	0.550
0.009	0.001	0.082	0.908
>AGRADGRRGAGR	5-AGRADGRRGAGR	6.212762	-8.574346	0	T:227.0(15.54%),B:171.6(11.11%),P:1e-3	Tpos:36.8,Tstd:18.6,Bpos:37.6,Bstd:19.5,StrandBias:0.1,Multiplicity:1.17
0.468	0.002	0.307	0.224
0.382	0.005	0.608	0.005
0.444	0.008	0.540	0.008
0.485	0.126	0.219	0.170
0.316	0.054	0.382	0.247
0.408	0.006	0.575	0.011
0.391	0.145	0.314	0.151
0.440	0.005	0.345	0.210
0.366	0.067	0.562	0.005
0.524	0.033	0.170	0.273
0.348	0.006	0.587	0.059
0.414	0.109	0.473	0.005
