>TGGTATTTTG	1-TGGTATTTTG	9.884103	-18.282275	0	T:29.0(1.98%),B:2.0(0.13%),P:1e-7	Tpos:39.0,Tstd:20.3,Bpos:44.0,Bstd:0.0,StrandBias:-0.9,Multiplicity:1.00
0.001	0.001	0.052	0.946
0.001	0.001	0.894	0.104
0.001	0.052	0.895	0.052
0.001	0.052	0.001	0.946
0.997	0.001	0.001	0.001
0.001	0.052	0.052	0.895
0.052	0.001	0.052	0.895
0.052	0.001	0.001	0.946
0.001	0.001	0.001	0.997
0.105	0.053	0.631	0.211
>GAGCCAAGAT	2-GAGCCAAGAT	7.588914	-18.214364	0	T:64.0(4.38%),B:17.9(1.16%),P:1e-7	Tpos:38.6,Tstd:18.4,Bpos:41.6,Bstd:16.2,StrandBias:0.1,Multiplicity:1.03
0.238	0.001	0.469	0.293
0.910	0.001	0.088	0.001
0.058	0.028	0.913	0.001
0.172	0.559	0.091	0.178
0.246	0.565	0.001	0.188
0.886	0.001	0.112	0.001
0.970	0.001	0.028	0.001
0.147	0.001	0.735	0.117
0.494	0.158	0.089	0.260
0.275	0.028	0.001	0.696
>TCCCCATCTT	3-TCCCCATCTT	7.210413	-17.823191	0	T:80.0(5.48%),B:27.3(1.77%),P:1e-7	Tpos:40.2,Tstd:19.1,Bpos:40.5,Bstd:21.4,StrandBias:0.1,Multiplicity:1.04
0.026	0.069	0.001	0.904
0.022	0.799	0.088	0.091
0.115	0.724	0.044	0.117
0.001	0.725	0.001	0.273
0.090	0.844	0.001	0.065
0.637	0.066	0.088	0.209
0.088	0.110	0.202	0.600
0.001	0.731	0.244	0.024
0.067	0.092	0.022	0.819
0.066	0.027	0.024	0.883
>AATTGMTTGA	4-AATTGMTTGA	6.981550	-15.774223	0	T:92.0(6.30%),B:38.3(2.48%),P:1e-6	Tpos:40.6,Tstd:18.8,Bpos:34.8,Bstd:20.9,StrandBias:0.5,Multiplicity:1.03
0.640	0.031	0.255	0.074
0.751	0.043	0.016	0.190
0.059	0.044	0.064	0.833
0.154	0.073	0.234	0.539
0.096	0.168	0.600	0.136
0.337	0.436	0.030	0.197
0.050	0.030	0.073	0.847
0.060	0.014	0.030	0.896
0.108	0.058	0.774	0.060
0.920	0.007	0.043	0.030
>TGCCTCCTGA	5-TGCCTCCTGA	6.934639	-13.557558	0	T:92.0(6.30%),B:42.8(2.77%),P:1e-5	Tpos:35.8,Tstd:19.7,Bpos:36.3,Bstd:19.3,StrandBias:-0.3,Multiplicity:1.09
0.104	0.028	0.028	0.840
0.084	0.069	0.750	0.097
0.014	0.791	0.126	0.069
0.055	0.805	0.014	0.126
0.029	0.070	0.028	0.873
0.083	0.750	0.070	0.097
0.041	0.820	0.001	0.138
0.055	0.069	0.028	0.848
0.069	0.055	0.821	0.055
0.720	0.070	0.086	0.124
>GGAGGTGGAG	6-GGAGGTGGAG	6.876891	-12.808740	0	T:70.0(4.79%),B:28.6(1.85%),P:1e-5	Tpos:33.8,Tstd:18.8,Bpos:42.0,Bstd:22.9,StrandBias:0.0,Multiplicity:1.06
0.114	0.058	0.694	0.134
0.126	0.095	0.694	0.085
0.708	0.049	0.130	0.113
0.106	0.037	0.740	0.117
0.130	0.103	0.667	0.100
0.137	0.079	0.139	0.645
0.096	0.037	0.761	0.106
0.106	0.104	0.716	0.074
0.675	0.067	0.144	0.114
0.137	0.077	0.703	0.083
>CCCAGCCTGG	7-CCCAGCCTGG	9.277198	-12.218506	0	T:45.0(3.08%),B:13.8(0.89%),P:1e-5	Tpos:34.8,Tstd:18.4,Bpos:36.8,Bstd:17.8,StrandBias:0.0,Multiplicity:1.00
0.176	0.480	0.015	0.329
0.001	0.964	0.001	0.034
0.034	0.964	0.001	0.001
0.964	0.034	0.001	0.001
0.001	0.001	0.964	0.034
0.035	0.730	0.234	0.001
0.001	0.997	0.001	0.001
0.001	0.001	0.001	0.997
0.001	0.034	0.964	0.001
0.001	0.001	0.997	0.001
>TGTGTATATA	8-TGTGTATATA	8.022319	-11.915963	0	T:75.0(5.13%),B:33.2(2.15%),P:1e-5	Tpos:39.0,Tstd:18.1,Bpos:31.9,Bstd:17.7,StrandBias:-0.0,Multiplicity:1.06
0.025	0.001	0.001	0.973
0.053	0.130	0.684	0.133
0.001	0.001	0.059	0.939
0.271	0.026	0.650	0.053
0.028	0.001	0.001	0.970
0.550	0.105	0.131	0.214
0.001	0.130	0.026	0.843
0.658	0.052	0.052	0.238
0.003	0.029	0.003	0.965
0.815	0.026	0.156	0.003
>TTCTTTCCTT	9-TTCTTTCCTT	9.449760	-11.285024	0	T:48.0(3.29%),B:16.7(1.08%),P:1e-4	Tpos:36.9,Tstd:20.0,Bpos:32.9,Bstd:18.6,StrandBias:0.2,Multiplicity:1.25
0.001	0.001	0.001	0.997
0.001	0.339	0.001	0.659
0.217	0.587	0.001	0.195
0.064	0.156	0.001	0.779
0.001	0.001	0.063	0.935
0.001	0.001	0.001	0.997
0.128	0.783	0.001	0.088
0.064	0.661	0.001	0.274
0.001	0.001	0.001	0.997
0.001	0.001	0.001	0.997
>TGTTTAGTTT	10-TGTTTAGTTT	9.232703	-9.958144	0	T:24.0(1.64%),B:4.1(0.27%),P:1e-4	Tpos:41.9,Tstd:16.8,Bpos:60.6,Bstd:4.0,StrandBias:0.8,Multiplicity:1.14
0.062	0.001	0.062	0.875
0.062	0.062	0.875	0.001
0.001	0.001	0.001	0.997
0.001	0.001	0.061	0.937
0.001	0.124	0.062	0.813
0.685	0.001	0.062	0.252
0.001	0.001	0.937	0.061
0.001	0.061	0.001	0.937
0.001	0.001	0.001	0.997
0.001	0.001	0.001	0.997
>AAATAWATAT	11-AAATAWATAT	7.227163	-7.792918	0	T:211.0(14.44%),B:160.2(10.37%),P:1e-3	Tpos:37.3,Tstd:19.0,Bpos:34.9,Bstd:21.5,StrandBias:0.2,Multiplicity:1.22
0.506	0.116	0.089	0.289
0.765	0.001	0.001	0.233
0.867	0.001	0.131	0.001
0.283	0.092	0.161	0.464
0.838	0.057	0.104	0.001
0.444	0.001	0.011	0.544
0.997	0.001	0.001	0.001
0.193	0.005	0.065	0.737
0.711	0.046	0.104	0.139
0.147	0.001	0.001	0.851
