>GGGATAAT	1-GGGATAAT	6.387797	-19.084836	0	T:71.0(4.86%),B:20.1(1.30%),P:1e-8	Tpos:39.3,Tstd:18.7,Bpos:34.0,Bstd:17.7,StrandBias:0.1,Multiplicity:1.06
0.001	0.001	0.888	0.110
0.092	0.023	0.840	0.045
0.150	0.091	0.758	0.001
0.846	0.092	0.023	0.039
0.044	0.113	0.001	0.842
0.885	0.001	0.113	0.001
0.997	0.001	0.001	0.001
0.038	0.022	0.001	0.939
>ATCATAAA	2-ATCATAAA	6.458813	-18.347487	0	T:146.0(9.99%),B:72.4(4.69%),P:1e-7	Tpos:34.8,Tstd:18.1,Bpos:38.5,Bstd:19.4,StrandBias:0.2,Multiplicity:1.08
0.823	0.057	0.001	0.119
0.001	0.001	0.001	0.997
0.057	0.814	0.076	0.053
0.981	0.001	0.017	0.001
0.086	0.079	0.133	0.702
0.855	0.043	0.001	0.101
0.854	0.039	0.035	0.072
0.969	0.029	0.001	0.001
>TCTGATGC	3-TCTGATGC	7.708156	-14.593971	0	T:34.0(2.33%),B:5.5(0.35%),P:1e-6	Tpos:33.5,Tstd:20.3,Bpos:35.3,Bstd:16.6,StrandBias:-0.7,Multiplicity:1.00
0.001	0.001	0.078	0.920
0.001	0.761	0.237	0.001
0.257	0.160	0.089	0.494
0.098	0.001	0.900	0.001
0.664	0.001	0.001	0.334
0.001	0.001	0.001	0.997
0.158	0.001	0.840	0.001
0.001	0.750	0.079	0.170
>GACGCGGA	4-GACGCGGA	4.917546	-12.863515	0	T:24.0(1.64%),B:2.9(0.19%),P:1e-5	Tpos:32.3,Tstd:20.7,Bpos:52.2,Bstd:12.1,StrandBias:0.0,Multiplicity:1.00
0.122	0.135	0.635	0.108
0.724	0.109	0.072	0.095
0.133	0.555	0.161	0.151
0.127	0.134	0.565	0.174
0.156	0.534	0.162	0.148
0.166	0.087	0.611	0.136
0.134	0.106	0.719	0.041
0.660	0.097	0.127	0.116
>TCCTTWCC	5-TCCTTWCC	7.011597	-12.529559	0	T:26.0(1.78%),B:3.8(0.24%),P:1e-5	Tpos:33.0,Tstd:17.2,Bpos:35.4,Bstd:17.3,StrandBias:0.1,Multiplicity:1.12
0.001	0.001	0.001	0.997
0.056	0.887	0.056	0.001
0.001	0.997	0.001	0.001
0.001	0.001	0.419	0.579
0.001	0.001	0.001	0.997
0.530	0.001	0.001	0.468
0.001	0.997	0.001	0.001
0.001	0.997	0.001	0.001
