>TGGTATTTTG	1-TGGTATTTTG	9.884103	-18.282275	0	T:29.0(1.98%),B:2.0(0.13%),P:1e-7	Tpos:39.0,Tstd:20.3,Bpos:44.0,Bstd:0.0,StrandBias:-0.9,Multiplicity:1.00
0.001	0.001	0.052	0.946
0.001	0.001	0.894	0.104
0.001	0.052	0.895	0.052
0.001	0.052	0.001	0.946
0.997	0.001	0.001	0.001
0.001	0.052	0.052	0.895
0.052	0.001	0.052	0.895
0.052	0.001	0.001	0.946
0.001	0.001	0.001	0.997
0.105	0.053	0.631	0.211
>GAGCCAAGAT	2-GAGCCAAGAT	7.588914	-18.214364	0	T:64.0(4.38%),B:17.9(1.16%),P:1e-7	Tpos:38.6,Tstd:18.4,Bpos:41.6,Bstd:16.2,StrandBias:0.1,Multiplicity:1.03
0.238	0.001	0.469	0.293
0.910	0.001	0.088	0.001
0.058	0.028	0.913	0.001
0.172	0.559	0.091	0.178
0.246	0.565	0.001	0.188
0.886	0.001	0.112	0.001
0.970	0.001	0.028	0.001
0.147	0.001	0.735	0.117
0.494	0.158	0.089	0.260
0.275	0.028	0.001	0.696
>TCCCCATCTT	3-TCCCCATCTT	7.210413	-17.823191	0	T:80.0(5.48%),B:27.3(1.77%),P:1e-7	Tpos:40.2,Tstd:19.1,Bpos:40.5,Bstd:21.4,StrandBias:0.1,Multiplicity:1.04
0.026	0.069	0.001	0.904
0.022	0.799	0.088	0.091
0.115	0.724	0.044	0.117
0.001	0.725	0.001	0.273
0.090	0.844	0.001	0.065
0.637	0.066	0.088	0.209
0.088	0.110	0.202	0.600
0.001	0.731	0.244	0.024
0.067	0.092	0.022	0.819
0.066	0.027	0.024	0.883
>AATTGMTTGA	4-AATTGMTTGA	6.981550	-15.774223	0	T:92.0(6.30%),B:38.3(2.48%),P:1e-6	Tpos:40.6,Tstd:18.8,Bpos:34.8,Bstd:20.9,StrandBias:0.5,Multiplicity:1.03
0.640	0.031	0.255	0.074
0.751	0.043	0.016	0.190
0.059	0.044	0.064	0.833
0.154	0.073	0.234	0.539
0.096	0.168	0.600	0.136
0.337	0.436	0.030	0.197
0.050	0.030	0.073	0.847
0.060	0.014	0.030	0.896
0.108	0.058	0.774	0.060
0.920	0.007	0.043	0.030
>TGCCTCCTGA	5-TGCCTCCTGA	6.934639	-13.557558	0	T:92.0(6.30%),B:42.8(2.77%),P:1e-5	Tpos:35.8,Tstd:19.7,Bpos:36.3,Bstd:19.3,StrandBias:-0.3,Multiplicity:1.09
0.104	0.028	0.028	0.840
0.084	0.069	0.750	0.097
0.014	0.791	0.126	0.069
0.055	0.805	0.014	0.126
0.029	0.070	0.028	0.873
0.083	0.750	0.070	0.097
0.041	0.820	0.001	0.138
0.055	0.069	0.028	0.848
0.069	0.055	0.821	0.055
0.720	0.070	0.086	0.124
>GGAGGTGGAG	6-GGAGGTGGAG	6.876891	-12.808740	0	T:70.0(4.79%),B:28.6(1.85%),P:1e-5	Tpos:33.8,Tstd:18.8,Bpos:42.0,Bstd:22.9,StrandBias:0.0,Multiplicity:1.06
0.114	0.058	0.694	0.134
0.126	0.095	0.694	0.085
0.708	0.049	0.130	0.113
0.106	0.037	0.740	0.117
0.130	0.103	0.667	0.100
0.137	0.079	0.139	0.645
0.096	0.037	0.761	0.106
0.106	0.104	0.716	0.074
0.675	0.067	0.144	0.114
0.137	0.077	0.703	0.083
>CCCAGCCTGG	7-CCCAGCCTGG	9.277198	-12.218506	0	T:45.0(3.08%),B:13.8(0.89%),P:1e-5	Tpos:34.8,Tstd:18.4,Bpos:36.8,Bstd:17.8,StrandBias:0.0,Multiplicity:1.00
0.176	0.480	0.015	0.329
0.001	0.964	0.001	0.034
0.034	0.964	0.001	0.001
0.964	0.034	0.001	0.001
0.001	0.001	0.964	0.034
0.035	0.730	0.234	0.001
0.001	0.997	0.001	0.001
0.001	0.001	0.001	0.997
0.001	0.034	0.964	0.001
0.001	0.001	0.997	0.001
>TGTGTATATA	8-TGTGTATATA	8.022319	-11.915963	0	T:75.0(5.13%),B:33.2(2.15%),P:1e-5	Tpos:39.0,Tstd:18.1,Bpos:31.9,Bstd:17.7,StrandBias:-0.0,Multiplicity:1.06
0.025	0.001	0.001	0.973
0.053	0.130	0.684	0.133
0.001	0.001	0.059	0.939
0.271	0.026	0.650	0.053
0.028	0.001	0.001	0.970
0.550	0.105	0.131	0.214
0.001	0.130	0.026	0.843
0.658	0.052	0.052	0.238
0.003	0.029	0.003	0.965
0.815	0.026	0.156	0.003
>TTCTTTCCTT	9-TTCTTTCCTT	9.449760	-11.285024	0	T:48.0(3.29%),B:16.7(1.08%),P:1e-4	Tpos:36.9,Tstd:20.0,Bpos:32.9,Bstd:18.6,StrandBias:0.2,Multiplicity:1.25
0.001	0.001	0.001	0.997
0.001	0.339	0.001	0.659
0.217	0.587	0.001	0.195
0.064	0.156	0.001	0.779
0.001	0.001	0.063	0.935
0.001	0.001	0.001	0.997
0.128	0.783	0.001	0.088
0.064	0.661	0.001	0.274
0.001	0.001	0.001	0.997
0.001	0.001	0.001	0.997
>TGTTTAGTTT	10-TGTTTAGTTT	9.232703	-9.958144	0	T:24.0(1.64%),B:4.1(0.27%),P:1e-4	Tpos:41.9,Tstd:16.8,Bpos:60.6,Bstd:4.0,StrandBias:0.8,Multiplicity:1.14
0.062	0.001	0.062	0.875
0.062	0.062	0.875	0.001
0.001	0.001	0.001	0.997
0.001	0.001	0.061	0.937
0.001	0.124	0.062	0.813
0.685	0.001	0.062	0.252
0.001	0.001	0.937	0.061
0.001	0.061	0.001	0.937
0.001	0.001	0.001	0.997
0.001	0.001	0.001	0.997
>AAATAWATAT	11-AAATAWATAT	7.227163	-7.792918	0	T:211.0(14.44%),B:160.2(10.37%),P:1e-3	Tpos:37.3,Tstd:19.0,Bpos:34.9,Bstd:21.5,StrandBias:0.2,Multiplicity:1.22
0.506	0.116	0.089	0.289
0.765	0.001	0.001	0.233
0.867	0.001	0.131	0.001
0.283	0.092	0.161	0.464
0.838	0.057	0.104	0.001
0.444	0.001	0.011	0.544
0.997	0.001	0.001	0.001
0.193	0.005	0.065	0.737
0.711	0.046	0.104	0.139
0.147	0.001	0.001	0.851
>GAGAATBRCTTG	1-GAGAATBRCTTG	8.504668	-18.989684	0	T:60.0(4.11%),B:14.7(0.95%),P:1e-8	Tpos:41.7,Tstd:17.9,Bpos:38.3,Bstd:20.8,StrandBias:-0.1,Multiplicity:1.00
0.001	0.001	0.880	0.118
0.791	0.144	0.001	0.064
0.249	0.001	0.745	0.005
0.591	0.064	0.344	0.001
0.997	0.001	0.001	0.001
0.060	0.183	0.065	0.692
0.076	0.340	0.328	0.256
0.329	0.001	0.476	0.194
0.001	0.997	0.001	0.001
0.185	0.011	0.005	0.799
0.124	0.001	0.059	0.816
0.065	0.129	0.795	0.011
>TATTTATTDATT	2-TATTTATTDATT	10.207306	-16.797582	0	T:54.0(3.70%),B:13.2(0.85%),P:1e-7	Tpos:36.8,Tstd:16.4,Bpos:40.6,Bstd:12.9,StrandBias:-0.6,Multiplicity:1.02
0.171	0.135	0.001	0.693
0.696	0.033	0.001	0.270
0.001	0.001	0.001	0.997
0.033	0.066	0.001	0.900
0.001	0.066	0.003	0.930
0.696	0.073	0.033	0.198
0.001	0.001	0.001	0.997
0.001	0.001	0.032	0.966
0.273	0.036	0.351	0.339
0.862	0.036	0.066	0.036
0.277	0.001	0.066	0.656
0.065	0.001	0.001	0.933
>WAAAAACAAWAA	3-WAAAAACAAWAA	11.152148	-14.176448	0	T:26.0(1.78%),B:2.1(0.14%),P:1e-6	Tpos:33.4,Tstd:18.4,Bpos:23.1,Bstd:12.7,StrandBias:0.4,Multiplicity:1.08
0.444	0.001	0.164	0.391
0.556	0.271	0.047	0.126
0.997	0.001	0.001	0.001
0.997	0.001	0.001	0.001
0.876	0.122	0.001	0.001
0.794	0.204	0.001	0.001
0.001	0.997	0.001	0.001
0.997	0.001	0.001	0.001
0.958	0.001	0.040	0.001
0.457	0.001	0.208	0.334
0.794	0.082	0.123	0.001
0.521	0.261	0.001	0.217
>TAAWATATATWT	4-TAAWATATATWT	11.405049	-10.128341	0	T:14.0(0.96%),B:0.6(0.04%),P:1e-4	Tpos:41.4,Tstd:18.5,Bpos:59.0,Bstd:0.0,StrandBias:-0.4,Multiplicity:1.36
0.350	0.028	0.052	0.570
0.728	0.046	0.046	0.180
0.706	0.018	0.055	0.221
0.536	0.009	0.055	0.400
0.780	0.001	0.073	0.146
0.305	0.009	0.001	0.685
0.917	0.009	0.037	0.037
0.128	0.018	0.009	0.845
0.826	0.001	0.009	0.164
0.174	0.018	0.001	0.807
0.423	0.009	0.018	0.550
0.009	0.001	0.082	0.908
>AGRADGRRGAGR	5-AGRADGRRGAGR	6.212762	-8.574346	0	T:227.0(15.54%),B:171.6(11.11%),P:1e-3	Tpos:36.8,Tstd:18.6,Bpos:37.6,Bstd:19.5,StrandBias:0.1,Multiplicity:1.17
0.468	0.002	0.307	0.224
0.382	0.005	0.608	0.005
0.444	0.008	0.540	0.008
0.485	0.126	0.219	0.170
0.316	0.054	0.382	0.247
0.408	0.006	0.575	0.011
0.391	0.145	0.314	0.151
0.440	0.005	0.345	0.210
0.366	0.067	0.562	0.005
0.524	0.033	0.170	0.273
0.348	0.006	0.587	0.059
0.414	0.109	0.473	0.005
>GGGATAAT	1-GGGATAAT	6.387797	-19.084836	0	T:71.0(4.86%),B:20.1(1.30%),P:1e-8	Tpos:39.3,Tstd:18.7,Bpos:34.0,Bstd:17.7,StrandBias:0.1,Multiplicity:1.06
0.001	0.001	0.888	0.110
0.092	0.023	0.840	0.045
0.150	0.091	0.758	0.001
0.846	0.092	0.023	0.039
0.044	0.113	0.001	0.842
0.885	0.001	0.113	0.001
0.997	0.001	0.001	0.001
0.038	0.022	0.001	0.939
>ATCATAAA	2-ATCATAAA	6.458813	-18.347487	0	T:146.0(9.99%),B:72.4(4.69%),P:1e-7	Tpos:34.8,Tstd:18.1,Bpos:38.5,Bstd:19.4,StrandBias:0.2,Multiplicity:1.08
0.823	0.057	0.001	0.119
0.001	0.001	0.001	0.997
0.057	0.814	0.076	0.053
0.981	0.001	0.017	0.001
0.086	0.079	0.133	0.702
0.855	0.043	0.001	0.101
0.854	0.039	0.035	0.072
0.969	0.029	0.001	0.001
>TCTGATGC	3-TCTGATGC	7.708156	-14.593971	0	T:34.0(2.33%),B:5.5(0.35%),P:1e-6	Tpos:33.5,Tstd:20.3,Bpos:35.3,Bstd:16.6,StrandBias:-0.7,Multiplicity:1.00
0.001	0.001	0.078	0.920
0.001	0.761	0.237	0.001
0.257	0.160	0.089	0.494
0.098	0.001	0.900	0.001
0.664	0.001	0.001	0.334
0.001	0.001	0.001	0.997
0.158	0.001	0.840	0.001
0.001	0.750	0.079	0.170
>GACGCGGA	4-GACGCGGA	4.917546	-12.863515	0	T:24.0(1.64%),B:2.9(0.19%),P:1e-5	Tpos:32.3,Tstd:20.7,Bpos:52.2,Bstd:12.1,StrandBias:0.0,Multiplicity:1.00
0.122	0.135	0.635	0.108
0.724	0.109	0.072	0.095
0.133	0.555	0.161	0.151
0.127	0.134	0.565	0.174
0.156	0.534	0.162	0.148
0.166	0.087	0.611	0.136
0.134	0.106	0.719	0.041
0.660	0.097	0.127	0.116
>TCCTTWCC	5-TCCTTWCC	7.011597	-12.529559	0	T:26.0(1.78%),B:3.8(0.24%),P:1e-5	Tpos:33.0,Tstd:17.2,Bpos:35.4,Bstd:17.3,StrandBias:0.1,Multiplicity:1.12
0.001	0.001	0.001	0.997
0.056	0.887	0.056	0.001
0.001	0.997	0.001	0.001
0.001	0.001	0.419	0.579
0.001	0.001	0.001	0.997
0.530	0.001	0.001	0.468
0.001	0.997	0.001	0.001
0.001	0.997	0.001	0.001
