>GGGCATGGTG	1-GGGCATGGTG	6.893089	-40.987137	0	T:207.0(5.42%),B:72.9(1.83%),P:1e-17	Tpos:35.8,Tstd:18.1,Bpos:41.8,Bstd:19.5,StrandBias:-0.0,Multiplicity:1.05
0.057	0.012	0.866	0.065
0.045	0.016	0.850	0.089
0.081	0.060	0.802	0.057
0.024	0.816	0.049	0.111
0.621	0.143	0.133	0.103
0.097	0.127	0.102	0.674
0.090	0.024	0.874	0.012
0.073	0.024	0.862	0.041
0.097	0.032	0.065	0.806
0.057	0.076	0.843	0.024
>GGCTGAGGCT	2-GGCTGAGGCT	7.885886	-38.796238	0	T:176.0(4.61%),B:56.4(1.41%),P:1e-16	Tpos:37.4,Tstd:18.3,Bpos:41.8,Bstd:18.1,StrandBias:0.2,Multiplicity:1.03
0.001	0.001	0.675	0.323
0.051	0.116	0.832	0.001
0.132	0.789	0.043	0.036
0.160	0.001	0.021	0.818
0.001	0.094	0.752	0.153
0.870	0.001	0.086	0.043
0.173	0.001	0.805	0.021
0.001	0.148	0.850	0.001
0.094	0.732	0.021	0.153
0.229	0.042	0.001	0.728
>TTTDHATTTT	3-TTTDHATTTT	7.938643	-28.526525	0	T:504.0(13.20%),B:328.0(8.22%),P:1e-12	Tpos:36.8,Tstd:19.6,Bpos:36.5,Bstd:18.2,StrandBias:-0.1,Multiplicity:1.17
0.001	0.001	0.001	0.997
0.307	0.001	0.195	0.498
0.001	0.001	0.001	0.997
0.298	0.001	0.347	0.355
0.345	0.266	0.001	0.388
0.610	0.001	0.388	0.001
0.001	0.309	0.001	0.689
0.287	0.001	0.001	0.711
0.001	0.001	0.001	0.997
0.001	0.290	0.001	0.708
>TTTCTTCCWG	4-TTTCTTCCWG	9.548847	-23.508760	0	T:83.0(2.17%),B:22.0(0.55%),P:1e-10	Tpos:38.9,Tstd:19.3,Bpos:32.7,Bstd:22.6,StrandBias:0.2,Multiplicity:1.00
0.001	0.001	0.001	0.997
0.001	0.001	0.130	0.868
0.086	0.001	0.001	0.912
0.160	0.838	0.001	0.001
0.001	0.001	0.001	0.997
0.001	0.001	0.001	0.997
0.001	0.639	0.131	0.229
0.001	0.802	0.001	0.196
0.432	0.001	0.001	0.566
0.001	0.254	0.744	0.001
>AGTAGCTGGG	5-AGTAGCTGGG	7.327648	-22.833431	0	T:114.0(2.99%),B:40.3(1.01%),P:1e-9	Tpos:38.9,Tstd:19.7,Bpos:33.6,Bstd:17.9,StrandBias:0.2,Multiplicity:1.05
0.976	0.001	0.001	0.022
0.045	0.001	0.859	0.095
0.001	0.001	0.001	0.997
0.954	0.001	0.023	0.022
0.068	0.001	0.909	0.022
0.001	0.976	0.001	0.022
0.022	0.001	0.001	0.976
0.001	0.001	0.997	0.001
0.001	0.001	0.976	0.022
0.170	0.001	0.807	0.022
>AGAGTCTATG	6-AGAGTCTATG	7.196377	-21.389216	0	T:91.0(2.38%),B:29.0(0.73%),P:1e-9	Tpos:40.4,Tstd:19.4,Bpos:35.6,Bstd:16.5,StrandBias:0.2,Multiplicity:1.00
0.802	0.021	0.052	0.125
0.073	0.031	0.834	0.062
0.842	0.021	0.084	0.053
0.043	0.052	0.822	0.083
0.063	0.083	0.073	0.781
0.073	0.780	0.043	0.104
0.032	0.094	0.022	0.852
0.771	0.042	0.094	0.093
0.114	0.001	0.125	0.760
0.084	0.062	0.771	0.083
>TTTGAAAATA	7-TTTGAAAATA	7.666010	-20.030241	0	T:93.0(2.44%),B:31.3(0.79%),P:1e-8	Tpos:33.4,Tstd:18.3,Bpos:40.0,Bstd:17.6,StrandBias:-0.1,Multiplicity:1.02
0.155	0.110	0.181	0.554
0.040	0.055	0.188	0.717
0.236	0.008	0.044	0.712
0.264	0.043	0.634	0.059
0.412	0.183	0.238	0.168
0.772	0.044	0.034	0.150
0.717	0.042	0.184	0.057
0.652	0.166	0.162	0.020
0.073	0.210	0.030	0.687
0.572	0.036	0.162	0.230
>ACTTAGAATA	8-ACTTAGAATA	7.746230	-19.589025	0	T:92.0(2.41%),B:31.9(0.80%),P:1e-8	Tpos:38.5,Tstd:18.9,Bpos:37.1,Bstd:19.6,StrandBias:0.7,Multiplicity:1.04
0.794	0.085	0.056	0.065
0.116	0.774	0.055	0.055
0.104	0.056	0.026	0.814
0.069	0.086	0.047	0.798
0.868	0.012	0.090	0.030
0.150	0.030	0.778	0.042
0.807	0.073	0.042	0.078
0.834	0.055	0.043	0.068
0.076	0.112	0.135	0.677
0.870	0.043	0.039	0.048
>CRCCTGTAAT	9-CRCCTGTAAT	8.389610	-18.049597	0	T:150.0(3.93%),B:73.9(1.85%),P:1e-7	Tpos:35.0,Tstd:19.5,Bpos:37.9,Bstd:19.5,StrandBias:-0.2,Multiplicity:1.00
0.111	0.583	0.001	0.305
0.466	0.001	0.413	0.120
0.001	0.706	0.176	0.117
0.001	0.997	0.001	0.001
0.165	0.163	0.001	0.671
0.001	0.001	0.997	0.001
0.114	0.288	0.001	0.597
0.997	0.001	0.001	0.001
0.523	0.227	0.249	0.001
0.001	0.110	0.001	0.888
>TGTTTGCTGG	10-TGTTTGCTGG	9.633299	-17.254787	0	T:31.0(0.81%),B:2.9(0.07%),P:1e-7	Tpos:40.0,Tstd:19.5,Bpos:39.2,Bstd:17.2,StrandBias:1.1,Multiplicity:1.07
0.041	0.041	0.001	0.917
0.083	0.001	0.875	0.041
0.001	0.083	0.041	0.875
0.042	0.042	0.042	0.874
0.001	0.001	0.041	0.957
0.001	0.041	0.833	0.125
0.041	0.833	0.001	0.125
0.001	0.001	0.001	0.997
0.041	0.001	0.957	0.001
0.124	0.001	0.874	0.001
>ACTCCCTACC	11-ACTCCCTACC	8.436912	-17.119910	0	T:41.0(1.07%),B:6.2(0.16%),P:1e-7	Tpos:34.6,Tstd:20.3,Bpos:35.5,Bstd:17.0,StrandBias:-0.1,Multiplicity:1.00
0.662	0.195	0.001	0.142
0.001	0.948	0.013	0.038
0.065	0.077	0.026	0.832
0.066	0.817	0.052	0.065
0.079	0.816	0.026	0.079
0.052	0.856	0.039	0.053
0.066	0.066	0.041	0.827
0.583	0.311	0.066	0.040
0.066	0.805	0.077	0.052
0.065	0.870	0.001	0.064
>TCMAGGCTGK	12-TCMAGGCTGK	7.944420	-16.469263	0	T:177.0(4.64%),B:97.9(2.45%),P:1e-7	Tpos:35.9,Tstd:19.2,Bpos:36.8,Bstd:19.8,StrandBias:0.2,Multiplicity:1.02
0.001	0.234	0.173	0.592
0.001	0.833	0.165	0.001
0.481	0.497	0.020	0.001
0.936	0.001	0.062	0.001
0.324	0.001	0.674	0.001
0.001	0.327	0.589	0.083
0.020	0.854	0.001	0.125
0.294	0.001	0.001	0.704
0.001	0.001	0.958	0.040
0.084	0.041	0.486	0.389
>AGTCATGGGA	13-AGTCATGGGA	9.260803	-16.120076	0	T:37.0(0.97%),B:5.2(0.13%),P:1e-7	Tpos:30.5,Tstd:17.6,Bpos:30.7,Bstd:19.6,StrandBias:0.2,Multiplicity:1.03
0.997	0.001	0.001	0.001
0.092	0.001	0.906	0.001
0.012	0.012	0.161	0.815
0.326	0.590	0.083	0.001
0.987	0.001	0.001	0.011
0.001	0.001	0.253	0.745
0.001	0.001	0.662	0.336
0.001	0.001	0.745	0.253
0.001	0.092	0.906	0.001
0.738	0.260	0.001	0.001
>CTGAATACTT	14-CTGAATACTT	8.455713	-15.939076	0	T:29.0(0.76%),B:3.0(0.07%),P:1e-6	Tpos:38.0,Tstd:19.2,Bpos:25.0,Bstd:0.0,StrandBias:0.6,Multiplicity:1.00
0.233	0.507	0.117	0.143
0.001	0.001	0.001	0.997
0.010	0.146	0.832	0.012
0.556	0.164	0.001	0.279
0.545	0.186	0.030	0.239
0.205	0.202	0.010	0.583
0.534	0.183	0.111	0.172
0.020	0.798	0.165	0.017
0.001	0.001	0.125	0.873
0.001	0.185	0.009	0.805
>ATGAGATCTC	15-ATGAGATCTC	7.969228	-15.040596	0	T:55.0(1.44%),B:15.6(0.39%),P:1e-6	Tpos:38.0,Tstd:19.1,Bpos:38.1,Bstd:19.0,StrandBias:0.4,Multiplicity:1.06
0.744	0.105	0.125	0.026
0.088	0.042	0.037	0.833
0.079	0.050	0.816	0.055
0.795	0.021	0.083	0.101
0.093	0.083	0.773	0.051
0.786	0.029	0.038	0.147
0.114	0.076	0.067	0.743
0.041	0.832	0.034	0.093
0.146	0.043	0.009	0.802
0.021	0.886	0.069	0.024
>AAACAAACAA	16-AAACAAACAA	10.212614	-14.117226	0	T:40.0(1.05%),B:8.7(0.22%),P:1e-6	Tpos:39.7,Tstd:16.8,Bpos:56.7,Bstd:15.3,StrandBias:0.2,Multiplicity:1.00
0.960	0.001	0.038	0.001
0.960	0.001	0.038	0.001
0.921	0.039	0.001	0.039
0.001	0.997	0.001	0.001
0.997	0.001	0.001	0.001
0.882	0.001	0.116	0.001
0.960	0.001	0.001	0.038
0.001	0.997	0.001	0.001
0.960	0.001	0.001	0.038
0.960	0.038	0.001	0.001
>ARGRAAAGAA	17-ARGRAAAGAA	8.430843	-13.885380	0	T:232.0(6.08%),B:149.8(3.75%),P:1e-6	Tpos:38.5,Tstd:19.3,Bpos:35.8,Bstd:20.3,StrandBias:0.5,Multiplicity:1.19
0.922	0.001	0.047	0.030
0.563	0.001	0.435	0.001
0.346	0.001	0.652	0.001
0.367	0.001	0.510	0.122
0.997	0.001	0.001	0.001
0.899	0.099	0.001	0.001
0.630	0.001	0.311	0.058
0.039	0.001	0.822	0.138
0.691	0.001	0.248	0.060
0.997	0.001	0.001	0.001
>TGCTGGGTTC	18-TGCTGGGTTC	8.472127	-13.588481	0	T:70.0(1.83%),B:26.3(0.66%),P:1e-5	Tpos:32.6,Tstd:17.8,Bpos:35.6,Bstd:19.2,StrandBias:-0.3,Multiplicity:1.01
0.035	0.024	0.179	0.762
0.024	0.280	0.539	0.157
0.024	0.689	0.263	0.024
0.100	0.156	0.001	0.743
0.123	0.001	0.750	0.126
0.140	0.149	0.710	0.001
0.135	0.188	0.553	0.124
0.048	0.001	0.126	0.825
0.001	0.032	0.049	0.918
0.001	0.949	0.001	0.049
>CTCATGCCHG	19-CTCATGCCHG	8.685569	-13.582596	0	T:28.0(0.73%),B:3.2(0.08%),P:1e-5	Tpos:26.9,Tstd:13.9,Bpos:34.4,Bstd:4.4,StrandBias:-0.3,Multiplicity:1.00
0.022	0.765	0.067	0.146
0.022	0.179	0.001	0.798
0.101	0.798	0.067	0.034
0.632	0.235	0.011	0.122
0.045	0.112	0.236	0.607
0.045	0.180	0.696	0.079
0.089	0.778	0.055	0.078
0.022	0.845	0.022	0.111
0.256	0.391	0.001	0.352
0.135	0.157	0.663	0.045
>GGGCGGGGMG	20-GGGCGGGGMG	8.061518	-13.038515	0	T:36.0(0.94%),B:7.8(0.20%),P:1e-5	Tpos:38.5,Tstd:20.1,Bpos:47.6,Bstd:20.9,StrandBias:0.4,Multiplicity:1.32
0.066	0.001	0.932	0.001
0.001	0.001	0.932	0.066
0.001	0.001	0.997	0.001
0.001	0.799	0.001	0.199
0.001	0.066	0.866	0.067
0.001	0.001	0.997	0.001
0.001	0.001	0.997	0.001
0.001	0.001	0.997	0.001
0.534	0.399	0.066	0.001
0.001	0.001	0.997	0.001
>GGTGGCTCAC	21-GGTGGCTCAC	9.213070	-12.990492	0	T:67.0(1.76%),B:25.9(0.65%),P:1e-5	Tpos:35.2,Tstd:21.0,Bpos:28.5,Bstd:23.7,StrandBias:-0.9,Multiplicity:1.02
0.256	0.001	0.742	0.001
0.001	0.080	0.918	0.001
0.001	0.001	0.080	0.918
0.001	0.001	0.997	0.001
0.001	0.001	0.997	0.001
0.272	0.680	0.001	0.047
0.080	0.001	0.080	0.839
0.001	0.918	0.001	0.080
0.918	0.080	0.001	0.001
0.080	0.839	0.080	0.001
>GTGTGTGTAT	22-GTGTGTGTAT	7.659853	-8.198773	0	T:75.0(1.96%),B:40.1(1.00%),P:1e-3	Tpos:42.6,Tstd:17.3,Bpos:34.5,Bstd:18.8,StrandBias:-0.5,Multiplicity:1.13
0.107	0.086	0.760	0.047
0.051	0.047	0.024	0.878
0.064	0.079	0.786	0.071
0.071	0.039	0.073	0.817
0.079	0.102	0.742	0.077
0.058	0.032	0.032	0.878
0.093	0.087	0.702	0.118
0.032	0.079	0.062	0.827
0.786	0.063	0.092	0.059
0.035	0.063	0.067	0.835
>CCACCMTGCCCH	1-CCACCMTGCCCH	8.282087	-32.854537	0	T:148.0(3.88%),B:47.4(1.19%),P:1e-14	Tpos:34.7,Tstd:16.9,Bpos:41.2,Bstd:21.3,StrandBias:0.1,Multiplicity:1.00
0.069	0.819	0.001	0.111
0.001	0.997	0.001	0.001
0.757	0.061	0.001	0.181
0.060	0.722	0.089	0.129
0.001	0.790	0.001	0.208
0.354	0.358	0.122	0.165
0.131	0.270	0.132	0.468
0.338	0.009	0.523	0.130
0.052	0.616	0.193	0.139
0.060	0.698	0.034	0.208
0.052	0.757	0.001	0.190
0.306	0.270	0.105	0.319
>GGCTGARGCAGG	2-GGCTGARGCAGG	8.096903	-32.445191	0	T:202.0(5.29%),B:82.6(2.07%),P:1e-14	Tpos:38.8,Tstd:17.8,Bpos:36.1,Bstd:19.7,StrandBias:0.2,Multiplicity:1.03
0.076	0.001	0.910	0.013
0.129	0.064	0.769	0.038
0.191	0.553	0.166	0.090
0.218	0.001	0.178	0.603
0.050	0.012	0.937	0.001
0.604	0.013	0.382	0.001
0.500	0.001	0.498	0.001
0.318	0.025	0.619	0.038
0.001	0.642	0.356	0.001
0.690	0.001	0.012	0.297
0.089	0.013	0.835	0.063
0.114	0.025	0.848	0.013
>ATATATAAATAA	3-ATATATAAATAA	9.894177	-28.991500	0	T:121.0(3.17%),B:36.6(0.92%),P:1e-12	Tpos:36.1,Tstd:17.0,Bpos:37.9,Bstd:16.2,StrandBias:-0.2,Multiplicity:1.11
0.952	0.016	0.016	0.016
0.331	0.048	0.017	0.604
0.715	0.048	0.016	0.221
0.223	0.094	0.031	0.652
0.826	0.001	0.125	0.048
0.286	0.062	0.048	0.604
0.952	0.001	0.016	0.031
0.905	0.031	0.001	0.063
0.952	0.046	0.001	0.001
0.031	0.063	0.032	0.874
0.747	0.016	0.078	0.159
0.873	0.031	0.016	0.080
>AGTAGCTGKGAT	4-AGTAGCTGKGAT	9.520391	-27.067748	0	T:110.0(2.88%),B:32.3(0.81%),P:1e-11	Tpos:36.4,Tstd:19.1,Bpos:33.4,Bstd:18.0,StrandBias:0.4,Multiplicity:1.01
0.737	0.001	0.261	0.001
0.343	0.001	0.655	0.001
0.001	0.262	0.001	0.736
0.646	0.001	0.091	0.262
0.082	0.001	0.907	0.010
0.161	0.737	0.101	0.001
0.090	0.001	0.001	0.908
0.001	0.001	0.918	0.080
0.001	0.001	0.504	0.494
0.086	0.001	0.903	0.010
0.989	0.009	0.001	0.001
0.001	0.199	0.262	0.538
>TTTTGTKTTTTT	5-TTTTGTKTTTTT	11.714727	-23.854095	0	T:98.0(2.57%),B:29.3(0.73%),P:1e-10	Tpos:39.2,Tstd:18.9,Bpos:31.3,Bstd:13.7,StrandBias:0.1,Multiplicity:1.08
0.198	0.133	0.080	0.589
0.001	0.001	0.001	0.997
0.001	0.001	0.001	0.997
0.032	0.001	0.001	0.966
0.066	0.151	0.742	0.041
0.001	0.001	0.001	0.997
0.121	0.099	0.379	0.401
0.032	0.001	0.001	0.966
0.001	0.033	0.033	0.933
0.001	0.001	0.001	0.997
0.001	0.032	0.001	0.966
0.099	0.001	0.165	0.735
>GAATCTCTGGAA	6-GAATCTCTGGAA	11.116578	-17.369077	0	T:34.0(0.89%),B:4.0(0.10%),P:1e-7	Tpos:35.4,Tstd:17.6,Bpos:46.1,Bstd:14.1,StrandBias:0.7,Multiplicity:1.00
0.147	0.001	0.823	0.029
0.682	0.316	0.001	0.001
0.807	0.135	0.029	0.029
0.001	0.058	0.001	0.940
0.001	0.997	0.001	0.001
0.135	0.177	0.001	0.687
0.001	0.728	0.270	0.001
0.001	0.135	0.001	0.863
0.001	0.001	0.646	0.352
0.135	0.001	0.863	0.001
0.997	0.001	0.001	0.001
0.997	0.001	0.001	0.001
>GAAAAGAAAACA	7-GAAAAGAAAACA	11.868692	-17.213491	0	T:24.0(0.63%),B:0.9(0.02%),P:1e-7	Tpos:43.3,Tstd:17.6,Bpos:66.0,Bstd:0.0,StrandBias:1.3,Multiplicity:1.00
0.001	0.001	0.997	0.001
0.784	0.214	0.001	0.001
0.762	0.215	0.022	0.001
0.703	0.295	0.001	0.001
0.890	0.001	0.001	0.108
0.001	0.001	0.997	0.001
0.997	0.001	0.001	0.001
0.675	0.001	0.109	0.215
0.677	0.001	0.321	0.001
0.677	0.001	0.001	0.321
0.001	0.979	0.019	0.001
0.662	0.315	0.001	0.022
>CATTTTTTCATA	8-CATTTTTTCATA	11.610376	-16.494713	0	T:23.0(0.60%),B:1.0(0.02%),P:1e-7	Tpos:34.5,Tstd:16.3,Bpos:53.0,Bstd:0.0,StrandBias:0.6,Multiplicity:1.00
0.194	0.804	0.001	0.001
0.997	0.001	0.001	0.001
0.001	0.064	0.001	0.934
0.001	0.140	0.001	0.858
0.065	0.065	0.065	0.805
0.010	0.065	0.001	0.924
0.001	0.324	0.001	0.674
0.001	0.001	0.010	0.988
0.001	0.804	0.130	0.065
0.862	0.001	0.001	0.136
0.001	0.001	0.010	0.988
0.773	0.065	0.032	0.130
>GTAGAGATGGGG	9-GTAGAGATGGGG	10.265788	-16.373137	0	T:54.0(1.41%),B:13.7(0.34%),P:1e-7	Tpos:39.1,Tstd:17.4,Bpos:47.3,Bstd:15.9,StrandBias:0.3,Multiplicity:1.00
0.172	0.001	0.712	0.115
0.001	0.001	0.057	0.941
0.932	0.001	0.066	0.001
0.057	0.001	0.941	0.001
0.997	0.001	0.001	0.001
0.061	0.001	0.937	0.001
0.826	0.001	0.172	0.001
0.001	0.159	0.057	0.783
0.004	0.001	0.994	0.001
0.119	0.001	0.879	0.001
0.062	0.001	0.880	0.057
0.292	0.001	0.477	0.230
>CTTTCTCTCTTT	10-CTTTCTCTCTTT	9.447188	-16.271410	0	T:124.0(3.25%),B:58.7(1.47%),P:1e-7	Tpos:36.7,Tstd:18.1,Bpos:39.8,Bstd:18.5,StrandBias:-0.6,Multiplicity:1.07
0.045	0.781	0.021	0.153
0.085	0.001	0.063	0.851
0.001	0.063	0.106	0.830
0.021	0.042	0.063	0.874
0.045	0.783	0.086	0.086
0.042	0.087	0.001	0.870
0.042	0.701	0.042	0.215
0.042	0.022	0.001	0.935
0.044	0.718	0.063	0.175
0.001	0.085	0.001	0.913
0.021	0.073	0.110	0.796
0.129	0.021	0.023	0.827
>TATTTTGAAAAT	11-TATTTTGAAAAT	10.994170	-14.656280	0	T:43.0(1.13%),B:9.2(0.23%),P:1e-6	Tpos:35.2,Tstd:16.1,Bpos:31.9,Bstd:21.1,StrandBias:0.3,Multiplicity:1.02
0.001	0.075	0.001	0.923
0.504	0.141	0.035	0.320
0.034	0.001	0.001	0.964
0.141	0.001	0.004	0.854
0.004	0.001	0.004	0.991
0.034	0.001	0.001	0.964
0.217	0.216	0.413	0.155
0.929	0.001	0.035	0.035
0.929	0.001	0.035	0.035
0.929	0.035	0.001	0.035
0.997	0.001	0.001	0.001
0.001	0.035	0.105	0.859
>AAATATTTCCTT	12-AAATATTTCCTT	9.718289	-13.857189	0	T:56.0(1.47%),B:17.1(0.43%),P:1e-6	Tpos:37.3,Tstd:17.3,Bpos:38.0,Bstd:19.3,StrandBias:-0.2,Multiplicity:1.00
0.921	0.001	0.039	0.039
0.882	0.001	0.078	0.039
0.953	0.001	0.001	0.045
0.001	0.045	0.001	0.953
0.788	0.001	0.204	0.007
0.001	0.038	0.001	0.960
0.039	0.078	0.001	0.882
0.038	0.001	0.001	0.960
0.281	0.437	0.204	0.079
0.157	0.717	0.001	0.125
0.001	0.001	0.001	0.997
0.039	0.118	0.042	0.801
>ACAAACAAACAA	13-ACAAACAAACAA	12.870808	-11.121122	0	T:24.0(0.63%),B:3.8(0.09%),P:1e-4	Tpos:37.0,Tstd:18.6,Bpos:58.2,Bstd:12.4,StrandBias:1.6,Multiplicity:1.00
0.911	0.001	0.044	0.044
0.178	0.777	0.044	0.001
0.997	0.001	0.001	0.001
0.911	0.044	0.044	0.001
0.997	0.001	0.001	0.001
0.001	0.911	0.044	0.044
0.997	0.001	0.001	0.001
0.997	0.001	0.001	0.001
0.954	0.001	0.001	0.044
0.044	0.954	0.001	0.001
0.911	0.044	0.044	0.001
0.997	0.001	0.001	0.001
>TGTGTGTGTGTA	14-TGTGTGTGTGTA	9.572717	-10.016708	0	T:61.0(1.60%),B:26.9(0.67%),P:1e-4	Tpos:44.7,Tstd:16.4,Bpos:36.1,Bstd:17.0,StrandBias:-0.3,Multiplicity:1.13
0.001	0.051	0.024	0.924
0.175	0.123	0.677	0.025
0.024	0.074	0.024	0.878
0.122	0.001	0.876	0.001
0.001	0.048	0.001	0.950
0.077	0.025	0.751	0.147
0.024	0.001	0.001	0.974
0.098	0.097	0.732	0.073
0.048	0.048	0.001	0.903
0.199	0.122	0.504	0.175
0.074	0.001	0.001	0.924
0.622	0.027	0.179	0.172
>TYCYTTCCTTCC	15-TYCYTTCCTTCC	10.344234	-8.677304	0	T:33.0(0.86%),B:10.4(0.26%),P:1e-3	Tpos:36.7,Tstd:19.1,Bpos:36.9,Bstd:22.1,StrandBias:-0.2,Multiplicity:1.12
0.007	0.225	0.023	0.745
0.007	0.460	0.001	0.532
0.059	0.750	0.007	0.184
0.072	0.520	0.001	0.407
0.066	0.232	0.007	0.695
0.065	0.205	0.007	0.723
0.007	0.985	0.001	0.007
0.001	0.665	0.001	0.333
0.001	0.378	0.001	0.620
0.007	0.248	0.014	0.731
0.095	0.642	0.014	0.249
0.073	0.637	0.001	0.289
>CCCAGCYY	1-CCCAGCYY	4.758270	-27.562059	0	T:1133.0(29.68%),B:905.4(22.68%),P:1e-11	Tpos:36.4,Tstd:19.6,Bpos:37.5,Bstd:20.4,StrandBias:0.1,Multiplicity:1.44
0.001	0.750	0.060	0.189
0.001	0.707	0.036	0.256
0.001	0.686	0.037	0.276
0.548	0.116	0.335	0.001
0.087	0.001	0.675	0.237
0.001	0.816	0.182	0.001
0.059	0.432	0.027	0.483
0.208	0.379	0.001	0.412
>TATATTTT	2-TATATTTT	7.180114	-27.544611	0	T:402.0(10.53%),B:245.2(6.14%),P:1e-11	Tpos:36.3,Tstd:20.0,Bpos:36.5,Bstd:19.9,StrandBias:-0.0,Multiplicity:1.11
0.001	0.124	0.017	0.858
0.701	0.001	0.192	0.106
0.001	0.045	0.001	0.953
0.909	0.040	0.001	0.050
0.044	0.053	0.089	0.814
0.031	0.001	0.001	0.967
0.001	0.001	0.001	0.997
0.028	0.049	0.044	0.879
>CTTTCTTT	3-CTTTCTTT	5.631731	-18.853219	0	T:791.0(20.72%),B:628.6(15.75%),P:1e-8	Tpos:37.9,Tstd:19.2,Bpos:37.2,Bstd:20.2,StrandBias:-0.2,Multiplicity:1.30
0.001	0.821	0.001	0.177
0.001	0.045	0.001	0.953
0.042	0.070	0.029	0.859
0.001	0.065	0.034	0.900
0.082	0.883	0.034	0.001
0.001	0.030	0.001	0.968
0.001	0.122	0.039	0.838
0.001	0.032	0.032	0.935
>TCCTWGCT	4-TCCTWGCT	6.777153	-16.783581	0	T:268.0(7.02%),B:169.3(4.24%),P:1e-7	Tpos:36.7,Tstd:20.7,Bpos:35.9,Bstd:22.1,StrandBias:-0.2,Multiplicity:1.07
0.001	0.189	0.001	0.809
0.001	0.799	0.134	0.066
0.001	0.838	0.088	0.073
0.003	0.262	0.030	0.705
0.561	0.001	0.001	0.437
0.004	0.329	0.661	0.006
0.176	0.738	0.001	0.085
0.147	0.059	0.030	0.764
>GCCACCAT	5-GCCACCAT	5.062514	-15.529929	0	T:579.0(15.17%),B:449.9(11.27%),P:1e-6	Tpos:35.2,Tstd:19.7,Bpos:36.9,Bstd:19.9,StrandBias:0.0,Multiplicity:1.07
0.145	0.100	0.641	0.114
0.128	0.691	0.072	0.109
0.089	0.844	0.044	0.023
0.823	0.082	0.030	0.065
0.083	0.720	0.075	0.122
0.061	0.789	0.030	0.120
0.790	0.061	0.063	0.086
0.041	0.143	0.107	0.709
>ATTCTCCT	6-ATTCTCCT	7.279686	-13.331021	0	T:126.0(3.30%),B:66.6(1.67%),P:1e-5	Tpos:37.4,Tstd:19.3,Bpos:39.2,Bstd:21.1,StrandBias:-0.1,Multiplicity:1.00
0.997	0.001	0.001	0.001
0.001	0.001	0.001	0.997
0.001	0.001	0.001	0.997
0.001	0.626	0.165	0.208
0.001	0.001	0.036	0.962
0.001	0.997	0.001	0.001
0.001	0.997	0.001	0.001
0.001	0.001	0.001	0.997
>ACACGCAC	7-ACACGCAC	5.183653	-13.051828	0	T:462.0(12.10%),B:355.4(8.90%),P:1e-5	Tpos:40.1,Tstd:19.9,Bpos:35.5,Bstd:20.0,StrandBias:0.3,Multiplicity:1.15
0.780	0.083	0.059	0.078
0.098	0.810	0.035	0.057
0.851	0.083	0.054	0.012
0.082	0.636	0.144	0.138
0.171	0.159	0.571	0.099
0.020	0.864	0.051	0.065
0.808	0.044	0.065	0.083
0.053	0.688	0.094	0.165
>ATTCGCAT	8-ATTCGCAT	7.763423	-11.562704	0	T:65.0(1.70%),B:26.2(0.66%),P:1e-5	Tpos:34.1,Tstd:18.6,Bpos:38.2,Bstd:21.4,StrandBias:-0.2,Multiplicity:1.00
0.979	0.001	0.001	0.019
0.001	0.001	0.121	0.877
0.001	0.001	0.001	0.997
0.001	0.901	0.001	0.097
0.001	0.343	0.655	0.001
0.121	0.877	0.001	0.001
0.997	0.001	0.001	0.001
0.123	0.001	0.121	0.755
