>GGGCATGGTG	1-GGGCATGGTG	6.893089	-40.987137	0	T:207.0(5.42%),B:72.9(1.83%),P:1e-17	Tpos:35.8,Tstd:18.1,Bpos:41.8,Bstd:19.5,StrandBias:-0.0,Multiplicity:1.05
0.057	0.012	0.866	0.065
0.045	0.016	0.850	0.089
0.081	0.060	0.802	0.057
0.024	0.816	0.049	0.111
0.621	0.143	0.133	0.103
0.097	0.127	0.102	0.674
0.090	0.024	0.874	0.012
0.073	0.024	0.862	0.041
0.097	0.032	0.065	0.806
0.057	0.076	0.843	0.024
>GGCTGAGGCT	2-GGCTGAGGCT	7.885886	-38.796238	0	T:176.0(4.61%),B:56.4(1.41%),P:1e-16	Tpos:37.4,Tstd:18.3,Bpos:41.8,Bstd:18.1,StrandBias:0.2,Multiplicity:1.03
0.001	0.001	0.675	0.323
0.051	0.116	0.832	0.001
0.132	0.789	0.043	0.036
0.160	0.001	0.021	0.818
0.001	0.094	0.752	0.153
0.870	0.001	0.086	0.043
0.173	0.001	0.805	0.021
0.001	0.148	0.850	0.001
0.094	0.732	0.021	0.153
0.229	0.042	0.001	0.728
>TTTDHATTTT	3-TTTDHATTTT	7.938643	-28.526525	0	T:504.0(13.20%),B:328.0(8.22%),P:1e-12	Tpos:36.8,Tstd:19.6,Bpos:36.5,Bstd:18.2,StrandBias:-0.1,Multiplicity:1.17
0.001	0.001	0.001	0.997
0.307	0.001	0.195	0.498
0.001	0.001	0.001	0.997
0.298	0.001	0.347	0.355
0.345	0.266	0.001	0.388
0.610	0.001	0.388	0.001
0.001	0.309	0.001	0.689
0.287	0.001	0.001	0.711
0.001	0.001	0.001	0.997
0.001	0.290	0.001	0.708
>TTTCTTCCWG	4-TTTCTTCCWG	9.548847	-23.508760	0	T:83.0(2.17%),B:22.0(0.55%),P:1e-10	Tpos:38.9,Tstd:19.3,Bpos:32.7,Bstd:22.6,StrandBias:0.2,Multiplicity:1.00
0.001	0.001	0.001	0.997
0.001	0.001	0.130	0.868
0.086	0.001	0.001	0.912
0.160	0.838	0.001	0.001
0.001	0.001	0.001	0.997
0.001	0.001	0.001	0.997
0.001	0.639	0.131	0.229
0.001	0.802	0.001	0.196
0.432	0.001	0.001	0.566
0.001	0.254	0.744	0.001
>AGTAGCTGGG	5-AGTAGCTGGG	7.327648	-22.833431	0	T:114.0(2.99%),B:40.3(1.01%),P:1e-9	Tpos:38.9,Tstd:19.7,Bpos:33.6,Bstd:17.9,StrandBias:0.2,Multiplicity:1.05
0.976	0.001	0.001	0.022
0.045	0.001	0.859	0.095
0.001	0.001	0.001	0.997
0.954	0.001	0.023	0.022
0.068	0.001	0.909	0.022
0.001	0.976	0.001	0.022
0.022	0.001	0.001	0.976
0.001	0.001	0.997	0.001
0.001	0.001	0.976	0.022
0.170	0.001	0.807	0.022
>AGAGTCTATG	6-AGAGTCTATG	7.196377	-21.389216	0	T:91.0(2.38%),B:29.0(0.73%),P:1e-9	Tpos:40.4,Tstd:19.4,Bpos:35.6,Bstd:16.5,StrandBias:0.2,Multiplicity:1.00
0.802	0.021	0.052	0.125
0.073	0.031	0.834	0.062
0.842	0.021	0.084	0.053
0.043	0.052	0.822	0.083
0.063	0.083	0.073	0.781
0.073	0.780	0.043	0.104
0.032	0.094	0.022	0.852
0.771	0.042	0.094	0.093
0.114	0.001	0.125	0.760
0.084	0.062	0.771	0.083
>TTTGAAAATA	7-TTTGAAAATA	7.666010	-20.030241	0	T:93.0(2.44%),B:31.3(0.79%),P:1e-8	Tpos:33.4,Tstd:18.3,Bpos:40.0,Bstd:17.6,StrandBias:-0.1,Multiplicity:1.02
0.155	0.110	0.181	0.554
0.040	0.055	0.188	0.717
0.236	0.008	0.044	0.712
0.264	0.043	0.634	0.059
0.412	0.183	0.238	0.168
0.772	0.044	0.034	0.150
0.717	0.042	0.184	0.057
0.652	0.166	0.162	0.020
0.073	0.210	0.030	0.687
0.572	0.036	0.162	0.230
>ACTTAGAATA	8-ACTTAGAATA	7.746230	-19.589025	0	T:92.0(2.41%),B:31.9(0.80%),P:1e-8	Tpos:38.5,Tstd:18.9,Bpos:37.1,Bstd:19.6,StrandBias:0.7,Multiplicity:1.04
0.794	0.085	0.056	0.065
0.116	0.774	0.055	0.055
0.104	0.056	0.026	0.814
0.069	0.086	0.047	0.798
0.868	0.012	0.090	0.030
0.150	0.030	0.778	0.042
0.807	0.073	0.042	0.078
0.834	0.055	0.043	0.068
0.076	0.112	0.135	0.677
0.870	0.043	0.039	0.048
>CRCCTGTAAT	9-CRCCTGTAAT	8.389610	-18.049597	0	T:150.0(3.93%),B:73.9(1.85%),P:1e-7	Tpos:35.0,Tstd:19.5,Bpos:37.9,Bstd:19.5,StrandBias:-0.2,Multiplicity:1.00
0.111	0.583	0.001	0.305
0.466	0.001	0.413	0.120
0.001	0.706	0.176	0.117
0.001	0.997	0.001	0.001
0.165	0.163	0.001	0.671
0.001	0.001	0.997	0.001
0.114	0.288	0.001	0.597
0.997	0.001	0.001	0.001
0.523	0.227	0.249	0.001
0.001	0.110	0.001	0.888
>TGTTTGCTGG	10-TGTTTGCTGG	9.633299	-17.254787	0	T:31.0(0.81%),B:2.9(0.07%),P:1e-7	Tpos:40.0,Tstd:19.5,Bpos:39.2,Bstd:17.2,StrandBias:1.1,Multiplicity:1.07
0.041	0.041	0.001	0.917
0.083	0.001	0.875	0.041
0.001	0.083	0.041	0.875
0.042	0.042	0.042	0.874
0.001	0.001	0.041	0.957
0.001	0.041	0.833	0.125
0.041	0.833	0.001	0.125
0.001	0.001	0.001	0.997
0.041	0.001	0.957	0.001
0.124	0.001	0.874	0.001
>ACTCCCTACC	11-ACTCCCTACC	8.436912	-17.119910	0	T:41.0(1.07%),B:6.2(0.16%),P:1e-7	Tpos:34.6,Tstd:20.3,Bpos:35.5,Bstd:17.0,StrandBias:-0.1,Multiplicity:1.00
0.662	0.195	0.001	0.142
0.001	0.948	0.013	0.038
0.065	0.077	0.026	0.832
0.066	0.817	0.052	0.065
0.079	0.816	0.026	0.079
0.052	0.856	0.039	0.053
0.066	0.066	0.041	0.827
0.583	0.311	0.066	0.040
0.066	0.805	0.077	0.052
0.065	0.870	0.001	0.064
>TCMAGGCTGK	12-TCMAGGCTGK	7.944420	-16.469263	0	T:177.0(4.64%),B:97.9(2.45%),P:1e-7	Tpos:35.9,Tstd:19.2,Bpos:36.8,Bstd:19.8,StrandBias:0.2,Multiplicity:1.02
0.001	0.234	0.173	0.592
0.001	0.833	0.165	0.001
0.481	0.497	0.020	0.001
0.936	0.001	0.062	0.001
0.324	0.001	0.674	0.001
0.001	0.327	0.589	0.083
0.020	0.854	0.001	0.125
0.294	0.001	0.001	0.704
0.001	0.001	0.958	0.040
0.084	0.041	0.486	0.389
>AGTCATGGGA	13-AGTCATGGGA	9.260803	-16.120076	0	T:37.0(0.97%),B:5.2(0.13%),P:1e-7	Tpos:30.5,Tstd:17.6,Bpos:30.7,Bstd:19.6,StrandBias:0.2,Multiplicity:1.03
0.997	0.001	0.001	0.001
0.092	0.001	0.906	0.001
0.012	0.012	0.161	0.815
0.326	0.590	0.083	0.001
0.987	0.001	0.001	0.011
0.001	0.001	0.253	0.745
0.001	0.001	0.662	0.336
0.001	0.001	0.745	0.253
0.001	0.092	0.906	0.001
0.738	0.260	0.001	0.001
>CTGAATACTT	14-CTGAATACTT	8.455713	-15.939076	0	T:29.0(0.76%),B:3.0(0.07%),P:1e-6	Tpos:38.0,Tstd:19.2,Bpos:25.0,Bstd:0.0,StrandBias:0.6,Multiplicity:1.00
0.233	0.507	0.117	0.143
0.001	0.001	0.001	0.997
0.010	0.146	0.832	0.012
0.556	0.164	0.001	0.279
0.545	0.186	0.030	0.239
0.205	0.202	0.010	0.583
0.534	0.183	0.111	0.172
0.020	0.798	0.165	0.017
0.001	0.001	0.125	0.873
0.001	0.185	0.009	0.805
>ATGAGATCTC	15-ATGAGATCTC	7.969228	-15.040596	0	T:55.0(1.44%),B:15.6(0.39%),P:1e-6	Tpos:38.0,Tstd:19.1,Bpos:38.1,Bstd:19.0,StrandBias:0.4,Multiplicity:1.06
0.744	0.105	0.125	0.026
0.088	0.042	0.037	0.833
0.079	0.050	0.816	0.055
0.795	0.021	0.083	0.101
0.093	0.083	0.773	0.051
0.786	0.029	0.038	0.147
0.114	0.076	0.067	0.743
0.041	0.832	0.034	0.093
0.146	0.043	0.009	0.802
0.021	0.886	0.069	0.024
>AAACAAACAA	16-AAACAAACAA	10.212614	-14.117226	0	T:40.0(1.05%),B:8.7(0.22%),P:1e-6	Tpos:39.7,Tstd:16.8,Bpos:56.7,Bstd:15.3,StrandBias:0.2,Multiplicity:1.00
0.960	0.001	0.038	0.001
0.960	0.001	0.038	0.001
0.921	0.039	0.001	0.039
0.001	0.997	0.001	0.001
0.997	0.001	0.001	0.001
0.882	0.001	0.116	0.001
0.960	0.001	0.001	0.038
0.001	0.997	0.001	0.001
0.960	0.001	0.001	0.038
0.960	0.038	0.001	0.001
>ARGRAAAGAA	17-ARGRAAAGAA	8.430843	-13.885380	0	T:232.0(6.08%),B:149.8(3.75%),P:1e-6	Tpos:38.5,Tstd:19.3,Bpos:35.8,Bstd:20.3,StrandBias:0.5,Multiplicity:1.19
0.922	0.001	0.047	0.030
0.563	0.001	0.435	0.001
0.346	0.001	0.652	0.001
0.367	0.001	0.510	0.122
0.997	0.001	0.001	0.001
0.899	0.099	0.001	0.001
0.630	0.001	0.311	0.058
0.039	0.001	0.822	0.138
0.691	0.001	0.248	0.060
0.997	0.001	0.001	0.001
>TGCTGGGTTC	18-TGCTGGGTTC	8.472127	-13.588481	0	T:70.0(1.83%),B:26.3(0.66%),P:1e-5	Tpos:32.6,Tstd:17.8,Bpos:35.6,Bstd:19.2,StrandBias:-0.3,Multiplicity:1.01
0.035	0.024	0.179	0.762
0.024	0.280	0.539	0.157
0.024	0.689	0.263	0.024
0.100	0.156	0.001	0.743
0.123	0.001	0.750	0.126
0.140	0.149	0.710	0.001
0.135	0.188	0.553	0.124
0.048	0.001	0.126	0.825
0.001	0.032	0.049	0.918
0.001	0.949	0.001	0.049
>CTCATGCCHG	19-CTCATGCCHG	8.685569	-13.582596	0	T:28.0(0.73%),B:3.2(0.08%),P:1e-5	Tpos:26.9,Tstd:13.9,Bpos:34.4,Bstd:4.4,StrandBias:-0.3,Multiplicity:1.00
0.022	0.765	0.067	0.146
0.022	0.179	0.001	0.798
0.101	0.798	0.067	0.034
0.632	0.235	0.011	0.122
0.045	0.112	0.236	0.607
0.045	0.180	0.696	0.079
0.089	0.778	0.055	0.078
0.022	0.845	0.022	0.111
0.256	0.391	0.001	0.352
0.135	0.157	0.663	0.045
>GGGCGGGGMG	20-GGGCGGGGMG	8.061518	-13.038515	0	T:36.0(0.94%),B:7.8(0.20%),P:1e-5	Tpos:38.5,Tstd:20.1,Bpos:47.6,Bstd:20.9,StrandBias:0.4,Multiplicity:1.32
0.066	0.001	0.932	0.001
0.001	0.001	0.932	0.066
0.001	0.001	0.997	0.001
0.001	0.799	0.001	0.199
0.001	0.066	0.866	0.067
0.001	0.001	0.997	0.001
0.001	0.001	0.997	0.001
0.001	0.001	0.997	0.001
0.534	0.399	0.066	0.001
0.001	0.001	0.997	0.001
>GGTGGCTCAC	21-GGTGGCTCAC	9.213070	-12.990492	0	T:67.0(1.76%),B:25.9(0.65%),P:1e-5	Tpos:35.2,Tstd:21.0,Bpos:28.5,Bstd:23.7,StrandBias:-0.9,Multiplicity:1.02
0.256	0.001	0.742	0.001
0.001	0.080	0.918	0.001
0.001	0.001	0.080	0.918
0.001	0.001	0.997	0.001
0.001	0.001	0.997	0.001
0.272	0.680	0.001	0.047
0.080	0.001	0.080	0.839
0.001	0.918	0.001	0.080
0.918	0.080	0.001	0.001
0.080	0.839	0.080	0.001
>GTGTGTGTAT	22-GTGTGTGTAT	7.659853	-8.198773	0	T:75.0(1.96%),B:40.1(1.00%),P:1e-3	Tpos:42.6,Tstd:17.3,Bpos:34.5,Bstd:18.8,StrandBias:-0.5,Multiplicity:1.13
0.107	0.086	0.760	0.047
0.051	0.047	0.024	0.878
0.064	0.079	0.786	0.071
0.071	0.039	0.073	0.817
0.079	0.102	0.742	0.077
0.058	0.032	0.032	0.878
0.093	0.087	0.702	0.118
0.032	0.079	0.062	0.827
0.786	0.063	0.092	0.059
0.035	0.063	0.067	0.835
