>CCACCMTGCCCH	1-CCACCMTGCCCH	8.282087	-32.854537	0	T:148.0(3.88%),B:47.4(1.19%),P:1e-14	Tpos:34.7,Tstd:16.9,Bpos:41.2,Bstd:21.3,StrandBias:0.1,Multiplicity:1.00
0.069	0.819	0.001	0.111
0.001	0.997	0.001	0.001
0.757	0.061	0.001	0.181
0.060	0.722	0.089	0.129
0.001	0.790	0.001	0.208
0.354	0.358	0.122	0.165
0.131	0.270	0.132	0.468
0.338	0.009	0.523	0.130
0.052	0.616	0.193	0.139
0.060	0.698	0.034	0.208
0.052	0.757	0.001	0.190
0.306	0.270	0.105	0.319
>GGCTGARGCAGG	2-GGCTGARGCAGG	8.096903	-32.445191	0	T:202.0(5.29%),B:82.6(2.07%),P:1e-14	Tpos:38.8,Tstd:17.8,Bpos:36.1,Bstd:19.7,StrandBias:0.2,Multiplicity:1.03
0.076	0.001	0.910	0.013
0.129	0.064	0.769	0.038
0.191	0.553	0.166	0.090
0.218	0.001	0.178	0.603
0.050	0.012	0.937	0.001
0.604	0.013	0.382	0.001
0.500	0.001	0.498	0.001
0.318	0.025	0.619	0.038
0.001	0.642	0.356	0.001
0.690	0.001	0.012	0.297
0.089	0.013	0.835	0.063
0.114	0.025	0.848	0.013
>ATATATAAATAA	3-ATATATAAATAA	9.894177	-28.991500	0	T:121.0(3.17%),B:36.6(0.92%),P:1e-12	Tpos:36.1,Tstd:17.0,Bpos:37.9,Bstd:16.2,StrandBias:-0.2,Multiplicity:1.11
0.952	0.016	0.016	0.016
0.331	0.048	0.017	0.604
0.715	0.048	0.016	0.221
0.223	0.094	0.031	0.652
0.826	0.001	0.125	0.048
0.286	0.062	0.048	0.604
0.952	0.001	0.016	0.031
0.905	0.031	0.001	0.063
0.952	0.046	0.001	0.001
0.031	0.063	0.032	0.874
0.747	0.016	0.078	0.159
0.873	0.031	0.016	0.080
>AGTAGCTGKGAT	4-AGTAGCTGKGAT	9.520391	-27.067748	0	T:110.0(2.88%),B:32.3(0.81%),P:1e-11	Tpos:36.4,Tstd:19.1,Bpos:33.4,Bstd:18.0,StrandBias:0.4,Multiplicity:1.01
0.737	0.001	0.261	0.001
0.343	0.001	0.655	0.001
0.001	0.262	0.001	0.736
0.646	0.001	0.091	0.262
0.082	0.001	0.907	0.010
0.161	0.737	0.101	0.001
0.090	0.001	0.001	0.908
0.001	0.001	0.918	0.080
0.001	0.001	0.504	0.494
0.086	0.001	0.903	0.010
0.989	0.009	0.001	0.001
0.001	0.199	0.262	0.538
>TTTTGTKTTTTT	5-TTTTGTKTTTTT	11.714727	-23.854095	0	T:98.0(2.57%),B:29.3(0.73%),P:1e-10	Tpos:39.2,Tstd:18.9,Bpos:31.3,Bstd:13.7,StrandBias:0.1,Multiplicity:1.08
0.198	0.133	0.080	0.589
0.001	0.001	0.001	0.997
0.001	0.001	0.001	0.997
0.032	0.001	0.001	0.966
0.066	0.151	0.742	0.041
0.001	0.001	0.001	0.997
0.121	0.099	0.379	0.401
0.032	0.001	0.001	0.966
0.001	0.033	0.033	0.933
0.001	0.001	0.001	0.997
0.001	0.032	0.001	0.966
0.099	0.001	0.165	0.735
>GAATCTCTGGAA	6-GAATCTCTGGAA	11.116578	-17.369077	0	T:34.0(0.89%),B:4.0(0.10%),P:1e-7	Tpos:35.4,Tstd:17.6,Bpos:46.1,Bstd:14.1,StrandBias:0.7,Multiplicity:1.00
0.147	0.001	0.823	0.029
0.682	0.316	0.001	0.001
0.807	0.135	0.029	0.029
0.001	0.058	0.001	0.940
0.001	0.997	0.001	0.001
0.135	0.177	0.001	0.687
0.001	0.728	0.270	0.001
0.001	0.135	0.001	0.863
0.001	0.001	0.646	0.352
0.135	0.001	0.863	0.001
0.997	0.001	0.001	0.001
0.997	0.001	0.001	0.001
>GAAAAGAAAACA	7-GAAAAGAAAACA	11.868692	-17.213491	0	T:24.0(0.63%),B:0.9(0.02%),P:1e-7	Tpos:43.3,Tstd:17.6,Bpos:66.0,Bstd:0.0,StrandBias:1.3,Multiplicity:1.00
0.001	0.001	0.997	0.001
0.784	0.214	0.001	0.001
0.762	0.215	0.022	0.001
0.703	0.295	0.001	0.001
0.890	0.001	0.001	0.108
0.001	0.001	0.997	0.001
0.997	0.001	0.001	0.001
0.675	0.001	0.109	0.215
0.677	0.001	0.321	0.001
0.677	0.001	0.001	0.321
0.001	0.979	0.019	0.001
0.662	0.315	0.001	0.022
>CATTTTTTCATA	8-CATTTTTTCATA	11.610376	-16.494713	0	T:23.0(0.60%),B:1.0(0.02%),P:1e-7	Tpos:34.5,Tstd:16.3,Bpos:53.0,Bstd:0.0,StrandBias:0.6,Multiplicity:1.00
0.194	0.804	0.001	0.001
0.997	0.001	0.001	0.001
0.001	0.064	0.001	0.934
0.001	0.140	0.001	0.858
0.065	0.065	0.065	0.805
0.010	0.065	0.001	0.924
0.001	0.324	0.001	0.674
0.001	0.001	0.010	0.988
0.001	0.804	0.130	0.065
0.862	0.001	0.001	0.136
0.001	0.001	0.010	0.988
0.773	0.065	0.032	0.130
>GTAGAGATGGGG	9-GTAGAGATGGGG	10.265788	-16.373137	0	T:54.0(1.41%),B:13.7(0.34%),P:1e-7	Tpos:39.1,Tstd:17.4,Bpos:47.3,Bstd:15.9,StrandBias:0.3,Multiplicity:1.00
0.172	0.001	0.712	0.115
0.001	0.001	0.057	0.941
0.932	0.001	0.066	0.001
0.057	0.001	0.941	0.001
0.997	0.001	0.001	0.001
0.061	0.001	0.937	0.001
0.826	0.001	0.172	0.001
0.001	0.159	0.057	0.783
0.004	0.001	0.994	0.001
0.119	0.001	0.879	0.001
0.062	0.001	0.880	0.057
0.292	0.001	0.477	0.230
>CTTTCTCTCTTT	10-CTTTCTCTCTTT	9.447188	-16.271410	0	T:124.0(3.25%),B:58.7(1.47%),P:1e-7	Tpos:36.7,Tstd:18.1,Bpos:39.8,Bstd:18.5,StrandBias:-0.6,Multiplicity:1.07
0.045	0.781	0.021	0.153
0.085	0.001	0.063	0.851
0.001	0.063	0.106	0.830
0.021	0.042	0.063	0.874
0.045	0.783	0.086	0.086
0.042	0.087	0.001	0.870
0.042	0.701	0.042	0.215
0.042	0.022	0.001	0.935
0.044	0.718	0.063	0.175
0.001	0.085	0.001	0.913
0.021	0.073	0.110	0.796
0.129	0.021	0.023	0.827
>TATTTTGAAAAT	11-TATTTTGAAAAT	10.994170	-14.656280	0	T:43.0(1.13%),B:9.2(0.23%),P:1e-6	Tpos:35.2,Tstd:16.1,Bpos:31.9,Bstd:21.1,StrandBias:0.3,Multiplicity:1.02
0.001	0.075	0.001	0.923
0.504	0.141	0.035	0.320
0.034	0.001	0.001	0.964
0.141	0.001	0.004	0.854
0.004	0.001	0.004	0.991
0.034	0.001	0.001	0.964
0.217	0.216	0.413	0.155
0.929	0.001	0.035	0.035
0.929	0.001	0.035	0.035
0.929	0.035	0.001	0.035
0.997	0.001	0.001	0.001
0.001	0.035	0.105	0.859
>AAATATTTCCTT	12-AAATATTTCCTT	9.718289	-13.857189	0	T:56.0(1.47%),B:17.1(0.43%),P:1e-6	Tpos:37.3,Tstd:17.3,Bpos:38.0,Bstd:19.3,StrandBias:-0.2,Multiplicity:1.00
0.921	0.001	0.039	0.039
0.882	0.001	0.078	0.039
0.953	0.001	0.001	0.045
0.001	0.045	0.001	0.953
0.788	0.001	0.204	0.007
0.001	0.038	0.001	0.960
0.039	0.078	0.001	0.882
0.038	0.001	0.001	0.960
0.281	0.437	0.204	0.079
0.157	0.717	0.001	0.125
0.001	0.001	0.001	0.997
0.039	0.118	0.042	0.801
>ACAAACAAACAA	13-ACAAACAAACAA	12.870808	-11.121122	0	T:24.0(0.63%),B:3.8(0.09%),P:1e-4	Tpos:37.0,Tstd:18.6,Bpos:58.2,Bstd:12.4,StrandBias:1.6,Multiplicity:1.00
0.911	0.001	0.044	0.044
0.178	0.777	0.044	0.001
0.997	0.001	0.001	0.001
0.911	0.044	0.044	0.001
0.997	0.001	0.001	0.001
0.001	0.911	0.044	0.044
0.997	0.001	0.001	0.001
0.997	0.001	0.001	0.001
0.954	0.001	0.001	0.044
0.044	0.954	0.001	0.001
0.911	0.044	0.044	0.001
0.997	0.001	0.001	0.001
>TGTGTGTGTGTA	14-TGTGTGTGTGTA	9.572717	-10.016708	0	T:61.0(1.60%),B:26.9(0.67%),P:1e-4	Tpos:44.7,Tstd:16.4,Bpos:36.1,Bstd:17.0,StrandBias:-0.3,Multiplicity:1.13
0.001	0.051	0.024	0.924
0.175	0.123	0.677	0.025
0.024	0.074	0.024	0.878
0.122	0.001	0.876	0.001
0.001	0.048	0.001	0.950
0.077	0.025	0.751	0.147
0.024	0.001	0.001	0.974
0.098	0.097	0.732	0.073
0.048	0.048	0.001	0.903
0.199	0.122	0.504	0.175
0.074	0.001	0.001	0.924
0.622	0.027	0.179	0.172
>TYCYTTCCTTCC	15-TYCYTTCCTTCC	10.344234	-8.677304	0	T:33.0(0.86%),B:10.4(0.26%),P:1e-3	Tpos:36.7,Tstd:19.1,Bpos:36.9,Bstd:22.1,StrandBias:-0.2,Multiplicity:1.12
0.007	0.225	0.023	0.745
0.007	0.460	0.001	0.532
0.059	0.750	0.007	0.184
0.072	0.520	0.001	0.407
0.066	0.232	0.007	0.695
0.065	0.205	0.007	0.723
0.007	0.985	0.001	0.007
0.001	0.665	0.001	0.333
0.001	0.378	0.001	0.620
0.007	0.248	0.014	0.731
0.095	0.642	0.014	0.249
0.073	0.637	0.001	0.289
