>CCCAGCYY	1-CCCAGCYY	4.758270	-27.562059	0	T:1133.0(29.68%),B:905.4(22.68%),P:1e-11	Tpos:36.4,Tstd:19.6,Bpos:37.5,Bstd:20.4,StrandBias:0.1,Multiplicity:1.44
0.001	0.750	0.060	0.189
0.001	0.707	0.036	0.256
0.001	0.686	0.037	0.276
0.548	0.116	0.335	0.001
0.087	0.001	0.675	0.237
0.001	0.816	0.182	0.001
0.059	0.432	0.027	0.483
0.208	0.379	0.001	0.412
>TATATTTT	2-TATATTTT	7.180114	-27.544611	0	T:402.0(10.53%),B:245.2(6.14%),P:1e-11	Tpos:36.3,Tstd:20.0,Bpos:36.5,Bstd:19.9,StrandBias:-0.0,Multiplicity:1.11
0.001	0.124	0.017	0.858
0.701	0.001	0.192	0.106
0.001	0.045	0.001	0.953
0.909	0.040	0.001	0.050
0.044	0.053	0.089	0.814
0.031	0.001	0.001	0.967
0.001	0.001	0.001	0.997
0.028	0.049	0.044	0.879
>CTTTCTTT	3-CTTTCTTT	5.631731	-18.853219	0	T:791.0(20.72%),B:628.6(15.75%),P:1e-8	Tpos:37.9,Tstd:19.2,Bpos:37.2,Bstd:20.2,StrandBias:-0.2,Multiplicity:1.30
0.001	0.821	0.001	0.177
0.001	0.045	0.001	0.953
0.042	0.070	0.029	0.859
0.001	0.065	0.034	0.900
0.082	0.883	0.034	0.001
0.001	0.030	0.001	0.968
0.001	0.122	0.039	0.838
0.001	0.032	0.032	0.935
>TCCTWGCT	4-TCCTWGCT	6.777153	-16.783581	0	T:268.0(7.02%),B:169.3(4.24%),P:1e-7	Tpos:36.7,Tstd:20.7,Bpos:35.9,Bstd:22.1,StrandBias:-0.2,Multiplicity:1.07
0.001	0.189	0.001	0.809
0.001	0.799	0.134	0.066
0.001	0.838	0.088	0.073
0.003	0.262	0.030	0.705
0.561	0.001	0.001	0.437
0.004	0.329	0.661	0.006
0.176	0.738	0.001	0.085
0.147	0.059	0.030	0.764
>GCCACCAT	5-GCCACCAT	5.062514	-15.529929	0	T:579.0(15.17%),B:449.9(11.27%),P:1e-6	Tpos:35.2,Tstd:19.7,Bpos:36.9,Bstd:19.9,StrandBias:0.0,Multiplicity:1.07
0.145	0.100	0.641	0.114
0.128	0.691	0.072	0.109
0.089	0.844	0.044	0.023
0.823	0.082	0.030	0.065
0.083	0.720	0.075	0.122
0.061	0.789	0.030	0.120
0.790	0.061	0.063	0.086
0.041	0.143	0.107	0.709
>ATTCTCCT	6-ATTCTCCT	7.279686	-13.331021	0	T:126.0(3.30%),B:66.6(1.67%),P:1e-5	Tpos:37.4,Tstd:19.3,Bpos:39.2,Bstd:21.1,StrandBias:-0.1,Multiplicity:1.00
0.997	0.001	0.001	0.001
0.001	0.001	0.001	0.997
0.001	0.001	0.001	0.997
0.001	0.626	0.165	0.208
0.001	0.001	0.036	0.962
0.001	0.997	0.001	0.001
0.001	0.997	0.001	0.001
0.001	0.001	0.001	0.997
>ACACGCAC	7-ACACGCAC	5.183653	-13.051828	0	T:462.0(12.10%),B:355.4(8.90%),P:1e-5	Tpos:40.1,Tstd:19.9,Bpos:35.5,Bstd:20.0,StrandBias:0.3,Multiplicity:1.15
0.780	0.083	0.059	0.078
0.098	0.810	0.035	0.057
0.851	0.083	0.054	0.012
0.082	0.636	0.144	0.138
0.171	0.159	0.571	0.099
0.020	0.864	0.051	0.065
0.808	0.044	0.065	0.083
0.053	0.688	0.094	0.165
>ATTCGCAT	8-ATTCGCAT	7.763423	-11.562704	0	T:65.0(1.70%),B:26.2(0.66%),P:1e-5	Tpos:34.1,Tstd:18.6,Bpos:38.2,Bstd:21.4,StrandBias:-0.2,Multiplicity:1.00
0.979	0.001	0.001	0.019
0.001	0.001	0.121	0.877
0.001	0.001	0.001	0.997
0.001	0.901	0.001	0.097
0.001	0.343	0.655	0.001
0.121	0.877	0.001	0.001
0.997	0.001	0.001	0.001
0.123	0.001	0.121	0.755
