>TCCCAGCHHNNN	1-TCCCAGCHHNNN	6.319840	-109.416233	0	T:598.0(39.29%),B:216.6(15.49%),P:1e-47	Tpos:35.9,Tstd:20.3,Bpos:36.5,Bstd:26.6,StrandBias:0.1,Multiplicity:1.12
0.053	0.160	0.186	0.601
0.001	0.883	0.001	0.115
0.001	0.767	0.001	0.231
0.001	0.997	0.001	0.001
0.802	0.001	0.001	0.196
0.026	0.001	0.630	0.343
0.003	0.818	0.178	0.001
0.338	0.388	0.001	0.273
0.262	0.344	0.088	0.307
0.254	0.296	0.156	0.294
0.217	0.209	0.296	0.278
0.213	0.241	0.201	0.345
>CCTCDGCCTCCC	2-CCTCDGCCTCCC	9.756281	-88.989447	0	T:326.0(21.42%),B:74.1(5.30%),P:1e-38	Tpos:37.0,Tstd:17.7,Bpos:37.3,Bstd:31.4,StrandBias:-0.4,Multiplicity:1.16
0.071	0.786	0.023	0.120
0.046	0.836	0.001	0.117
0.023	0.071	0.023	0.883
0.023	0.855	0.003	0.119
0.334	0.102	0.236	0.328
0.170	0.047	0.759	0.024
0.023	0.767	0.023	0.187
0.047	0.814	0.001	0.138
0.023	0.001	0.001	0.975
0.023	0.859	0.070	0.048
0.023	0.975	0.001	0.001
0.001	0.742	0.023	0.234
>RGSCWGGGTGGC	3-RGSCWGGGTGGC	8.674298	-68.444562	0	T:158.0(10.38%),B:15.8(1.13%),P:1e-29	Tpos:34.1,Tstd:19.9,Bpos:41.9,Bstd:14.6,StrandBias:-0.2,Multiplicity:1.01
0.535	0.001	0.435	0.029
0.007	0.001	0.911	0.081
0.051	0.351	0.495	0.103
0.037	0.588	0.272	0.103
0.418	0.007	0.259	0.316
0.191	0.125	0.433	0.252
0.153	0.001	0.845	0.001
0.243	0.110	0.589	0.058
0.154	0.001	0.124	0.721
0.008	0.001	0.911	0.080
0.336	0.007	0.650	0.007
0.067	0.449	0.192	0.292
>GRGATTACMGGC	4-GRGATTACMGGC	7.550160	-59.438394	0	T:198.0(13.01%),B:38.4(2.75%),P:1e-25	Tpos:34.5,Tstd:17.1,Bpos:36.6,Bstd:35.9,StrandBias:-0.2,Multiplicity:1.00
0.089	0.001	0.896	0.014
0.481	0.071	0.374	0.074
0.001	0.001	0.997	0.001
0.928	0.001	0.070	0.001
0.001	0.093	0.001	0.905
0.071	0.087	0.001	0.841
0.911	0.001	0.087	0.001
0.001	0.997	0.001	0.001
0.459	0.395	0.002	0.144
0.086	0.001	0.912	0.001
0.001	0.001	0.982	0.016
0.028	0.757	0.214	0.001
>CAGGAGGATCAC	5-CAGGAGGATCAC	8.473794	-57.150129	0	T:200.0(13.14%),B:42.0(3.00%),P:1e-24	Tpos:37.6,Tstd:18.6,Bpos:30.9,Bstd:18.8,StrandBias:0.4,Multiplicity:1.09
0.024	0.778	0.001	0.197
0.628	0.001	0.370	0.001
0.001	0.024	0.974	0.001
0.048	0.001	0.950	0.001
0.760	0.104	0.001	0.135
0.024	0.001	0.652	0.323
0.231	0.001	0.767	0.001
0.675	0.001	0.323	0.001
0.001	0.001	0.001	0.997
0.025	0.913	0.001	0.061
0.466	0.051	0.184	0.299
0.001	0.974	0.001	0.024
>ATTTATTTATTT	6-ATTTATTTATTT	-0.726733	-29.284275	0	T:490.0(32.19%),B:284.9(20.38%),P:1e-12	Tpos:36.5,Tstd:18.2,Bpos:37.2,Bstd:12.6,StrandBias:-0.2,Multiplicity:1.30
0.804	0.073	0.001	0.122
0.024	0.024	0.001	0.951
0.001	0.001	0.001	0.997
0.001	0.023	0.001	0.975
0.927	0.024	0.001	0.048
0.001	0.023	0.001	0.975
0.024	0.024	0.001	0.951
0.001	0.024	0.048	0.927
0.951	0.024	0.024	0.001
0.001	0.023	0.001	0.975
0.023	0.001	0.001	0.975
0.024	0.024	0.001	0.951
>GTTCAAACCATT	7-GTTCAAACCATT	9.756332	-27.578538	0	T:93.0(6.11%),B:18.6(1.33%),P:1e-11	Tpos:36.4,Tstd:19.3,Bpos:42.1,Bstd:11.7,StrandBias:-0.1,Multiplicity:1.02
0.113	0.097	0.693	0.097
0.113	0.109	0.123	0.655
0.094	0.001	0.001	0.904
0.189	0.809	0.001	0.001
0.782	0.014	0.001	0.203
0.666	0.331	0.002	0.001
0.494	0.190	0.302	0.014
0.108	0.781	0.001	0.110
0.274	0.520	0.205	0.001
0.983	0.014	0.002	0.001
0.001	0.287	0.097	0.615
0.001	0.001	0.001	0.997
>TGCAGTGAGCCR	8-TGCAGTGAGCCR	11.450170	-17.417126	0	T:85.0(5.58%),B:25.1(1.80%),P:1e-7	Tpos:48.2,Tstd:19.4,Bpos:32.2,Bstd:24.5,StrandBias:0.2,Multiplicity:1.00
0.001	0.001	0.001	0.997
0.138	0.001	0.860	0.001
0.046	0.862	0.046	0.046
0.997	0.001	0.001	0.001
0.046	0.001	0.860	0.093
0.001	0.046	0.001	0.952
0.046	0.046	0.907	0.001
0.997	0.001	0.001	0.001
0.046	0.046	0.862	0.046
0.046	0.815	0.046	0.093
0.002	0.718	0.001	0.279
0.341	0.001	0.421	0.237
>GGTCAGGAGATT	9-GGTCAGGAGATT	6.341546	-17.274979	0	T:34.0(2.23%),B:2.2(0.15%),P:1e-7	Tpos:36.4,Tstd:13.5,Bpos:63.6,Bstd:0.4,StrandBias:0.3,Multiplicity:1.00
0.204	0.179	0.389	0.228
0.177	0.211	0.387	0.225
0.174	0.177	0.204	0.446
0.158	0.553	0.162	0.127
0.606	0.085	0.140	0.169
0.128	0.110	0.603	0.159
0.146	0.137	0.580	0.137
0.600	0.082	0.169	0.149
0.168	0.140	0.556	0.136
0.479	0.167	0.187	0.166
0.225	0.158	0.205	0.412
0.220	0.174	0.216	0.390
>ACATGGTGAAAC	10-ACATGGTGAAAC	10.689965	-15.778262	0	T:40.0(2.63%),B:5.8(0.41%),P:1e-6	Tpos:40.3,Tstd:20.8,Bpos:43.7,Bstd:6.1,StrandBias:0.9,Multiplicity:1.00
0.997	0.001	0.001	0.001
0.001	0.846	0.152	0.001
0.846	0.001	0.152	0.001
0.001	0.035	0.001	0.963
0.001	0.001	0.997	0.001
0.152	0.001	0.846	0.001
0.001	0.001	0.152	0.846
0.001	0.152	0.846	0.001
0.997	0.001	0.001	0.001
0.997	0.001	0.001	0.001
0.997	0.001	0.001	0.001
0.023	0.975	0.001	0.001
