>CCCAGCAC	1-CCCAGCAC	5.609117	-105.345048	0	T:518.0(34.03%),B:169.0(12.08%),P:1e-45	Tpos:34.2,Tstd:20.3,Bpos:32.7,Bstd:32.2,StrandBias:0.4,Multiplicity:1.14
0.008	0.762	0.075	0.155
0.001	0.736	0.019	0.244
0.001	0.868	0.037	0.094
0.840	0.001	0.004	0.155
0.237	0.086	0.674	0.003
0.063	0.478	0.292	0.167
0.626	0.127	0.115	0.132
0.313	0.681	0.002	0.004
>GCCKCCCA	2-GCCKCCCA	5.630067	-104.111304	0	T:633.0(41.59%),B:248.3(17.76%),P:1e-45	Tpos:36.2,Tstd:19.9,Bpos:37.2,Bstd:26.4,StrandBias:-0.2,Multiplicity:1.28
0.086	0.001	0.539	0.374
0.001	0.595	0.077	0.327
0.232	0.475	0.036	0.256
0.001	0.001	0.445	0.553
0.046	0.952	0.001	0.001
0.014	0.984	0.001	0.001
0.001	0.997	0.001	0.001
0.519	0.001	0.241	0.239
>CCTGSCTS	3-CCTGSCTS	5.678628	-66.469814	0	T:509.0(33.44%),B:218.7(15.64%),P:1e-28	Tpos:37.0,Tstd:19.6,Bpos:39.0,Bstd:31.9,StrandBias:-0.2,Multiplicity:1.28
0.001	0.770	0.082	0.147
0.157	0.449	0.225	0.170
0.204	0.274	0.022	0.500
0.047	0.090	0.855	0.008
0.024	0.486	0.424	0.067
0.001	0.997	0.001	0.001
0.136	0.096	0.015	0.753
0.151	0.415	0.432	0.001
>AGTGATCC	4-AGTGATCC	6.697516	-56.411244	0	T:156.0(10.25%),B:22.5(1.61%),P:1e-24	Tpos:44.1,Tstd:21.3,Bpos:39.0,Bstd:11.1,StrandBias:-0.2,Multiplicity:1.00
0.511	0.252	0.235	0.002
0.001	0.001	0.997	0.001
0.001	0.216	0.001	0.782
0.127	0.126	0.646	0.101
0.997	0.001	0.001	0.001
0.160	0.001	0.198	0.641
0.001	0.650	0.348	0.001
0.216	0.593	0.190	0.001
>YYACCTCG	5-YYACCTCG	5.065528	-55.464114	0	T:359.0(23.59%),B:134.1(9.59%),P:1e-24	Tpos:37.3,Tstd:21.5,Bpos:40.0,Bstd:26.8,StrandBias:-0.1,Multiplicity:1.13
0.186	0.408	0.001	0.405
0.072	0.384	0.234	0.311
0.759	0.053	0.047	0.141
0.038	0.779	0.015	0.168
0.023	0.732	0.153	0.092
0.261	0.062	0.015	0.662
0.078	0.529	0.070	0.323
0.023	0.117	0.859	0.001
>STTTGGGA	6-STTTGGGA	7.416136	-47.468215	0	T:183.0(12.02%),B:42.1(3.01%),P:1e-20	Tpos:33.7,Tstd:18.1,Bpos:22.2,Bstd:5.2,StrandBias:0.5,Multiplicity:1.00
0.001	0.551	0.447	0.001
0.069	0.001	0.206	0.724
0.076	0.069	0.001	0.854
0.015	0.001	0.001	0.983
0.070	0.008	0.921	0.001
0.072	0.001	0.825	0.102
0.001	0.001	0.997	0.001
0.997	0.001	0.001	0.001
>WTATTTWW	7-WTATTTWW	5.819817	-44.182970	0	T:550.0(36.14%),B:293.0(20.96%),P:1e-19	Tpos:37.9,Tstd:19.8,Bpos:38.4,Bstd:17.8,StrandBias:-0.2,Multiplicity:1.74
0.487	0.001	0.053	0.459
0.001	0.371	0.001	0.627
0.589	0.001	0.409	0.001
0.001	0.001	0.001	0.997
0.001	0.001	0.001	0.997
0.001	0.001	0.001	0.997
0.356	0.196	0.157	0.291
0.476	0.143	0.001	0.380
>GATGGGGW	8-GATGGGGW	5.192636	-44.168283	0	T:331.0(21.75%),B:134.4(9.61%),P:1e-19	Tpos:38.9,Tstd:19.8,Bpos:34.2,Bstd:34.2,StrandBias:0.4,Multiplicity:1.06
0.170	0.040	0.772	0.018
0.692	0.076	0.231	0.001
0.007	0.284	0.001	0.708
0.036	0.036	0.905	0.023
0.023	0.229	0.741	0.007
0.027	0.036	0.908	0.029
0.090	0.072	0.737	0.101
0.454	0.001	0.001	0.544
>CTBTGYCT	9-CTBTGYCT	5.186299	-30.466967	0	T:216.0(14.19%),B:83.5(5.97%),P:1e-13	Tpos:36.9,Tstd:19.6,Bpos:36.7,Bstd:22.0,StrandBias:0.2,Multiplicity:1.09
0.063	0.526	0.171	0.240
0.093	0.188	0.014	0.705
0.097	0.363	0.298	0.242
0.001	0.095	0.244	0.660
0.206	0.197	0.564	0.033
0.089	0.387	0.001	0.523
0.191	0.425	0.158	0.226
0.248	0.022	0.039	0.691
>ACCATCCT	10-ACCATCCT	6.657717	-27.243160	0	T:81.0(5.32%),B:13.6(0.97%),P:1e-11	Tpos:37.5,Tstd:23.2,Bpos:35.2,Bstd:10.3,StrandBias:-0.1,Multiplicity:1.02
0.918	0.080	0.001	0.001
0.001	0.997	0.001	0.001
0.001	0.997	0.001	0.001
0.938	0.041	0.020	0.001
0.001	0.001	0.001	0.997
0.020	0.865	0.001	0.114
0.001	0.978	0.020	0.001
0.001	0.186	0.041	0.772
>RBWTSAAV	11-RBWTSAAV	3.976604	-22.323690	0	T:162.0(10.64%),B:63.5(4.54%),P:1e-9	Tpos:37.3,Tstd:19.4,Bpos:32.7,Bstd:21.2,StrandBias:-0.2,Multiplicity:1.01
0.335	0.117	0.385	0.163
0.067	0.333	0.341	0.259
0.316	0.144	0.160	0.380
0.375	0.001	0.027	0.597
0.003	0.483	0.507	0.007
0.422	0.184	0.153	0.241
0.477	0.232	0.001	0.290
0.262	0.324	0.323	0.092
>CCTTCCTT	12-CCTTCCTT	7.255383	-14.332972	0	T:53.0(3.48%),B:12.6(0.90%),P:1e-6	Tpos:36.4,Tstd:20.5,Bpos:36.8,Bstd:15.8,StrandBias:-0.1,Multiplicity:1.08
0.099	0.624	0.001	0.276
0.001	0.958	0.040	0.001
0.001	0.001	0.001	0.997
0.001	0.001	0.001	0.997
0.001	0.923	0.075	0.001
0.001	0.997	0.001	0.001
0.025	0.001	0.025	0.949
0.001	0.001	0.001	0.997
>AGTTTGAG	13-AGTTTGAG	8.236954	-9.573517	0	T:26.0(1.71%),B:4.8(0.34%),P:1e-4	Tpos:39.3,Tstd:16.6,Bpos:33.7,Bstd:13.4,StrandBias:0.0,Multiplicity:1.00
0.700	0.100	0.100	0.100
0.100	0.100	0.700	0.100
0.100	0.100	0.100	0.700
0.100	0.100	0.100	0.700
0.100	0.100	0.100	0.700
0.100	0.100	0.700	0.100
0.700	0.100	0.100	0.100
0.100	0.100	0.700	0.100
