>YYCWGYCTCC	1-YYCWGYCTCC	5.790155	-108.037955	0	T:470.0(30.88%),B:136.0(9.73%),P:1e-46	Tpos:36.5,Tstd:17.7,Bpos:35.8,Bstd:26.9,StrandBias:-0.4,Multiplicity:1.33
0.134	0.462	0.025	0.378
0.074	0.341	0.130	0.456
0.032	0.580	0.100	0.288
0.330	0.032	0.206	0.432
0.207	0.056	0.454	0.283
0.061	0.522	0.039	0.378
0.167	0.606	0.023	0.204
0.350	0.035	0.023	0.592
0.030	0.558	0.136	0.276
0.341	0.592	0.032	0.035
>DRTTACWKKR	2-DRTTACWKKR	4.747673	-80.779945	0	T:563.0(36.99%),B:233.7(16.71%),P:1e-35	Tpos:36.1,Tstd:18.7,Bpos:34.5,Bstd:24.8,StrandBias:0.0,Multiplicity:1.40
0.390	0.092	0.246	0.272
0.411	0.019	0.320	0.250
0.200	0.217	0.188	0.395
0.275	0.222	0.076	0.427
0.502	0.084	0.315	0.099
0.015	0.964	0.010	0.011
0.478	0.008	0.004	0.510
0.192	0.001	0.386	0.421
0.237	0.010	0.449	0.305
0.268	0.229	0.395	0.109
>GRCATGGTGR	3-GRCATGGTGR	6.888513	-64.774804	0	T:249.0(16.36%),B:58.5(4.18%),P:1e-28	Tpos:35.5,Tstd:20.5,Bpos:35.9,Bstd:22.4,StrandBias:-0.1,Multiplicity:1.05
0.392	0.001	0.606	0.001
0.518	0.089	0.392	0.001
0.020	0.689	0.290	0.001
0.777	0.001	0.221	0.001
0.148	0.257	0.021	0.574
0.144	0.062	0.725	0.069
0.001	0.001	0.997	0.001
0.001	0.001	0.081	0.917
0.001	0.001	0.997	0.001
0.443	0.001	0.533	0.023
>CCGCCTCCCG	4-CCGCCTCCCG	8.499066	-50.547896	0	T:111.0(7.29%),B:9.7(0.69%),P:1e-21	Tpos:40.3,Tstd:19.6,Bpos:19.0,Bstd:12.0,StrandBias:-0.9,Multiplicity:1.05
0.041	0.805	0.001	0.153
0.078	0.504	0.112	0.306
0.034	0.001	0.964	0.001
0.001	0.997	0.001	0.001
0.153	0.693	0.001	0.153
0.001	0.001	0.072	0.926
0.001	0.997	0.001	0.001
0.001	0.997	0.001	0.001
0.001	0.866	0.001	0.132
0.001	0.001	0.646	0.352
>BMCCAKCCTG	5-BMCCAKCCTG	7.690697	-48.654451	0	T:229.0(15.05%),B:65.7(4.70%),P:1e-21	Tpos:37.2,Tstd:20.5,Bpos:44.6,Bstd:28.3,StrandBias:0.3,Multiplicity:1.04
0.001	0.347	0.323	0.329
0.303	0.449	0.001	0.247
0.001	0.687	0.001	0.311
0.001	0.997	0.001	0.001
0.590	0.001	0.001	0.408
0.016	0.081	0.406	0.496
0.001	0.733	0.265	0.001
0.295	0.703	0.001	0.001
0.229	0.001	0.001	0.769
0.001	0.129	0.869	0.001
>GGWGGMTCAC	6-GGWGGMTCAC	7.302481	-43.932951	0	T:138.0(9.07%),B:24.9(1.78%),P:1e-19	Tpos:38.8,Tstd:18.9,Bpos:38.1,Bstd:15.6,StrandBias:0.8,Multiplicity:1.03
0.035	0.034	0.875	0.056
0.334	0.013	0.629	0.024
0.287	0.149	0.150	0.413
0.218	0.023	0.598	0.161
0.345	0.023	0.609	0.023
0.417	0.410	0.151	0.023
0.023	0.046	0.034	0.897
0.137	0.519	0.079	0.265
0.669	0.217	0.046	0.068
0.232	0.584	0.127	0.057
>CCGAGTAGCT	7-CCGAGTAGCT	7.163060	-42.804703	0	T:149.0(9.79%),B:30.3(2.16%),P:1e-18	Tpos:38.5,Tstd:17.5,Bpos:42.6,Bstd:14.7,StrandBias:-0.4,Multiplicity:1.00
0.154	0.794	0.051	0.001
0.206	0.485	0.052	0.258
0.124	0.103	0.721	0.052
0.947	0.001	0.001	0.051
0.001	0.051	0.897	0.051
0.103	0.052	0.124	0.721
0.844	0.052	0.052	0.052
0.051	0.001	0.845	0.103
0.051	0.897	0.051	0.001
0.051	0.001	0.001	0.947
>CCAGCACTTT	8-CCAGCACTTT	8.685763	-40.776188	0	T:145.0(9.53%),B:30.0(2.15%),P:1e-17	Tpos:29.8,Tstd:21.8,Bpos:60.7,Bstd:2.2,StrandBias:-0.4,Multiplicity:1.00
0.031	0.967	0.001	0.001
0.001	0.741	0.001	0.257
0.967	0.001	0.031	0.001
0.322	0.001	0.676	0.001
0.032	0.903	0.064	0.001
0.967	0.001	0.031	0.001
0.032	0.935	0.001	0.032
0.001	0.001	0.031	0.967
0.001	0.031	0.001	0.967
0.001	0.032	0.032	0.935
>WTHTWTATTT	9-WTHTWTATTT	6.547427	-40.209225	0	T:328.0(21.55%),B:139.5(9.98%),P:1e-17	Tpos:36.5,Tstd:19.7,Bpos:37.0,Bstd:14.9,StrandBias:-0.1,Multiplicity:1.35
0.458	0.148	0.001	0.393
0.368	0.112	0.001	0.519
0.346	0.224	0.109	0.322
0.257	0.001	0.001	0.741
0.453	0.091	0.001	0.454
0.001	0.143	0.001	0.855
0.650	0.195	0.154	0.001
0.300	0.092	0.001	0.607
0.265	0.155	0.001	0.579
0.001	0.001	0.001	0.997
>ACCATCTCAA	10-ACCATCTCAA	7.273158	-34.613089	0	T:120.0(7.88%),B:24.5(1.75%),P:1e-15	Tpos:32.9,Tstd:19.9,Bpos:30.3,Bstd:29.4,StrandBias:-0.3,Multiplicity:1.01
0.604	0.334	0.024	0.038
0.069	0.908	0.001	0.022
0.024	0.885	0.001	0.090
0.952	0.001	0.001	0.046
0.068	0.023	0.023	0.886
0.047	0.884	0.045	0.024
0.203	0.114	0.045	0.638
0.001	0.931	0.046	0.022
0.595	0.069	0.024	0.312
0.750	0.136	0.069	0.045
>GCAGTGANGC	11-GCAGTGANGC	7.230555	-34.502746	0	T:111.0(7.29%),B:20.7(1.48%),P:1e-14	Tpos:44.0,Tstd:21.5,Bpos:37.8,Bstd:22.3,StrandBias:0.2,Multiplicity:1.01
0.165	0.062	0.633	0.140
0.031	0.728	0.225	0.016
0.860	0.047	0.031	0.062
0.032	0.064	0.873	0.031
0.048	0.033	0.272	0.647
0.015	0.165	0.819	0.001
0.858	0.048	0.093	0.001
0.316	0.251	0.193	0.240
0.251	0.253	0.414	0.082
0.176	0.647	0.113	0.064
>ACTACAGGCK	12-ACTACAGGCK	7.848996	-33.760765	0	T:88.0(5.78%),B:11.1(0.80%),P:1e-14	Tpos:35.7,Tstd:19.4,Bpos:36.7,Bstd:11.6,StrandBias:-0.7,Multiplicity:1.01
0.940	0.058	0.001	0.001
0.001	0.997	0.001	0.001
0.001	0.175	0.001	0.823
0.645	0.001	0.296	0.058
0.001	0.997	0.001	0.001
0.970	0.001	0.001	0.028
0.001	0.001	0.997	0.001
0.029	0.238	0.732	0.001
0.001	0.997	0.001	0.001
0.101	0.001	0.482	0.416
>ATCACCTGAC	13-ATCACCTGAC	7.960266	-30.781440	0	T:69.0(4.53%),B:6.2(0.44%),P:1e-13	Tpos:36.2,Tstd:14.7,Bpos:45.7,Bstd:15.2,StrandBias:0.0,Multiplicity:1.00
0.882	0.109	0.008	0.001
0.001	0.001	0.001	0.997
0.001	0.997	0.001	0.001
0.870	0.036	0.001	0.093
0.001	0.782	0.072	0.145
0.001	0.854	0.036	0.109
0.072	0.145	0.001	0.782
0.182	0.154	0.538	0.126
0.511	0.145	0.145	0.199
0.036	0.801	0.127	0.036
>TKTMTCCCAN	14-TKTMTCCCAN	8.384141	-28.587129	0	T:95.0(6.24%),B:18.1(1.30%),P:1e-12	Tpos:31.2,Tstd:20.0,Bpos:41.4,Bstd:13.2,StrandBias:0.3,Multiplicity:1.00
0.001	0.001	0.001	0.997
0.001	0.063	0.475	0.461
0.001	0.339	0.001	0.659
0.496	0.502	0.001	0.001
0.001	0.001	0.001	0.997
0.001	0.997	0.001	0.001
0.192	0.612	0.001	0.195
0.001	0.840	0.001	0.158
0.685	0.001	0.001	0.313
0.250	0.199	0.326	0.225
>CTGAGAAGGA	15-CTGAGAAGGA	8.387783	-26.966394	0	T:68.0(4.47%),B:8.5(0.61%),P:1e-11	Tpos:38.3,Tstd:19.8,Bpos:38.5,Bstd:15.0,StrandBias:1.1,Multiplicity:1.03
0.408	0.590	0.001	0.001
0.115	0.001	0.069	0.815
0.045	0.001	0.953	0.001
0.722	0.001	0.162	0.115
0.001	0.001	0.997	0.001
0.906	0.001	0.092	0.001
0.997	0.001	0.001	0.001
0.084	0.001	0.637	0.278
0.290	0.139	0.475	0.096
0.997	0.001	0.001	0.001
>CCCAAGGTCA	16-CCCAAGGTCA	7.495618	-24.287045	0	T:52.0(3.42%),B:4.9(0.35%),P:1e-10	Tpos:36.4,Tstd:20.3,Bpos:47.1,Bstd:14.6,StrandBias:-0.4,Multiplicity:1.02
0.116	0.707	0.099	0.078
0.041	0.862	0.039	0.058
0.058	0.902	0.001	0.039
0.821	0.119	0.019	0.041
0.784	0.097	0.080	0.039
0.196	0.001	0.687	0.116
0.097	0.041	0.860	0.002
0.097	0.058	0.119	0.726
0.060	0.802	0.060	0.078
0.882	0.039	0.019	0.060
>GTGGCTGGGR	17-GTGGCTGGGR	7.638521	-24.163478	0	T:68.0(4.47%),B:10.6(0.76%),P:1e-10	Tpos:39.6,Tstd:19.8,Bpos:50.0,Bstd:8.4,StrandBias:0.9,Multiplicity:1.00
0.061	0.119	0.599	0.221
0.133	0.147	0.119	0.601
0.016	0.060	0.879	0.045
0.016	0.265	0.643	0.076
0.002	0.720	0.234	0.044
0.177	0.075	0.074	0.674
0.016	0.016	0.936	0.032
0.089	0.001	0.881	0.029
0.162	0.031	0.763	0.044
0.324	0.161	0.367	0.148
>GGGAGTTTGA	18-GGGAGTTTGA	8.476626	-22.575818	0	T:46.0(3.02%),B:3.5(0.25%),P:1e-9	Tpos:39.7,Tstd:17.6,Bpos:37.2,Bstd:5.3,StrandBias:0.1,Multiplicity:1.00
0.122	0.001	0.785	0.092
0.001	0.001	0.814	0.184
0.102	0.001	0.744	0.153
0.997	0.001	0.001	0.001
0.092	0.037	0.748	0.123
0.061	0.184	0.001	0.754
0.001	0.001	0.091	0.907
0.195	0.031	0.164	0.610
0.030	0.153	0.816	0.001
0.908	0.030	0.061	0.001
>GGRAGGGAAG	19-GGRAGGGAAG	7.197021	-22.552173	0	T:52.0(3.42%),B:5.3(0.38%),P:1e-9	Tpos:37.1,Tstd:20.3,Bpos:22.2,Bstd:6.8,StrandBias:1.6,Multiplicity:1.00
0.255	0.025	0.667	0.053
0.113	0.075	0.759	0.053
0.336	0.131	0.452	0.081
0.757	0.053	0.053	0.137
0.280	0.031	0.602	0.087
0.236	0.040	0.618	0.106
0.289	0.075	0.536	0.100
0.651	0.150	0.174	0.025
0.650	0.078	0.175	0.097
0.265	0.096	0.508	0.131
>TACATTTACA	20-TACATTTACA	7.258909	-20.743245	0	T:81.0(5.32%),B:19.1(1.37%),P:1e-9	Tpos:35.0,Tstd:20.3,Bpos:32.8,Bstd:19.4,StrandBias:-0.3,Multiplicity:1.06
0.102	0.053	0.049	0.796
0.799	0.151	0.025	0.025
0.001	0.900	0.001	0.098
0.873	0.025	0.028	0.074
0.001	0.024	0.098	0.877
0.074	0.074	0.102	0.750
0.074	0.049	0.074	0.803
0.898	0.049	0.001	0.052
0.102	0.645	0.102	0.151
0.701	0.123	0.028	0.148
>GAAGAAACAA	21-GAAGAAACAA	9.242437	-18.981109	0	T:40.0(2.63%),B:3.4(0.24%),P:1e-8	Tpos:38.6,Tstd:20.8,Bpos:46.9,Bstd:18.9,StrandBias:0.3,Multiplicity:1.03
0.281	0.090	0.453	0.177
0.647	0.001	0.176	0.176
0.981	0.001	0.017	0.001
0.001	0.001	0.981	0.017
0.997	0.001	0.001	0.001
0.981	0.001	0.017	0.001
0.981	0.001	0.001	0.017
0.001	0.895	0.001	0.103
0.632	0.366	0.001	0.001
0.559	0.001	0.090	0.350
>CAGGGCTGGG	22-CAGGGCTGGG	8.804132	-16.141736	0	T:38.0(2.50%),B:4.7(0.34%),P:1e-7	Tpos:38.2,Tstd:20.8,Bpos:0.0,Bstd:0.0,StrandBias:0.3,Multiplicity:1.06
0.057	0.885	0.001	0.057
0.715	0.057	0.114	0.114
0.057	0.057	0.829	0.057
0.001	0.001	0.997	0.001
0.001	0.001	0.997	0.001
0.203	0.762	0.034	0.001
0.114	0.057	0.057	0.772
0.001	0.001	0.997	0.001
0.001	0.001	0.997	0.001
0.057	0.001	0.885	0.057
>GTTTCCATCT	23-GTTTCCATCT	7.757373	-13.868702	0	T:56.0(3.68%),B:14.3(1.02%),P:1e-6	Tpos:38.9,Tstd:19.6,Bpos:29.9,Bstd:18.6,StrandBias:0.5,Multiplicity:1.04
0.086	0.130	0.669	0.115
0.072	0.086	0.029	0.813
0.057	0.043	0.071	0.829
0.043	0.029	0.058	0.870
0.128	0.743	0.044	0.085
0.071	0.773	0.028	0.128
0.785	0.058	0.014	0.143
0.072	0.028	0.076	0.824
0.028	0.816	0.057	0.099
0.044	0.028	0.028	0.900
>AGATCCCGCC	24-AGATCCCGCC	9.021772	-13.075720	0	T:27.0(1.77%),B:2.9(0.21%),P:1e-5	Tpos:48.3,Tstd:15.8,Bpos:44.3,Bstd:9.8,StrandBias:0.2,Multiplicity:1.00
0.781	0.001	0.095	0.123
0.001	0.030	0.968	0.001
0.877	0.092	0.001	0.030
0.001	0.246	0.092	0.661
0.001	0.877	0.061	0.061
0.121	0.624	0.221	0.034
0.092	0.815	0.001	0.092
0.215	0.031	0.662	0.092
0.065	0.842	0.031	0.062
0.030	0.939	0.030	0.001
>AAACCAAACC	25-AAACCAAACC	8.793167	-10.152329	0	T:22.0(1.45%),B:2.0(0.15%),P:1e-4	Tpos:28.8,Tstd:15.6,Bpos:21.8,Bstd:5.4,StrandBias:-1.8,Multiplicity:1.29
0.904	0.047	0.047	0.002
0.905	0.047	0.024	0.024
0.807	0.073	0.071	0.049
0.118	0.647	0.118	0.117
0.213	0.645	0.071	0.071
0.859	0.117	0.001	0.023
0.882	0.070	0.001	0.047
0.835	0.094	0.070	0.001
0.190	0.688	0.073	0.049
0.089	0.863	0.024	0.024
>TCCCAGCHHNNN	1-TCCCAGCHHNNN	6.319840	-109.416233	0	T:598.0(39.29%),B:216.6(15.49%),P:1e-47	Tpos:35.9,Tstd:20.3,Bpos:36.5,Bstd:26.6,StrandBias:0.1,Multiplicity:1.12
0.053	0.160	0.186	0.601
0.001	0.883	0.001	0.115
0.001	0.767	0.001	0.231
0.001	0.997	0.001	0.001
0.802	0.001	0.001	0.196
0.026	0.001	0.630	0.343
0.003	0.818	0.178	0.001
0.338	0.388	0.001	0.273
0.262	0.344	0.088	0.307
0.254	0.296	0.156	0.294
0.217	0.209	0.296	0.278
0.213	0.241	0.201	0.345
>CCTCDGCCTCCC	2-CCTCDGCCTCCC	9.756281	-88.989447	0	T:326.0(21.42%),B:74.1(5.30%),P:1e-38	Tpos:37.0,Tstd:17.7,Bpos:37.3,Bstd:31.4,StrandBias:-0.4,Multiplicity:1.16
0.071	0.786	0.023	0.120
0.046	0.836	0.001	0.117
0.023	0.071	0.023	0.883
0.023	0.855	0.003	0.119
0.334	0.102	0.236	0.328
0.170	0.047	0.759	0.024
0.023	0.767	0.023	0.187
0.047	0.814	0.001	0.138
0.023	0.001	0.001	0.975
0.023	0.859	0.070	0.048
0.023	0.975	0.001	0.001
0.001	0.742	0.023	0.234
>RGSCWGGGTGGC	3-RGSCWGGGTGGC	8.674298	-68.444562	0	T:158.0(10.38%),B:15.8(1.13%),P:1e-29	Tpos:34.1,Tstd:19.9,Bpos:41.9,Bstd:14.6,StrandBias:-0.2,Multiplicity:1.01
0.535	0.001	0.435	0.029
0.007	0.001	0.911	0.081
0.051	0.351	0.495	0.103
0.037	0.588	0.272	0.103
0.418	0.007	0.259	0.316
0.191	0.125	0.433	0.252
0.153	0.001	0.845	0.001
0.243	0.110	0.589	0.058
0.154	0.001	0.124	0.721
0.008	0.001	0.911	0.080
0.336	0.007	0.650	0.007
0.067	0.449	0.192	0.292
>GRGATTACMGGC	4-GRGATTACMGGC	7.550160	-59.438394	0	T:198.0(13.01%),B:38.4(2.75%),P:1e-25	Tpos:34.5,Tstd:17.1,Bpos:36.6,Bstd:35.9,StrandBias:-0.2,Multiplicity:1.00
0.089	0.001	0.896	0.014
0.481	0.071	0.374	0.074
0.001	0.001	0.997	0.001
0.928	0.001	0.070	0.001
0.001	0.093	0.001	0.905
0.071	0.087	0.001	0.841
0.911	0.001	0.087	0.001
0.001	0.997	0.001	0.001
0.459	0.395	0.002	0.144
0.086	0.001	0.912	0.001
0.001	0.001	0.982	0.016
0.028	0.757	0.214	0.001
>CAGGAGGATCAC	5-CAGGAGGATCAC	8.473794	-57.150129	0	T:200.0(13.14%),B:42.0(3.00%),P:1e-24	Tpos:37.6,Tstd:18.6,Bpos:30.9,Bstd:18.8,StrandBias:0.4,Multiplicity:1.09
0.024	0.778	0.001	0.197
0.628	0.001	0.370	0.001
0.001	0.024	0.974	0.001
0.048	0.001	0.950	0.001
0.760	0.104	0.001	0.135
0.024	0.001	0.652	0.323
0.231	0.001	0.767	0.001
0.675	0.001	0.323	0.001
0.001	0.001	0.001	0.997
0.025	0.913	0.001	0.061
0.466	0.051	0.184	0.299
0.001	0.974	0.001	0.024
>ATTTATTTATTT	6-ATTTATTTATTT	-0.726733	-29.284275	0	T:490.0(32.19%),B:284.9(20.38%),P:1e-12	Tpos:36.5,Tstd:18.2,Bpos:37.2,Bstd:12.6,StrandBias:-0.2,Multiplicity:1.30
0.804	0.073	0.001	0.122
0.024	0.024	0.001	0.951
0.001	0.001	0.001	0.997
0.001	0.023	0.001	0.975
0.927	0.024	0.001	0.048
0.001	0.023	0.001	0.975
0.024	0.024	0.001	0.951
0.001	0.024	0.048	0.927
0.951	0.024	0.024	0.001
0.001	0.023	0.001	0.975
0.023	0.001	0.001	0.975
0.024	0.024	0.001	0.951
>GTTCAAACCATT	7-GTTCAAACCATT	9.756332	-27.578538	0	T:93.0(6.11%),B:18.6(1.33%),P:1e-11	Tpos:36.4,Tstd:19.3,Bpos:42.1,Bstd:11.7,StrandBias:-0.1,Multiplicity:1.02
0.113	0.097	0.693	0.097
0.113	0.109	0.123	0.655
0.094	0.001	0.001	0.904
0.189	0.809	0.001	0.001
0.782	0.014	0.001	0.203
0.666	0.331	0.002	0.001
0.494	0.190	0.302	0.014
0.108	0.781	0.001	0.110
0.274	0.520	0.205	0.001
0.983	0.014	0.002	0.001
0.001	0.287	0.097	0.615
0.001	0.001	0.001	0.997
>TGCAGTGAGCCR	8-TGCAGTGAGCCR	11.450170	-17.417126	0	T:85.0(5.58%),B:25.1(1.80%),P:1e-7	Tpos:48.2,Tstd:19.4,Bpos:32.2,Bstd:24.5,StrandBias:0.2,Multiplicity:1.00
0.001	0.001	0.001	0.997
0.138	0.001	0.860	0.001
0.046	0.862	0.046	0.046
0.997	0.001	0.001	0.001
0.046	0.001	0.860	0.093
0.001	0.046	0.001	0.952
0.046	0.046	0.907	0.001
0.997	0.001	0.001	0.001
0.046	0.046	0.862	0.046
0.046	0.815	0.046	0.093
0.002	0.718	0.001	0.279
0.341	0.001	0.421	0.237
>GGTCAGGAGATT	9-GGTCAGGAGATT	6.341546	-17.274979	0	T:34.0(2.23%),B:2.2(0.15%),P:1e-7	Tpos:36.4,Tstd:13.5,Bpos:63.6,Bstd:0.4,StrandBias:0.3,Multiplicity:1.00
0.204	0.179	0.389	0.228
0.177	0.211	0.387	0.225
0.174	0.177	0.204	0.446
0.158	0.553	0.162	0.127
0.606	0.085	0.140	0.169
0.128	0.110	0.603	0.159
0.146	0.137	0.580	0.137
0.600	0.082	0.169	0.149
0.168	0.140	0.556	0.136
0.479	0.167	0.187	0.166
0.225	0.158	0.205	0.412
0.220	0.174	0.216	0.390
>ACATGGTGAAAC	10-ACATGGTGAAAC	10.689965	-15.778262	0	T:40.0(2.63%),B:5.8(0.41%),P:1e-6	Tpos:40.3,Tstd:20.8,Bpos:43.7,Bstd:6.1,StrandBias:0.9,Multiplicity:1.00
0.997	0.001	0.001	0.001
0.001	0.846	0.152	0.001
0.846	0.001	0.152	0.001
0.001	0.035	0.001	0.963
0.001	0.001	0.997	0.001
0.152	0.001	0.846	0.001
0.001	0.001	0.152	0.846
0.001	0.152	0.846	0.001
0.997	0.001	0.001	0.001
0.997	0.001	0.001	0.001
0.997	0.001	0.001	0.001
0.023	0.975	0.001	0.001
>CCCAGCAC	1-CCCAGCAC	5.609117	-105.345048	0	T:518.0(34.03%),B:169.0(12.08%),P:1e-45	Tpos:34.2,Tstd:20.3,Bpos:32.7,Bstd:32.2,StrandBias:0.4,Multiplicity:1.14
0.008	0.762	0.075	0.155
0.001	0.736	0.019	0.244
0.001	0.868	0.037	0.094
0.840	0.001	0.004	0.155
0.237	0.086	0.674	0.003
0.063	0.478	0.292	0.167
0.626	0.127	0.115	0.132
0.313	0.681	0.002	0.004
>GCCKCCCA	2-GCCKCCCA	5.630067	-104.111304	0	T:633.0(41.59%),B:248.3(17.76%),P:1e-45	Tpos:36.2,Tstd:19.9,Bpos:37.2,Bstd:26.4,StrandBias:-0.2,Multiplicity:1.28
0.086	0.001	0.539	0.374
0.001	0.595	0.077	0.327
0.232	0.475	0.036	0.256
0.001	0.001	0.445	0.553
0.046	0.952	0.001	0.001
0.014	0.984	0.001	0.001
0.001	0.997	0.001	0.001
0.519	0.001	0.241	0.239
>CCTGSCTS	3-CCTGSCTS	5.678628	-66.469814	0	T:509.0(33.44%),B:218.7(15.64%),P:1e-28	Tpos:37.0,Tstd:19.6,Bpos:39.0,Bstd:31.9,StrandBias:-0.2,Multiplicity:1.28
0.001	0.770	0.082	0.147
0.157	0.449	0.225	0.170
0.204	0.274	0.022	0.500
0.047	0.090	0.855	0.008
0.024	0.486	0.424	0.067
0.001	0.997	0.001	0.001
0.136	0.096	0.015	0.753
0.151	0.415	0.432	0.001
>AGTGATCC	4-AGTGATCC	6.697516	-56.411244	0	T:156.0(10.25%),B:22.5(1.61%),P:1e-24	Tpos:44.1,Tstd:21.3,Bpos:39.0,Bstd:11.1,StrandBias:-0.2,Multiplicity:1.00
0.511	0.252	0.235	0.002
0.001	0.001	0.997	0.001
0.001	0.216	0.001	0.782
0.127	0.126	0.646	0.101
0.997	0.001	0.001	0.001
0.160	0.001	0.198	0.641
0.001	0.650	0.348	0.001
0.216	0.593	0.190	0.001
>YYACCTCG	5-YYACCTCG	5.065528	-55.464114	0	T:359.0(23.59%),B:134.1(9.59%),P:1e-24	Tpos:37.3,Tstd:21.5,Bpos:40.0,Bstd:26.8,StrandBias:-0.1,Multiplicity:1.13
0.186	0.408	0.001	0.405
0.072	0.384	0.234	0.311
0.759	0.053	0.047	0.141
0.038	0.779	0.015	0.168
0.023	0.732	0.153	0.092
0.261	0.062	0.015	0.662
0.078	0.529	0.070	0.323
0.023	0.117	0.859	0.001
>STTTGGGA	6-STTTGGGA	7.416136	-47.468215	0	T:183.0(12.02%),B:42.1(3.01%),P:1e-20	Tpos:33.7,Tstd:18.1,Bpos:22.2,Bstd:5.2,StrandBias:0.5,Multiplicity:1.00
0.001	0.551	0.447	0.001
0.069	0.001	0.206	0.724
0.076	0.069	0.001	0.854
0.015	0.001	0.001	0.983
0.070	0.008	0.921	0.001
0.072	0.001	0.825	0.102
0.001	0.001	0.997	0.001
0.997	0.001	0.001	0.001
>WTATTTWW	7-WTATTTWW	5.819817	-44.182970	0	T:550.0(36.14%),B:293.0(20.96%),P:1e-19	Tpos:37.9,Tstd:19.8,Bpos:38.4,Bstd:17.8,StrandBias:-0.2,Multiplicity:1.74
0.487	0.001	0.053	0.459
0.001	0.371	0.001	0.627
0.589	0.001	0.409	0.001
0.001	0.001	0.001	0.997
0.001	0.001	0.001	0.997
0.001	0.001	0.001	0.997
0.356	0.196	0.157	0.291
0.476	0.143	0.001	0.380
>GATGGGGW	8-GATGGGGW	5.192636	-44.168283	0	T:331.0(21.75%),B:134.4(9.61%),P:1e-19	Tpos:38.9,Tstd:19.8,Bpos:34.2,Bstd:34.2,StrandBias:0.4,Multiplicity:1.06
0.170	0.040	0.772	0.018
0.692	0.076	0.231	0.001
0.007	0.284	0.001	0.708
0.036	0.036	0.905	0.023
0.023	0.229	0.741	0.007
0.027	0.036	0.908	0.029
0.090	0.072	0.737	0.101
0.454	0.001	0.001	0.544
>CTBTGYCT	9-CTBTGYCT	5.186299	-30.466967	0	T:216.0(14.19%),B:83.5(5.97%),P:1e-13	Tpos:36.9,Tstd:19.6,Bpos:36.7,Bstd:22.0,StrandBias:0.2,Multiplicity:1.09
0.063	0.526	0.171	0.240
0.093	0.188	0.014	0.705
0.097	0.363	0.298	0.242
0.001	0.095	0.244	0.660
0.206	0.197	0.564	0.033
0.089	0.387	0.001	0.523
0.191	0.425	0.158	0.226
0.248	0.022	0.039	0.691
>ACCATCCT	10-ACCATCCT	6.657717	-27.243160	0	T:81.0(5.32%),B:13.6(0.97%),P:1e-11	Tpos:37.5,Tstd:23.2,Bpos:35.2,Bstd:10.3,StrandBias:-0.1,Multiplicity:1.02
0.918	0.080	0.001	0.001
0.001	0.997	0.001	0.001
0.001	0.997	0.001	0.001
0.938	0.041	0.020	0.001
0.001	0.001	0.001	0.997
0.020	0.865	0.001	0.114
0.001	0.978	0.020	0.001
0.001	0.186	0.041	0.772
>RBWTSAAV	11-RBWTSAAV	3.976604	-22.323690	0	T:162.0(10.64%),B:63.5(4.54%),P:1e-9	Tpos:37.3,Tstd:19.4,Bpos:32.7,Bstd:21.2,StrandBias:-0.2,Multiplicity:1.01
0.335	0.117	0.385	0.163
0.067	0.333	0.341	0.259
0.316	0.144	0.160	0.380
0.375	0.001	0.027	0.597
0.003	0.483	0.507	0.007
0.422	0.184	0.153	0.241
0.477	0.232	0.001	0.290
0.262	0.324	0.323	0.092
>CCTTCCTT	12-CCTTCCTT	7.255383	-14.332972	0	T:53.0(3.48%),B:12.6(0.90%),P:1e-6	Tpos:36.4,Tstd:20.5,Bpos:36.8,Bstd:15.8,StrandBias:-0.1,Multiplicity:1.08
0.099	0.624	0.001	0.276
0.001	0.958	0.040	0.001
0.001	0.001	0.001	0.997
0.001	0.001	0.001	0.997
0.001	0.923	0.075	0.001
0.001	0.997	0.001	0.001
0.025	0.001	0.025	0.949
0.001	0.001	0.001	0.997
>AGTTTGAG	13-AGTTTGAG	8.236954	-9.573517	0	T:26.0(1.71%),B:4.8(0.34%),P:1e-4	Tpos:39.3,Tstd:16.6,Bpos:33.7,Bstd:13.4,StrandBias:0.0,Multiplicity:1.00
0.700	0.100	0.100	0.100
0.100	0.100	0.700	0.100
0.100	0.100	0.100	0.700
0.100	0.100	0.100	0.700
0.100	0.100	0.100	0.700
0.100	0.100	0.700	0.100
0.700	0.100	0.100	0.100
0.100	0.100	0.700	0.100
