>YYCWGYCTCC	1-YYCWGYCTCC	5.790155	-108.037955	0	T:470.0(30.88%),B:136.0(9.73%),P:1e-46	Tpos:36.5,Tstd:17.7,Bpos:35.8,Bstd:26.9,StrandBias:-0.4,Multiplicity:1.33
0.134	0.462	0.025	0.378
0.074	0.341	0.130	0.456
0.032	0.580	0.100	0.288
0.330	0.032	0.206	0.432
0.207	0.056	0.454	0.283
0.061	0.522	0.039	0.378
0.167	0.606	0.023	0.204
0.350	0.035	0.023	0.592
0.030	0.558	0.136	0.276
0.341	0.592	0.032	0.035
>DRTTACWKKR	2-DRTTACWKKR	4.747673	-80.779945	0	T:563.0(36.99%),B:233.7(16.71%),P:1e-35	Tpos:36.1,Tstd:18.7,Bpos:34.5,Bstd:24.8,StrandBias:0.0,Multiplicity:1.40
0.390	0.092	0.246	0.272
0.411	0.019	0.320	0.250
0.200	0.217	0.188	0.395
0.275	0.222	0.076	0.427
0.502	0.084	0.315	0.099
0.015	0.964	0.010	0.011
0.478	0.008	0.004	0.510
0.192	0.001	0.386	0.421
0.237	0.010	0.449	0.305
0.268	0.229	0.395	0.109
>GRCATGGTGR	3-GRCATGGTGR	6.888513	-64.774804	0	T:249.0(16.36%),B:58.5(4.18%),P:1e-28	Tpos:35.5,Tstd:20.5,Bpos:35.9,Bstd:22.4,StrandBias:-0.1,Multiplicity:1.05
0.392	0.001	0.606	0.001
0.518	0.089	0.392	0.001
0.020	0.689	0.290	0.001
0.777	0.001	0.221	0.001
0.148	0.257	0.021	0.574
0.144	0.062	0.725	0.069
0.001	0.001	0.997	0.001
0.001	0.001	0.081	0.917
0.001	0.001	0.997	0.001
0.443	0.001	0.533	0.023
>CCGCCTCCCG	4-CCGCCTCCCG	8.499066	-50.547896	0	T:111.0(7.29%),B:9.7(0.69%),P:1e-21	Tpos:40.3,Tstd:19.6,Bpos:19.0,Bstd:12.0,StrandBias:-0.9,Multiplicity:1.05
0.041	0.805	0.001	0.153
0.078	0.504	0.112	0.306
0.034	0.001	0.964	0.001
0.001	0.997	0.001	0.001
0.153	0.693	0.001	0.153
0.001	0.001	0.072	0.926
0.001	0.997	0.001	0.001
0.001	0.997	0.001	0.001
0.001	0.866	0.001	0.132
0.001	0.001	0.646	0.352
>BMCCAKCCTG	5-BMCCAKCCTG	7.690697	-48.654451	0	T:229.0(15.05%),B:65.7(4.70%),P:1e-21	Tpos:37.2,Tstd:20.5,Bpos:44.6,Bstd:28.3,StrandBias:0.3,Multiplicity:1.04
0.001	0.347	0.323	0.329
0.303	0.449	0.001	0.247
0.001	0.687	0.001	0.311
0.001	0.997	0.001	0.001
0.590	0.001	0.001	0.408
0.016	0.081	0.406	0.496
0.001	0.733	0.265	0.001
0.295	0.703	0.001	0.001
0.229	0.001	0.001	0.769
0.001	0.129	0.869	0.001
>GGWGGMTCAC	6-GGWGGMTCAC	7.302481	-43.932951	0	T:138.0(9.07%),B:24.9(1.78%),P:1e-19	Tpos:38.8,Tstd:18.9,Bpos:38.1,Bstd:15.6,StrandBias:0.8,Multiplicity:1.03
0.035	0.034	0.875	0.056
0.334	0.013	0.629	0.024
0.287	0.149	0.150	0.413
0.218	0.023	0.598	0.161
0.345	0.023	0.609	0.023
0.417	0.410	0.151	0.023
0.023	0.046	0.034	0.897
0.137	0.519	0.079	0.265
0.669	0.217	0.046	0.068
0.232	0.584	0.127	0.057
>CCGAGTAGCT	7-CCGAGTAGCT	7.163060	-42.804703	0	T:149.0(9.79%),B:30.3(2.16%),P:1e-18	Tpos:38.5,Tstd:17.5,Bpos:42.6,Bstd:14.7,StrandBias:-0.4,Multiplicity:1.00
0.154	0.794	0.051	0.001
0.206	0.485	0.052	0.258
0.124	0.103	0.721	0.052
0.947	0.001	0.001	0.051
0.001	0.051	0.897	0.051
0.103	0.052	0.124	0.721
0.844	0.052	0.052	0.052
0.051	0.001	0.845	0.103
0.051	0.897	0.051	0.001
0.051	0.001	0.001	0.947
>CCAGCACTTT	8-CCAGCACTTT	8.685763	-40.776188	0	T:145.0(9.53%),B:30.0(2.15%),P:1e-17	Tpos:29.8,Tstd:21.8,Bpos:60.7,Bstd:2.2,StrandBias:-0.4,Multiplicity:1.00
0.031	0.967	0.001	0.001
0.001	0.741	0.001	0.257
0.967	0.001	0.031	0.001
0.322	0.001	0.676	0.001
0.032	0.903	0.064	0.001
0.967	0.001	0.031	0.001
0.032	0.935	0.001	0.032
0.001	0.001	0.031	0.967
0.001	0.031	0.001	0.967
0.001	0.032	0.032	0.935
>WTHTWTATTT	9-WTHTWTATTT	6.547427	-40.209225	0	T:328.0(21.55%),B:139.5(9.98%),P:1e-17	Tpos:36.5,Tstd:19.7,Bpos:37.0,Bstd:14.9,StrandBias:-0.1,Multiplicity:1.35
0.458	0.148	0.001	0.393
0.368	0.112	0.001	0.519
0.346	0.224	0.109	0.322
0.257	0.001	0.001	0.741
0.453	0.091	0.001	0.454
0.001	0.143	0.001	0.855
0.650	0.195	0.154	0.001
0.300	0.092	0.001	0.607
0.265	0.155	0.001	0.579
0.001	0.001	0.001	0.997
>ACCATCTCAA	10-ACCATCTCAA	7.273158	-34.613089	0	T:120.0(7.88%),B:24.5(1.75%),P:1e-15	Tpos:32.9,Tstd:19.9,Bpos:30.3,Bstd:29.4,StrandBias:-0.3,Multiplicity:1.01
0.604	0.334	0.024	0.038
0.069	0.908	0.001	0.022
0.024	0.885	0.001	0.090
0.952	0.001	0.001	0.046
0.068	0.023	0.023	0.886
0.047	0.884	0.045	0.024
0.203	0.114	0.045	0.638
0.001	0.931	0.046	0.022
0.595	0.069	0.024	0.312
0.750	0.136	0.069	0.045
>GCAGTGANGC	11-GCAGTGANGC	7.230555	-34.502746	0	T:111.0(7.29%),B:20.7(1.48%),P:1e-14	Tpos:44.0,Tstd:21.5,Bpos:37.8,Bstd:22.3,StrandBias:0.2,Multiplicity:1.01
0.165	0.062	0.633	0.140
0.031	0.728	0.225	0.016
0.860	0.047	0.031	0.062
0.032	0.064	0.873	0.031
0.048	0.033	0.272	0.647
0.015	0.165	0.819	0.001
0.858	0.048	0.093	0.001
0.316	0.251	0.193	0.240
0.251	0.253	0.414	0.082
0.176	0.647	0.113	0.064
>ACTACAGGCK	12-ACTACAGGCK	7.848996	-33.760765	0	T:88.0(5.78%),B:11.1(0.80%),P:1e-14	Tpos:35.7,Tstd:19.4,Bpos:36.7,Bstd:11.6,StrandBias:-0.7,Multiplicity:1.01
0.940	0.058	0.001	0.001
0.001	0.997	0.001	0.001
0.001	0.175	0.001	0.823
0.645	0.001	0.296	0.058
0.001	0.997	0.001	0.001
0.970	0.001	0.001	0.028
0.001	0.001	0.997	0.001
0.029	0.238	0.732	0.001
0.001	0.997	0.001	0.001
0.101	0.001	0.482	0.416
>ATCACCTGAC	13-ATCACCTGAC	7.960266	-30.781440	0	T:69.0(4.53%),B:6.2(0.44%),P:1e-13	Tpos:36.2,Tstd:14.7,Bpos:45.7,Bstd:15.2,StrandBias:0.0,Multiplicity:1.00
0.882	0.109	0.008	0.001
0.001	0.001	0.001	0.997
0.001	0.997	0.001	0.001
0.870	0.036	0.001	0.093
0.001	0.782	0.072	0.145
0.001	0.854	0.036	0.109
0.072	0.145	0.001	0.782
0.182	0.154	0.538	0.126
0.511	0.145	0.145	0.199
0.036	0.801	0.127	0.036
>TKTMTCCCAN	14-TKTMTCCCAN	8.384141	-28.587129	0	T:95.0(6.24%),B:18.1(1.30%),P:1e-12	Tpos:31.2,Tstd:20.0,Bpos:41.4,Bstd:13.2,StrandBias:0.3,Multiplicity:1.00
0.001	0.001	0.001	0.997
0.001	0.063	0.475	0.461
0.001	0.339	0.001	0.659
0.496	0.502	0.001	0.001
0.001	0.001	0.001	0.997
0.001	0.997	0.001	0.001
0.192	0.612	0.001	0.195
0.001	0.840	0.001	0.158
0.685	0.001	0.001	0.313
0.250	0.199	0.326	0.225
>CTGAGAAGGA	15-CTGAGAAGGA	8.387783	-26.966394	0	T:68.0(4.47%),B:8.5(0.61%),P:1e-11	Tpos:38.3,Tstd:19.8,Bpos:38.5,Bstd:15.0,StrandBias:1.1,Multiplicity:1.03
0.408	0.590	0.001	0.001
0.115	0.001	0.069	0.815
0.045	0.001	0.953	0.001
0.722	0.001	0.162	0.115
0.001	0.001	0.997	0.001
0.906	0.001	0.092	0.001
0.997	0.001	0.001	0.001
0.084	0.001	0.637	0.278
0.290	0.139	0.475	0.096
0.997	0.001	0.001	0.001
>CCCAAGGTCA	16-CCCAAGGTCA	7.495618	-24.287045	0	T:52.0(3.42%),B:4.9(0.35%),P:1e-10	Tpos:36.4,Tstd:20.3,Bpos:47.1,Bstd:14.6,StrandBias:-0.4,Multiplicity:1.02
0.116	0.707	0.099	0.078
0.041	0.862	0.039	0.058
0.058	0.902	0.001	0.039
0.821	0.119	0.019	0.041
0.784	0.097	0.080	0.039
0.196	0.001	0.687	0.116
0.097	0.041	0.860	0.002
0.097	0.058	0.119	0.726
0.060	0.802	0.060	0.078
0.882	0.039	0.019	0.060
>GTGGCTGGGR	17-GTGGCTGGGR	7.638521	-24.163478	0	T:68.0(4.47%),B:10.6(0.76%),P:1e-10	Tpos:39.6,Tstd:19.8,Bpos:50.0,Bstd:8.4,StrandBias:0.9,Multiplicity:1.00
0.061	0.119	0.599	0.221
0.133	0.147	0.119	0.601
0.016	0.060	0.879	0.045
0.016	0.265	0.643	0.076
0.002	0.720	0.234	0.044
0.177	0.075	0.074	0.674
0.016	0.016	0.936	0.032
0.089	0.001	0.881	0.029
0.162	0.031	0.763	0.044
0.324	0.161	0.367	0.148
>GGGAGTTTGA	18-GGGAGTTTGA	8.476626	-22.575818	0	T:46.0(3.02%),B:3.5(0.25%),P:1e-9	Tpos:39.7,Tstd:17.6,Bpos:37.2,Bstd:5.3,StrandBias:0.1,Multiplicity:1.00
0.122	0.001	0.785	0.092
0.001	0.001	0.814	0.184
0.102	0.001	0.744	0.153
0.997	0.001	0.001	0.001
0.092	0.037	0.748	0.123
0.061	0.184	0.001	0.754
0.001	0.001	0.091	0.907
0.195	0.031	0.164	0.610
0.030	0.153	0.816	0.001
0.908	0.030	0.061	0.001
>GGRAGGGAAG	19-GGRAGGGAAG	7.197021	-22.552173	0	T:52.0(3.42%),B:5.3(0.38%),P:1e-9	Tpos:37.1,Tstd:20.3,Bpos:22.2,Bstd:6.8,StrandBias:1.6,Multiplicity:1.00
0.255	0.025	0.667	0.053
0.113	0.075	0.759	0.053
0.336	0.131	0.452	0.081
0.757	0.053	0.053	0.137
0.280	0.031	0.602	0.087
0.236	0.040	0.618	0.106
0.289	0.075	0.536	0.100
0.651	0.150	0.174	0.025
0.650	0.078	0.175	0.097
0.265	0.096	0.508	0.131
>TACATTTACA	20-TACATTTACA	7.258909	-20.743245	0	T:81.0(5.32%),B:19.1(1.37%),P:1e-9	Tpos:35.0,Tstd:20.3,Bpos:32.8,Bstd:19.4,StrandBias:-0.3,Multiplicity:1.06
0.102	0.053	0.049	0.796
0.799	0.151	0.025	0.025
0.001	0.900	0.001	0.098
0.873	0.025	0.028	0.074
0.001	0.024	0.098	0.877
0.074	0.074	0.102	0.750
0.074	0.049	0.074	0.803
0.898	0.049	0.001	0.052
0.102	0.645	0.102	0.151
0.701	0.123	0.028	0.148
>GAAGAAACAA	21-GAAGAAACAA	9.242437	-18.981109	0	T:40.0(2.63%),B:3.4(0.24%),P:1e-8	Tpos:38.6,Tstd:20.8,Bpos:46.9,Bstd:18.9,StrandBias:0.3,Multiplicity:1.03
0.281	0.090	0.453	0.177
0.647	0.001	0.176	0.176
0.981	0.001	0.017	0.001
0.001	0.001	0.981	0.017
0.997	0.001	0.001	0.001
0.981	0.001	0.017	0.001
0.981	0.001	0.001	0.017
0.001	0.895	0.001	0.103
0.632	0.366	0.001	0.001
0.559	0.001	0.090	0.350
>CAGGGCTGGG	22-CAGGGCTGGG	8.804132	-16.141736	0	T:38.0(2.50%),B:4.7(0.34%),P:1e-7	Tpos:38.2,Tstd:20.8,Bpos:0.0,Bstd:0.0,StrandBias:0.3,Multiplicity:1.06
0.057	0.885	0.001	0.057
0.715	0.057	0.114	0.114
0.057	0.057	0.829	0.057
0.001	0.001	0.997	0.001
0.001	0.001	0.997	0.001
0.203	0.762	0.034	0.001
0.114	0.057	0.057	0.772
0.001	0.001	0.997	0.001
0.001	0.001	0.997	0.001
0.057	0.001	0.885	0.057
>GTTTCCATCT	23-GTTTCCATCT	7.757373	-13.868702	0	T:56.0(3.68%),B:14.3(1.02%),P:1e-6	Tpos:38.9,Tstd:19.6,Bpos:29.9,Bstd:18.6,StrandBias:0.5,Multiplicity:1.04
0.086	0.130	0.669	0.115
0.072	0.086	0.029	0.813
0.057	0.043	0.071	0.829
0.043	0.029	0.058	0.870
0.128	0.743	0.044	0.085
0.071	0.773	0.028	0.128
0.785	0.058	0.014	0.143
0.072	0.028	0.076	0.824
0.028	0.816	0.057	0.099
0.044	0.028	0.028	0.900
>AGATCCCGCC	24-AGATCCCGCC	9.021772	-13.075720	0	T:27.0(1.77%),B:2.9(0.21%),P:1e-5	Tpos:48.3,Tstd:15.8,Bpos:44.3,Bstd:9.8,StrandBias:0.2,Multiplicity:1.00
0.781	0.001	0.095	0.123
0.001	0.030	0.968	0.001
0.877	0.092	0.001	0.030
0.001	0.246	0.092	0.661
0.001	0.877	0.061	0.061
0.121	0.624	0.221	0.034
0.092	0.815	0.001	0.092
0.215	0.031	0.662	0.092
0.065	0.842	0.031	0.062
0.030	0.939	0.030	0.001
>AAACCAAACC	25-AAACCAAACC	8.793167	-10.152329	0	T:22.0(1.45%),B:2.0(0.15%),P:1e-4	Tpos:28.8,Tstd:15.6,Bpos:21.8,Bstd:5.4,StrandBias:-1.8,Multiplicity:1.29
0.904	0.047	0.047	0.002
0.905	0.047	0.024	0.024
0.807	0.073	0.071	0.049
0.118	0.647	0.118	0.117
0.213	0.645	0.071	0.071
0.859	0.117	0.001	0.023
0.882	0.070	0.001	0.047
0.835	0.094	0.070	0.001
0.190	0.688	0.073	0.049
0.089	0.863	0.024	0.024
