>RYBTTGCCCWGG	5-RYBTTGCCCWGG	7.225535	-22.121221	0	T:34.0(4.58%),B:0.7(0.10%),P:1e-9
0.418	0.085	0.268	0.229
0.169	0.284	0.155	0.393
0.154	0.264	0.308	0.274
0.199	0.288	0.075	0.438
0.065	0.010	0.259	0.666
0.050	0.069	0.826	0.055
0.025	0.646	0.304	0.025
0.049	0.886	0.020	0.045
0.268	0.449	0.010	0.273
0.394	0.149	0.203	0.254
0.194	0.035	0.483	0.288
0.045	0.219	0.557	0.179
