>GATCACTTSARS	4-GATCACTTSARS	6.369562	-23.728923	0	T:153.0(20.62%),B:56.6(8.51%),P:1e-10
0.318	0.093	0.497	0.092
0.714	0.238	0.025	0.023
0.001	0.116	0.001	0.882
0.001	0.658	0.072	0.269
0.754	0.001	0.152	0.093
0.001	0.766	0.001	0.232
0.115	0.023	0.001	0.861
0.092	0.069	0.293	0.546
0.047	0.401	0.458	0.095
0.861	0.001	0.115	0.023
0.374	0.001	0.486	0.138
0.185	0.369	0.376	0.071
