>CAGGCATGGTGG	1-CAGGCATGGTGG	7.622972	-19.727592	0	T:88.0(3.60%),B:29.2(1.13%),P:1e-8	Tpos:32.4,Tstd:17.7,Bpos:39.2,Bstd:17.0,StrandBias:0.5,Multiplicity:1.01
0.068	0.710	0.111	0.111
0.847	0.009	0.126	0.018
0.094	0.051	0.796	0.059
0.052	0.094	0.794	0.060
0.111	0.656	0.119	0.114
0.702	0.103	0.126	0.069
0.119	0.094	0.077	0.710
0.119	0.017	0.770	0.094
0.051	0.120	0.752	0.077
0.136	0.034	0.144	0.686
0.068	0.017	0.821	0.094
0.068	0.059	0.771	0.102
>TDAAATATATAT	2-TDAAATATATAT	10.669564	-17.705692	0	T:46.0(1.88%),B:8.6(0.33%),P:1e-7	Tpos:35.4,Tstd:18.5,Bpos:26.9,Bstd:15.2,StrandBias:-0.1,Multiplicity:1.23
0.275	0.001	0.057	0.667
0.309	0.138	0.215	0.337
0.997	0.001	0.001	0.001
0.806	0.001	0.058	0.135
0.997	0.001	0.001	0.001
0.212	0.001	0.001	0.786
0.747	0.001	0.098	0.154
0.114	0.001	0.001	0.884
0.780	0.001	0.057	0.162
0.058	0.001	0.001	0.940
0.533	0.060	0.116	0.291
0.097	0.076	0.001	0.826
>TCTMAAAWAAAA	3-TCTMAAAWAAAA	9.542596	-16.774659	0	T:104.0(4.25%),B:44.6(1.73%),P:1e-7	Tpos:34.9,Tstd:19.6,Bpos:39.5,Bstd:14.1,StrandBias:0.8,Multiplicity:1.03
0.125	0.046	0.024	0.805
0.114	0.530	0.080	0.276
0.284	0.001	0.011	0.704
0.368	0.428	0.001	0.203
0.840	0.011	0.046	0.103
0.827	0.001	0.069	0.103
0.919	0.001	0.012	0.068
0.413	0.023	0.035	0.529
0.885	0.011	0.023	0.081
0.852	0.057	0.001	0.090
0.785	0.125	0.045	0.045
0.976	0.022	0.001	0.001
>CTGCCTCAKCCT	4-CTGCCTCAKCCT	9.972307	-16.602885	0	T:68.0(2.78%),B:22.0(0.85%),P:1e-7	Tpos:39.0,Tstd:19.1,Bpos:41.2,Bstd:15.8,StrandBias:-0.5,Multiplicity:1.01
0.035	0.901	0.032	0.032
0.129	0.001	0.001	0.869
0.001	0.097	0.772	0.130
0.065	0.838	0.065	0.032
0.065	0.804	0.001	0.130
0.001	0.001	0.001	0.997
0.032	0.904	0.032	0.032
0.756	0.165	0.014	0.065
0.035	0.162	0.335	0.468
0.032	0.902	0.065	0.001
0.001	0.996	0.001	0.002
0.065	0.100	0.001	0.834
>ATTTTRTGTTTT	5-ATTTTRTGTTTT	10.384893	-15.811719	0	T:76.0(3.11%),B:27.4(1.06%),P:1e-6	Tpos:35.3,Tstd:21.2,Bpos:32.4,Bstd:16.7,StrandBias:0.1,Multiplicity:1.04
0.620	0.001	0.001	0.378
0.001	0.154	0.001	0.844
0.001	0.001	0.001	0.997
0.108	0.001	0.103	0.788
0.001	0.001	0.001	0.997
0.435	0.220	0.344	0.001
0.001	0.001	0.001	0.997
0.342	0.001	0.656	0.001
0.258	0.001	0.051	0.690
0.001	0.001	0.159	0.839
0.001	0.001	0.001	0.997
0.001	0.001	0.159	0.839
>GAGGCTGAGGNA	6-GAGGCTGAGGNA	5.418129	-15.201872	0	T:491.0(20.07%),B:379.2(14.68%),P:1e-6	Tpos:38.3,Tstd:18.3,Bpos:35.0,Bstd:18.9,StrandBias:0.0,Multiplicity:1.19
0.018	0.210	0.769	0.003
0.681	0.060	0.138	0.121
0.217	0.003	0.621	0.159
0.178	0.102	0.654	0.066
0.213	0.652	0.009	0.126
0.212	0.139	0.021	0.628
0.199	0.133	0.575	0.093
0.659	0.003	0.193	0.145
0.195	0.001	0.795	0.009
0.202	0.018	0.768	0.012
0.273	0.274	0.157	0.296
0.396	0.177	0.219	0.208
>TTTTATTYTCTT	7-TTTTATTYTCTT	10.528616	-14.406417	0	T:36.0(1.47%),B:6.4(0.25%),P:1e-6	Tpos:36.7,Tstd:16.8,Bpos:32.0,Bstd:19.5,StrandBias:-0.2,Multiplicity:1.00
0.001	0.064	0.001	0.934
0.065	0.065	0.130	0.740
0.129	0.001	0.001	0.869
0.065	0.001	0.008	0.926
0.982	0.016	0.001	0.001
0.282	0.001	0.001	0.716
0.129	0.001	0.001	0.869
0.139	0.398	0.009	0.455
0.001	0.064	0.001	0.934
0.065	0.900	0.009	0.026
0.001	0.001	0.001	0.997
0.001	0.129	0.001	0.869
>NNCATGCCTGTA	8-NNCATGCCTGTA	6.180819	-14.324120	0	T:40.0(1.64%),B:8.9(0.35%),P:1e-6	Tpos:31.5,Tstd:17.3,Bpos:47.7,Bstd:13.1,StrandBias:-0.4,Multiplicity:1.03
0.249	0.310	0.204	0.237
0.231	0.191	0.316	0.262
0.181	0.463	0.168	0.187
0.576	0.152	0.114	0.158
0.128	0.088	0.118	0.666
0.168	0.140	0.533	0.159
0.161	0.543	0.139	0.157
0.131	0.611	0.098	0.160
0.165	0.117	0.102	0.616
0.176	0.170	0.466	0.188
0.206	0.156	0.196	0.443
0.459	0.191	0.150	0.200
>AAATAAAGAAAT	9-AAATAAAGAAAT	10.278513	-13.257749	0	T:73.0(2.98%),B:29.6(1.14%),P:1e-5	Tpos:36.4,Tstd:17.9,Bpos:37.4,Bstd:14.0,StrandBias:0.0,Multiplicity:1.05
0.951	0.047	0.001	0.001
0.840	0.048	0.001	0.111
0.729	0.032	0.048	0.191
0.033	0.001	0.103	0.863
0.808	0.033	0.080	0.079
0.852	0.067	0.048	0.033
0.997	0.001	0.001	0.001
0.283	0.048	0.566	0.103
0.951	0.032	0.016	0.001
0.804	0.001	0.080	0.115
0.770	0.001	0.158	0.071
0.211	0.095	0.098	0.596
>GAAAGGAAGGAA	10-GAAAGGAAGGAA	11.385233	-10.026775	0	T:22.0(0.90%),B:3.5(0.14%),P:1e-4	Tpos:38.0,Tstd:18.6,Bpos:19.3,Bstd:10.1,StrandBias:0.5,Multiplicity:1.27
0.049	0.001	0.901	0.049
0.558	0.001	0.291	0.150
0.997	0.001	0.001	0.001
0.754	0.001	0.244	0.001
0.146	0.001	0.852	0.001
0.101	0.001	0.849	0.049
0.997	0.001	0.001	0.001
0.950	0.048	0.001	0.001
0.255	0.001	0.643	0.101
0.001	0.001	0.950	0.048
0.740	0.001	0.258	0.001
0.950	0.001	0.001	0.048
>AAAMAAACAAAC	11-AAAMAAACAAAC	12.603149	-8.239914	0	T:23.0(0.94%),B:5.6(0.22%),P:1e-3	Tpos:32.5,Tstd:15.6,Bpos:40.3,Bstd:16.1,StrandBias:3.6,Multiplicity:1.22
0.582	0.278	0.139	0.001
0.997	0.001	0.001	0.001
0.997	0.001	0.001	0.001
0.442	0.419	0.070	0.070
0.997	0.001	0.001	0.001
0.997	0.001	0.001	0.001
0.997	0.001	0.001	0.001
0.001	0.997	0.001	0.001
0.997	0.001	0.001	0.001
0.860	0.138	0.001	0.001
0.860	0.138	0.001	0.001
0.319	0.601	0.075	0.005
