>ACTTTGGAAG	1-ACTTTGGAAG	7.501866	-24.910932	0	T:139.0(5.68%),B:54.3(2.10%),P:1e-10	Tpos:34.5,Tstd:20.8,Bpos:35.5,Bstd:19.0,StrandBias:-0.1,Multiplicity:1.02
0.725	0.117	0.080	0.078
0.067	0.718	0.176	0.039
0.087	0.001	0.001	0.911
0.117	0.145	0.067	0.671
0.001	0.001	0.097	0.901
0.098	0.001	0.841	0.060
0.240	0.001	0.758	0.001
0.911	0.019	0.069	0.001
0.842	0.001	0.156	0.001
0.080	0.121	0.740	0.059
>GCCAGGCATG	2-GCCAGGCATG	7.450754	-23.576342	0	T:46.0(1.88%),B:4.0(0.16%),P:1e-10	Tpos:33.0,Tstd:19.4,Bpos:37.5,Bstd:16.8,StrandBias:0.0,Multiplicity:1.00
0.047	0.047	0.905	0.001
0.001	0.951	0.047	0.001
0.001	0.997	0.001	0.001
0.904	0.001	0.094	0.001
0.001	0.047	0.951	0.001
0.047	0.001	0.951	0.001
0.048	0.856	0.048	0.048
0.618	0.001	0.380	0.001
0.047	0.047	0.001	0.905
0.001	0.047	0.951	0.001
>TCATCATCTA	3-TCATCATCTA	7.421422	-23.391731	0	T:80.0(3.27%),B:20.8(0.80%),P:1e-10	Tpos:37.4,Tstd:20.2,Bpos:31.1,Bstd:23.5,StrandBias:0.1,Multiplicity:1.03
0.042	0.063	0.063	0.832
0.022	0.893	0.042	0.043
0.821	0.064	0.063	0.052
0.116	0.170	0.158	0.556
0.087	0.830	0.045	0.038
0.836	0.042	0.001	0.121
0.022	0.022	0.051	0.905
0.150	0.599	0.031	0.220
0.161	0.046	0.001	0.792
0.612	0.128	0.109	0.151
>AGGGATATCA	4-AGGGATATCA	5.958533	-21.513152	0	T:59.0(2.41%),B:11.7(0.45%),P:1e-9	Tpos:35.7,Tstd:19.0,Bpos:33.7,Bstd:16.4,StrandBias:0.1,Multiplicity:1.02
0.562	0.024	0.110	0.304
0.117	0.054	0.664	0.165
0.201	0.045	0.555	0.199
0.155	0.215	0.506	0.124
0.682	0.130	0.064	0.124
0.231	0.086	0.204	0.479
0.550	0.126	0.140	0.184
0.183	0.110	0.153	0.554
0.205	0.421	0.182	0.192
0.477	0.180	0.071	0.273
>TATGCCTGTA	5-TATGCCTGTA	9.720688	-20.996175	0	T:42.0(1.72%),B:4.7(0.18%),P:1e-9	Tpos:28.5,Tstd:16.5,Bpos:39.5,Bstd:9.3,StrandBias:-0.7,Multiplicity:1.00
0.061	0.187	0.061	0.691
0.755	0.183	0.001	0.061
0.061	0.061	0.001	0.877
0.060	0.001	0.938	0.001
0.061	0.877	0.001	0.061
0.131	0.807	0.061	0.001
0.001	0.001	0.001	0.997
0.001	0.121	0.877	0.001
0.001	0.001	0.001	0.997
0.938	0.001	0.001	0.060
>TTTCATATGT	6-TTTCATATGT	8.837595	-20.613204	0	T:51.0(2.09%),B:8.1(0.31%),P:1e-8	Tpos:34.2,Tstd:18.9,Bpos:24.1,Bstd:18.3,StrandBias:0.4,Multiplicity:1.02
0.209	0.001	0.001	0.789
0.297	0.001	0.001	0.701
0.001	0.001	0.001	0.997
0.106	0.892	0.001	0.001
0.997	0.001	0.001	0.001
0.110	0.140	0.140	0.610
0.683	0.139	0.177	0.001
0.070	0.001	0.070	0.859
0.001	0.140	0.691	0.168
0.150	0.001	0.140	0.709
>CCTCAKCCTC	7-CCTCAKCCTC	6.851186	-20.075665	0	T:253.0(10.34%),B:150.3(5.82%),P:1e-8	Tpos:37.9,Tstd:18.5,Bpos:37.7,Bstd:19.6,StrandBias:-0.2,Multiplicity:1.24
0.023	0.796	0.082	0.099
0.049	0.704	0.016	0.231
0.049	0.388	0.001	0.562
0.033	0.902	0.049	0.016
0.588	0.125	0.019	0.268
0.033	0.067	0.496	0.404
0.033	0.920	0.040	0.007
0.082	0.683	0.016	0.219
0.016	0.305	0.001	0.678
0.117	0.721	0.118	0.044
>CAGGATCTTG	8-CAGGATCTTG	7.332706	-18.949789	0	T:64.0(2.62%),B:16.9(0.65%),P:1e-8	Tpos:35.1,Tstd:19.3,Bpos:28.5,Bstd:16.6,StrandBias:-0.4,Multiplicity:1.00
0.096	0.768	0.055	0.081
0.837	0.027	0.027	0.109
0.027	0.043	0.834	0.096
0.095	0.081	0.757	0.067
0.783	0.054	0.082	0.081
0.082	0.054	0.120	0.744
0.040	0.814	0.067	0.079
0.055	0.027	0.013	0.905
0.136	0.042	0.040	0.782
0.042	0.082	0.795	0.081
>GGCAGAAAGT	9-GGCAGAAAGT	9.788645	-18.808545	0	T:26.0(1.06%),B:1.0(0.04%),P:1e-8	Tpos:34.4,Tstd:19.5,Bpos:59.0,Bstd:0.0,StrandBias:-0.1,Multiplicity:1.00
0.001	0.001	0.997	0.001
0.059	0.059	0.823	0.059
0.176	0.765	0.001	0.058
0.997	0.001	0.001	0.001
0.001	0.058	0.940	0.001
0.997	0.001	0.001	0.001
0.822	0.176	0.001	0.001
0.997	0.001	0.001	0.001
0.059	0.118	0.764	0.059
0.001	0.058	0.001	0.940
>CAATAAGCAT	10-CAATAAGCAT	7.755982	-18.103020	0	T:32.0(1.31%),B:2.2(0.09%),P:1e-7	Tpos:37.9,Tstd:17.4,Bpos:66.0,Bstd:0.0,StrandBias:0.5,Multiplicity:1.00
0.205	0.432	0.168	0.195
0.640	0.126	0.021	0.213
0.742	0.038	0.159	0.061
0.142	0.221	0.194	0.443
0.849	0.054	0.038	0.059
0.772	0.034	0.144	0.050
0.158	0.169	0.542	0.131
0.050	0.652	0.059	0.239
0.833	0.050	0.029	0.088
0.059	0.206	0.054	0.681
>DGAACCTAGN	11-DGAACCTAGN	5.259294	-17.239657	0	T:76.0(3.11%),B:25.6(0.99%),P:1e-7	Tpos:35.0,Tstd:18.9,Bpos:29.2,Bstd:20.9,StrandBias:0.4,Multiplicity:1.01
0.293	0.045	0.334	0.328
0.188	0.141	0.513	0.158
0.506	0.152	0.153	0.189
0.538	0.147	0.149	0.166
0.165	0.531	0.142	0.162
0.230	0.567	0.019	0.184
0.159	0.170	0.085	0.586
0.562	0.097	0.174	0.167
0.173	0.099	0.533	0.195
0.197	0.255	0.290	0.258
>AAGATAGAAG	12-AAGATAGAAG	7.790199	-17.192169	0	T:36.0(1.47%),B:4.8(0.19%),P:1e-7	Tpos:35.8,Tstd:20.8,Bpos:33.5,Bstd:16.5,StrandBias:-0.2,Multiplicity:1.00
0.796	0.012	0.084	0.108
0.904	0.013	0.024	0.059
0.047	0.060	0.810	0.083
0.676	0.097	0.119	0.108
0.036	0.097	0.060	0.807
0.844	0.047	0.037	0.072
0.071	0.083	0.775	0.071
0.739	0.095	0.095	0.071
0.868	0.012	0.037	0.083
0.048	0.071	0.797	0.084
>CCACCCCTTT	13-CCACCCCTTT	9.051324	-16.277115	0	T:32.0(1.31%),B:3.9(0.15%),P:1e-7	Tpos:42.6,Tstd:16.9,Bpos:24.1,Bstd:7.5,StrandBias:0.0,Multiplicity:1.07
0.001	0.997	0.001	0.001
0.001	0.940	0.058	0.001
0.881	0.001	0.001	0.117
0.001	0.940	0.058	0.001
0.001	0.997	0.001	0.001
0.001	0.940	0.001	0.058
0.001	0.997	0.001	0.001
0.058	0.001	0.001	0.940
0.059	0.059	0.059	0.823
0.059	0.235	0.118	0.588
>CCAGGAAGAA	14-CCAGGAAGAA	9.794714	-15.325981	0	T:33.0(1.35%),B:4.3(0.17%),P:1e-6	Tpos:36.7,Tstd:19.3,Bpos:26.3,Bstd:23.4,StrandBias:0.8,Multiplicity:1.00
0.100	0.750	0.050	0.100
0.099	0.899	0.001	0.001
0.997	0.001	0.001	0.001
0.001	0.001	0.899	0.099
0.001	0.050	0.899	0.050
0.800	0.100	0.050	0.050
0.997	0.001	0.001	0.001
0.050	0.001	0.849	0.100
0.949	0.049	0.001	0.001
0.949	0.001	0.049	0.001
>WTTTATTTWT	15-WTTTATTTWT	7.282629	-15.054760	0	T:397.0(16.23%),B:293.7(11.37%),P:1e-6	Tpos:36.8,Tstd:19.3,Bpos:37.2,Bstd:19.9,StrandBias:-0.4,Multiplicity:1.24
0.403	0.078	0.001	0.518
0.150	0.063	0.062	0.725
0.234	0.036	0.123	0.607
0.001	0.160	0.001	0.838
0.592	0.164	0.243	0.001
0.001	0.001	0.093	0.905
0.217	0.001	0.001	0.781
0.001	0.104	0.029	0.866
0.404	0.001	0.095	0.500
0.357	0.036	0.076	0.531
>CGTGTGCATG	16-CGTGTGCATG	8.521685	-14.455398	0	T:20.0(0.82%),B:1.0(0.04%),P:1e-6	Tpos:34.3,Tstd:16.1,Bpos:50.0,Bstd:0.0,StrandBias:-0.5,Multiplicity:1.00
0.181	0.575	0.060	0.184
0.124	0.082	0.715	0.079
0.060	0.040	0.062	0.838
0.039	0.001	0.921	0.039
0.022	0.001	0.039	0.938
0.040	0.079	0.742	0.139
0.040	0.821	0.040	0.099
0.821	0.040	0.079	0.060
0.079	0.020	0.042	0.859
0.001	0.079	0.801	0.119
>ATACTTAAAA	17-ATACTTAAAA	8.432309	-13.773735	0	T:39.0(1.59%),B:8.3(0.32%),P:1e-5	Tpos:38.8,Tstd:19.2,Bpos:44.4,Bstd:19.1,StrandBias:0.4,Multiplicity:1.05
0.924	0.001	0.074	0.001
0.001	0.001	0.039	0.959
0.849	0.076	0.074	0.001
0.013	0.897	0.001	0.089
0.001	0.001	0.001	0.997
0.001	0.001	0.001	0.997
0.775	0.075	0.075	0.075
0.851	0.074	0.074	0.001
0.742	0.075	0.075	0.108
0.924	0.001	0.001	0.074
>AAGGAAAGAA	18-AAGGAAAGAA	8.046504	-13.511161	0	T:125.0(5.11%),B:66.4(2.57%),P:1e-5	Tpos:38.9,Tstd:18.7,Bpos:40.1,Bstd:17.4,StrandBias:0.5,Multiplicity:1.16
0.714	0.001	0.221	0.064
0.893	0.001	0.105	0.001
0.055	0.001	0.775	0.169
0.001	0.096	0.870	0.033
0.906	0.092	0.001	0.001
0.837	0.066	0.096	0.001
0.820	0.001	0.178	0.001
0.099	0.001	0.685	0.215
0.753	0.067	0.179	0.001
0.678	0.001	0.001	0.320
>ATGCCTTTGC	19-ATGCCTTTGC	8.122321	-12.117581	0	T:34.0(1.39%),B:7.5(0.29%),P:1e-5	Tpos:40.6,Tstd:19.2,Bpos:27.7,Bstd:9.8,StrandBias:0.1,Multiplicity:1.03
0.696	0.081	0.051	0.172
0.074	0.017	0.034	0.875
0.036	0.019	0.892	0.053
0.051	0.704	0.051	0.194
0.070	0.860	0.017	0.053
0.156	0.051	0.001	0.792
0.051	0.036	0.051	0.862
0.034	0.017	0.132	0.817
0.086	0.051	0.792	0.071
0.087	0.739	0.087	0.087
>VNCTGAGGNN	20-VNCTGAGGNN	3.184966	-9.689393	0	T:339.0(13.86%),B:266.3(10.31%),P:1e-4	Tpos:38.8,Tstd:19.7,Bpos:33.8,Bstd:19.9,StrandBias:-0.3,Multiplicity:1.08
0.233	0.283	0.331	0.152
0.236	0.213	0.309	0.241
0.146	0.481	0.233	0.139
0.130	0.203	0.219	0.448
0.184	0.168	0.510	0.138
0.465	0.219	0.165	0.151
0.118	0.245	0.479	0.159
0.165	0.205	0.442	0.189
0.279	0.244	0.229	0.248
0.294	0.174	0.285	0.248
