>ACTTTGGAAG	1-ACTTTGGAAG	7.501866	-24.910932	0	T:139.0(5.68%),B:54.3(2.10%),P:1e-10	Tpos:34.5,Tstd:20.8,Bpos:35.5,Bstd:19.0,StrandBias:-0.1,Multiplicity:1.02
0.725	0.117	0.080	0.078
0.067	0.718	0.176	0.039
0.087	0.001	0.001	0.911
0.117	0.145	0.067	0.671
0.001	0.001	0.097	0.901
0.098	0.001	0.841	0.060
0.240	0.001	0.758	0.001
0.911	0.019	0.069	0.001
0.842	0.001	0.156	0.001
0.080	0.121	0.740	0.059
>GCCAGGCATG	2-GCCAGGCATG	7.450754	-23.576342	0	T:46.0(1.88%),B:4.0(0.16%),P:1e-10	Tpos:33.0,Tstd:19.4,Bpos:37.5,Bstd:16.8,StrandBias:0.0,Multiplicity:1.00
0.047	0.047	0.905	0.001
0.001	0.951	0.047	0.001
0.001	0.997	0.001	0.001
0.904	0.001	0.094	0.001
0.001	0.047	0.951	0.001
0.047	0.001	0.951	0.001
0.048	0.856	0.048	0.048
0.618	0.001	0.380	0.001
0.047	0.047	0.001	0.905
0.001	0.047	0.951	0.001
>TCATCATCTA	3-TCATCATCTA	7.421422	-23.391731	0	T:80.0(3.27%),B:20.8(0.80%),P:1e-10	Tpos:37.4,Tstd:20.2,Bpos:31.1,Bstd:23.5,StrandBias:0.1,Multiplicity:1.03
0.042	0.063	0.063	0.832
0.022	0.893	0.042	0.043
0.821	0.064	0.063	0.052
0.116	0.170	0.158	0.556
0.087	0.830	0.045	0.038
0.836	0.042	0.001	0.121
0.022	0.022	0.051	0.905
0.150	0.599	0.031	0.220
0.161	0.046	0.001	0.792
0.612	0.128	0.109	0.151
>AGGGATATCA	4-AGGGATATCA	5.958533	-21.513152	0	T:59.0(2.41%),B:11.7(0.45%),P:1e-9	Tpos:35.7,Tstd:19.0,Bpos:33.7,Bstd:16.4,StrandBias:0.1,Multiplicity:1.02
0.562	0.024	0.110	0.304
0.117	0.054	0.664	0.165
0.201	0.045	0.555	0.199
0.155	0.215	0.506	0.124
0.682	0.130	0.064	0.124
0.231	0.086	0.204	0.479
0.550	0.126	0.140	0.184
0.183	0.110	0.153	0.554
0.205	0.421	0.182	0.192
0.477	0.180	0.071	0.273
>TATGCCTGTA	5-TATGCCTGTA	9.720688	-20.996175	0	T:42.0(1.72%),B:4.7(0.18%),P:1e-9	Tpos:28.5,Tstd:16.5,Bpos:39.5,Bstd:9.3,StrandBias:-0.7,Multiplicity:1.00
0.061	0.187	0.061	0.691
0.755	0.183	0.001	0.061
0.061	0.061	0.001	0.877
0.060	0.001	0.938	0.001
0.061	0.877	0.001	0.061
0.131	0.807	0.061	0.001
0.001	0.001	0.001	0.997
0.001	0.121	0.877	0.001
0.001	0.001	0.001	0.997
0.938	0.001	0.001	0.060
>TTTCATATGT	6-TTTCATATGT	8.837595	-20.613204	0	T:51.0(2.09%),B:8.1(0.31%),P:1e-8	Tpos:34.2,Tstd:18.9,Bpos:24.1,Bstd:18.3,StrandBias:0.4,Multiplicity:1.02
0.209	0.001	0.001	0.789
0.297	0.001	0.001	0.701
0.001	0.001	0.001	0.997
0.106	0.892	0.001	0.001
0.997	0.001	0.001	0.001
0.110	0.140	0.140	0.610
0.683	0.139	0.177	0.001
0.070	0.001	0.070	0.859
0.001	0.140	0.691	0.168
0.150	0.001	0.140	0.709
>CCTCAKCCTC	7-CCTCAKCCTC	6.851186	-20.075665	0	T:253.0(10.34%),B:150.3(5.82%),P:1e-8	Tpos:37.9,Tstd:18.5,Bpos:37.7,Bstd:19.6,StrandBias:-0.2,Multiplicity:1.24
0.023	0.796	0.082	0.099
0.049	0.704	0.016	0.231
0.049	0.388	0.001	0.562
0.033	0.902	0.049	0.016
0.588	0.125	0.019	0.268
0.033	0.067	0.496	0.404
0.033	0.920	0.040	0.007
0.082	0.683	0.016	0.219
0.016	0.305	0.001	0.678
0.117	0.721	0.118	0.044
>CAGGATCTTG	8-CAGGATCTTG	7.332706	-18.949789	0	T:64.0(2.62%),B:16.9(0.65%),P:1e-8	Tpos:35.1,Tstd:19.3,Bpos:28.5,Bstd:16.6,StrandBias:-0.4,Multiplicity:1.00
0.096	0.768	0.055	0.081
0.837	0.027	0.027	0.109
0.027	0.043	0.834	0.096
0.095	0.081	0.757	0.067
0.783	0.054	0.082	0.081
0.082	0.054	0.120	0.744
0.040	0.814	0.067	0.079
0.055	0.027	0.013	0.905
0.136	0.042	0.040	0.782
0.042	0.082	0.795	0.081
>GGCAGAAAGT	9-GGCAGAAAGT	9.788645	-18.808545	0	T:26.0(1.06%),B:1.0(0.04%),P:1e-8	Tpos:34.4,Tstd:19.5,Bpos:59.0,Bstd:0.0,StrandBias:-0.1,Multiplicity:1.00
0.001	0.001	0.997	0.001
0.059	0.059	0.823	0.059
0.176	0.765	0.001	0.058
0.997	0.001	0.001	0.001
0.001	0.058	0.940	0.001
0.997	0.001	0.001	0.001
0.822	0.176	0.001	0.001
0.997	0.001	0.001	0.001
0.059	0.118	0.764	0.059
0.001	0.058	0.001	0.940
>CAATAAGCAT	10-CAATAAGCAT	7.755982	-18.103020	0	T:32.0(1.31%),B:2.2(0.09%),P:1e-7	Tpos:37.9,Tstd:17.4,Bpos:66.0,Bstd:0.0,StrandBias:0.5,Multiplicity:1.00
0.205	0.432	0.168	0.195
0.640	0.126	0.021	0.213
0.742	0.038	0.159	0.061
0.142	0.221	0.194	0.443
0.849	0.054	0.038	0.059
0.772	0.034	0.144	0.050
0.158	0.169	0.542	0.131
0.050	0.652	0.059	0.239
0.833	0.050	0.029	0.088
0.059	0.206	0.054	0.681
>DGAACCTAGN	11-DGAACCTAGN	5.259294	-17.239657	0	T:76.0(3.11%),B:25.6(0.99%),P:1e-7	Tpos:35.0,Tstd:18.9,Bpos:29.2,Bstd:20.9,StrandBias:0.4,Multiplicity:1.01
0.293	0.045	0.334	0.328
0.188	0.141	0.513	0.158
0.506	0.152	0.153	0.189
0.538	0.147	0.149	0.166
0.165	0.531	0.142	0.162
0.230	0.567	0.019	0.184
0.159	0.170	0.085	0.586
0.562	0.097	0.174	0.167
0.173	0.099	0.533	0.195
0.197	0.255	0.290	0.258
>AAGATAGAAG	12-AAGATAGAAG	7.790199	-17.192169	0	T:36.0(1.47%),B:4.8(0.19%),P:1e-7	Tpos:35.8,Tstd:20.8,Bpos:33.5,Bstd:16.5,StrandBias:-0.2,Multiplicity:1.00
0.796	0.012	0.084	0.108
0.904	0.013	0.024	0.059
0.047	0.060	0.810	0.083
0.676	0.097	0.119	0.108
0.036	0.097	0.060	0.807
0.844	0.047	0.037	0.072
0.071	0.083	0.775	0.071
0.739	0.095	0.095	0.071
0.868	0.012	0.037	0.083
0.048	0.071	0.797	0.084
>CCACCCCTTT	13-CCACCCCTTT	9.051324	-16.277115	0	T:32.0(1.31%),B:3.9(0.15%),P:1e-7	Tpos:42.6,Tstd:16.9,Bpos:24.1,Bstd:7.5,StrandBias:0.0,Multiplicity:1.07
0.001	0.997	0.001	0.001
0.001	0.940	0.058	0.001
0.881	0.001	0.001	0.117
0.001	0.940	0.058	0.001
0.001	0.997	0.001	0.001
0.001	0.940	0.001	0.058
0.001	0.997	0.001	0.001
0.058	0.001	0.001	0.940
0.059	0.059	0.059	0.823
0.059	0.235	0.118	0.588
>CCAGGAAGAA	14-CCAGGAAGAA	9.794714	-15.325981	0	T:33.0(1.35%),B:4.3(0.17%),P:1e-6	Tpos:36.7,Tstd:19.3,Bpos:26.3,Bstd:23.4,StrandBias:0.8,Multiplicity:1.00
0.100	0.750	0.050	0.100
0.099	0.899	0.001	0.001
0.997	0.001	0.001	0.001
0.001	0.001	0.899	0.099
0.001	0.050	0.899	0.050
0.800	0.100	0.050	0.050
0.997	0.001	0.001	0.001
0.050	0.001	0.849	0.100
0.949	0.049	0.001	0.001
0.949	0.001	0.049	0.001
>WTTTATTTWT	15-WTTTATTTWT	7.282629	-15.054760	0	T:397.0(16.23%),B:293.7(11.37%),P:1e-6	Tpos:36.8,Tstd:19.3,Bpos:37.2,Bstd:19.9,StrandBias:-0.4,Multiplicity:1.24
0.403	0.078	0.001	0.518
0.150	0.063	0.062	0.725
0.234	0.036	0.123	0.607
0.001	0.160	0.001	0.838
0.592	0.164	0.243	0.001
0.001	0.001	0.093	0.905
0.217	0.001	0.001	0.781
0.001	0.104	0.029	0.866
0.404	0.001	0.095	0.500
0.357	0.036	0.076	0.531
>CGTGTGCATG	16-CGTGTGCATG	8.521685	-14.455398	0	T:20.0(0.82%),B:1.0(0.04%),P:1e-6	Tpos:34.3,Tstd:16.1,Bpos:50.0,Bstd:0.0,StrandBias:-0.5,Multiplicity:1.00
0.181	0.575	0.060	0.184
0.124	0.082	0.715	0.079
0.060	0.040	0.062	0.838
0.039	0.001	0.921	0.039
0.022	0.001	0.039	0.938
0.040	0.079	0.742	0.139
0.040	0.821	0.040	0.099
0.821	0.040	0.079	0.060
0.079	0.020	0.042	0.859
0.001	0.079	0.801	0.119
>ATACTTAAAA	17-ATACTTAAAA	8.432309	-13.773735	0	T:39.0(1.59%),B:8.3(0.32%),P:1e-5	Tpos:38.8,Tstd:19.2,Bpos:44.4,Bstd:19.1,StrandBias:0.4,Multiplicity:1.05
0.924	0.001	0.074	0.001
0.001	0.001	0.039	0.959
0.849	0.076	0.074	0.001
0.013	0.897	0.001	0.089
0.001	0.001	0.001	0.997
0.001	0.001	0.001	0.997
0.775	0.075	0.075	0.075
0.851	0.074	0.074	0.001
0.742	0.075	0.075	0.108
0.924	0.001	0.001	0.074
>AAGGAAAGAA	18-AAGGAAAGAA	8.046504	-13.511161	0	T:125.0(5.11%),B:66.4(2.57%),P:1e-5	Tpos:38.9,Tstd:18.7,Bpos:40.1,Bstd:17.4,StrandBias:0.5,Multiplicity:1.16
0.714	0.001	0.221	0.064
0.893	0.001	0.105	0.001
0.055	0.001	0.775	0.169
0.001	0.096	0.870	0.033
0.906	0.092	0.001	0.001
0.837	0.066	0.096	0.001
0.820	0.001	0.178	0.001
0.099	0.001	0.685	0.215
0.753	0.067	0.179	0.001
0.678	0.001	0.001	0.320
>ATGCCTTTGC	19-ATGCCTTTGC	8.122321	-12.117581	0	T:34.0(1.39%),B:7.5(0.29%),P:1e-5	Tpos:40.6,Tstd:19.2,Bpos:27.7,Bstd:9.8,StrandBias:0.1,Multiplicity:1.03
0.696	0.081	0.051	0.172
0.074	0.017	0.034	0.875
0.036	0.019	0.892	0.053
0.051	0.704	0.051	0.194
0.070	0.860	0.017	0.053
0.156	0.051	0.001	0.792
0.051	0.036	0.051	0.862
0.034	0.017	0.132	0.817
0.086	0.051	0.792	0.071
0.087	0.739	0.087	0.087
>VNCTGAGGNN	20-VNCTGAGGNN	3.184966	-9.689393	0	T:339.0(13.86%),B:266.3(10.31%),P:1e-4	Tpos:38.8,Tstd:19.7,Bpos:33.8,Bstd:19.9,StrandBias:-0.3,Multiplicity:1.08
0.233	0.283	0.331	0.152
0.236	0.213	0.309	0.241
0.146	0.481	0.233	0.139
0.130	0.203	0.219	0.448
0.184	0.168	0.510	0.138
0.465	0.219	0.165	0.151
0.118	0.245	0.479	0.159
0.165	0.205	0.442	0.189
0.279	0.244	0.229	0.248
0.294	0.174	0.285	0.248
>CAGGCATGGTGG	1-CAGGCATGGTGG	7.622972	-19.727592	0	T:88.0(3.60%),B:29.2(1.13%),P:1e-8	Tpos:32.4,Tstd:17.7,Bpos:39.2,Bstd:17.0,StrandBias:0.5,Multiplicity:1.01
0.068	0.710	0.111	0.111
0.847	0.009	0.126	0.018
0.094	0.051	0.796	0.059
0.052	0.094	0.794	0.060
0.111	0.656	0.119	0.114
0.702	0.103	0.126	0.069
0.119	0.094	0.077	0.710
0.119	0.017	0.770	0.094
0.051	0.120	0.752	0.077
0.136	0.034	0.144	0.686
0.068	0.017	0.821	0.094
0.068	0.059	0.771	0.102
>TDAAATATATAT	2-TDAAATATATAT	10.669564	-17.705692	0	T:46.0(1.88%),B:8.6(0.33%),P:1e-7	Tpos:35.4,Tstd:18.5,Bpos:26.9,Bstd:15.2,StrandBias:-0.1,Multiplicity:1.23
0.275	0.001	0.057	0.667
0.309	0.138	0.215	0.337
0.997	0.001	0.001	0.001
0.806	0.001	0.058	0.135
0.997	0.001	0.001	0.001
0.212	0.001	0.001	0.786
0.747	0.001	0.098	0.154
0.114	0.001	0.001	0.884
0.780	0.001	0.057	0.162
0.058	0.001	0.001	0.940
0.533	0.060	0.116	0.291
0.097	0.076	0.001	0.826
>TCTMAAAWAAAA	3-TCTMAAAWAAAA	9.542596	-16.774659	0	T:104.0(4.25%),B:44.6(1.73%),P:1e-7	Tpos:34.9,Tstd:19.6,Bpos:39.5,Bstd:14.1,StrandBias:0.8,Multiplicity:1.03
0.125	0.046	0.024	0.805
0.114	0.530	0.080	0.276
0.284	0.001	0.011	0.704
0.368	0.428	0.001	0.203
0.840	0.011	0.046	0.103
0.827	0.001	0.069	0.103
0.919	0.001	0.012	0.068
0.413	0.023	0.035	0.529
0.885	0.011	0.023	0.081
0.852	0.057	0.001	0.090
0.785	0.125	0.045	0.045
0.976	0.022	0.001	0.001
>CTGCCTCAKCCT	4-CTGCCTCAKCCT	9.972307	-16.602885	0	T:68.0(2.78%),B:22.0(0.85%),P:1e-7	Tpos:39.0,Tstd:19.1,Bpos:41.2,Bstd:15.8,StrandBias:-0.5,Multiplicity:1.01
0.035	0.901	0.032	0.032
0.129	0.001	0.001	0.869
0.001	0.097	0.772	0.130
0.065	0.838	0.065	0.032
0.065	0.804	0.001	0.130
0.001	0.001	0.001	0.997
0.032	0.904	0.032	0.032
0.756	0.165	0.014	0.065
0.035	0.162	0.335	0.468
0.032	0.902	0.065	0.001
0.001	0.996	0.001	0.002
0.065	0.100	0.001	0.834
>ATTTTRTGTTTT	5-ATTTTRTGTTTT	10.384893	-15.811719	0	T:76.0(3.11%),B:27.4(1.06%),P:1e-6	Tpos:35.3,Tstd:21.2,Bpos:32.4,Bstd:16.7,StrandBias:0.1,Multiplicity:1.04
0.620	0.001	0.001	0.378
0.001	0.154	0.001	0.844
0.001	0.001	0.001	0.997
0.108	0.001	0.103	0.788
0.001	0.001	0.001	0.997
0.435	0.220	0.344	0.001
0.001	0.001	0.001	0.997
0.342	0.001	0.656	0.001
0.258	0.001	0.051	0.690
0.001	0.001	0.159	0.839
0.001	0.001	0.001	0.997
0.001	0.001	0.159	0.839
>GAGGCTGAGGNA	6-GAGGCTGAGGNA	5.418129	-15.201872	0	T:491.0(20.07%),B:379.2(14.68%),P:1e-6	Tpos:38.3,Tstd:18.3,Bpos:35.0,Bstd:18.9,StrandBias:0.0,Multiplicity:1.19
0.018	0.210	0.769	0.003
0.681	0.060	0.138	0.121
0.217	0.003	0.621	0.159
0.178	0.102	0.654	0.066
0.213	0.652	0.009	0.126
0.212	0.139	0.021	0.628
0.199	0.133	0.575	0.093
0.659	0.003	0.193	0.145
0.195	0.001	0.795	0.009
0.202	0.018	0.768	0.012
0.273	0.274	0.157	0.296
0.396	0.177	0.219	0.208
>TTTTATTYTCTT	7-TTTTATTYTCTT	10.528616	-14.406417	0	T:36.0(1.47%),B:6.4(0.25%),P:1e-6	Tpos:36.7,Tstd:16.8,Bpos:32.0,Bstd:19.5,StrandBias:-0.2,Multiplicity:1.00
0.001	0.064	0.001	0.934
0.065	0.065	0.130	0.740
0.129	0.001	0.001	0.869
0.065	0.001	0.008	0.926
0.982	0.016	0.001	0.001
0.282	0.001	0.001	0.716
0.129	0.001	0.001	0.869
0.139	0.398	0.009	0.455
0.001	0.064	0.001	0.934
0.065	0.900	0.009	0.026
0.001	0.001	0.001	0.997
0.001	0.129	0.001	0.869
>NNCATGCCTGTA	8-NNCATGCCTGTA	6.180819	-14.324120	0	T:40.0(1.64%),B:8.9(0.35%),P:1e-6	Tpos:31.5,Tstd:17.3,Bpos:47.7,Bstd:13.1,StrandBias:-0.4,Multiplicity:1.03
0.249	0.310	0.204	0.237
0.231	0.191	0.316	0.262
0.181	0.463	0.168	0.187
0.576	0.152	0.114	0.158
0.128	0.088	0.118	0.666
0.168	0.140	0.533	0.159
0.161	0.543	0.139	0.157
0.131	0.611	0.098	0.160
0.165	0.117	0.102	0.616
0.176	0.170	0.466	0.188
0.206	0.156	0.196	0.443
0.459	0.191	0.150	0.200
>AAATAAAGAAAT	9-AAATAAAGAAAT	10.278513	-13.257749	0	T:73.0(2.98%),B:29.6(1.14%),P:1e-5	Tpos:36.4,Tstd:17.9,Bpos:37.4,Bstd:14.0,StrandBias:0.0,Multiplicity:1.05
0.951	0.047	0.001	0.001
0.840	0.048	0.001	0.111
0.729	0.032	0.048	0.191
0.033	0.001	0.103	0.863
0.808	0.033	0.080	0.079
0.852	0.067	0.048	0.033
0.997	0.001	0.001	0.001
0.283	0.048	0.566	0.103
0.951	0.032	0.016	0.001
0.804	0.001	0.080	0.115
0.770	0.001	0.158	0.071
0.211	0.095	0.098	0.596
>GAAAGGAAGGAA	10-GAAAGGAAGGAA	11.385233	-10.026775	0	T:22.0(0.90%),B:3.5(0.14%),P:1e-4	Tpos:38.0,Tstd:18.6,Bpos:19.3,Bstd:10.1,StrandBias:0.5,Multiplicity:1.27
0.049	0.001	0.901	0.049
0.558	0.001	0.291	0.150
0.997	0.001	0.001	0.001
0.754	0.001	0.244	0.001
0.146	0.001	0.852	0.001
0.101	0.001	0.849	0.049
0.997	0.001	0.001	0.001
0.950	0.048	0.001	0.001
0.255	0.001	0.643	0.101
0.001	0.001	0.950	0.048
0.740	0.001	0.258	0.001
0.950	0.001	0.001	0.048
>AAAMAAACAAAC	11-AAAMAAACAAAC	12.603149	-8.239914	0	T:23.0(0.94%),B:5.6(0.22%),P:1e-3	Tpos:32.5,Tstd:15.6,Bpos:40.3,Bstd:16.1,StrandBias:3.6,Multiplicity:1.22
0.582	0.278	0.139	0.001
0.997	0.001	0.001	0.001
0.997	0.001	0.001	0.001
0.442	0.419	0.070	0.070
0.997	0.001	0.001	0.001
0.997	0.001	0.001	0.001
0.997	0.001	0.001	0.001
0.001	0.997	0.001	0.001
0.997	0.001	0.001	0.001
0.860	0.138	0.001	0.001
0.860	0.138	0.001	0.001
0.319	0.601	0.075	0.005
>CCCCAGCC	1-CCCCAGCC	5.223377	-19.464926	0	T:379.0(15.49%),B:259.7(10.05%),P:1e-8	Tpos:36.4,Tstd:18.8,Bpos:38.0,Bstd:19.6,StrandBias:0.0,Multiplicity:1.18
0.076	0.770	0.113	0.041
0.084	0.813	0.041	0.062
0.106	0.725	0.014	0.155
0.141	0.758	0.053	0.048
0.751	0.057	0.083	0.109
0.109	0.124	0.635	0.132
0.056	0.773	0.126	0.045
0.107	0.782	0.014	0.097
>CTCATCAT	2-CTCATCAT	8.824391	-18.176530	0	T:53.0(2.17%),B:11.6(0.45%),P:1e-7	Tpos:37.2,Tstd:21.0,Bpos:26.3,Bstd:23.1,StrandBias:0.6,Multiplicity:1.02
0.001	0.678	0.001	0.320
0.001	0.001	0.001	0.997
0.001	0.997	0.001	0.001
0.930	0.001	0.068	0.001
0.001	0.001	0.001	0.997
0.001	0.997	0.001	0.001
0.831	0.001	0.001	0.167
0.001	0.001	0.001	0.997
>ATCGCAGC	3-ATCGCAGC	5.777870	-17.399653	0	T:162.0(6.62%),B:85.6(3.31%),P:1e-7	Tpos:36.4,Tstd:21.1,Bpos:35.5,Bstd:21.0,StrandBias:-0.1,Multiplicity:1.03
0.707	0.182	0.019	0.092
0.102	0.168	0.122	0.608
0.127	0.548	0.098	0.227
0.032	0.102	0.769	0.097
0.054	0.830	0.041	0.075
0.809	0.001	0.088	0.102
0.067	0.035	0.846	0.052
0.001	0.803	0.144	0.052
>CAGGCGTG	4-CAGGCGTG	7.046079	-17.124305	0	T:93.0(3.80%),B:36.1(1.40%),P:1e-7	Tpos:32.6,Tstd:19.0,Bpos:37.7,Bstd:18.4,StrandBias:-0.1,Multiplicity:1.06
0.012	0.767	0.053	0.168
0.534	0.001	0.259	0.206
0.001	0.001	0.990	0.008
0.052	0.053	0.886	0.009
0.204	0.787	0.001	0.008
0.322	0.001	0.674	0.003
0.012	0.001	0.154	0.833
0.067	0.052	0.878	0.003
>TRTHTTTH	5-TRTHTTTH	5.622740	-15.499812	0	T:568.0(23.22%),B:450.4(17.43%),P:1e-6	Tpos:37.7,Tstd:19.3,Bpos:37.8,Bstd:19.8,StrandBias:-0.2,Multiplicity:1.30
0.338	0.001	0.001	0.660
0.426	0.071	0.282	0.220
0.001	0.001	0.001	0.997
0.325	0.348	0.066	0.261
0.001	0.001	0.051	0.947
0.175	0.171	0.203	0.451
0.001	0.268	0.124	0.607
0.349	0.318	0.001	0.332
>CGCCCAAG	6-CGCCCAAG	8.130176	-13.255390	0	T:34.0(1.39%),B:6.0(0.23%),P:1e-5	Tpos:37.0,Tstd:21.0,Bpos:13.0,Bstd:0.0,StrandBias:0.9,Multiplicity:1.00
0.001	0.997	0.001	0.001
0.001	0.001	0.824	0.174
0.135	0.729	0.135	0.001
0.135	0.863	0.001	0.001
0.001	0.863	0.001	0.135
0.863	0.001	0.135	0.001
0.863	0.135	0.001	0.001
0.001	0.001	0.997	0.001
>GAAGGAAC	7-GAAGGAAC	7.074061	-11.667943	0	T:133.0(5.44%),B:77.2(2.99%),P:1e-5	Tpos:33.9,Tstd:19.2,Bpos:35.6,Bstd:20.7,StrandBias:0.4,Multiplicity:1.18
0.050	0.090	0.859	0.001
0.939	0.059	0.001	0.001
0.970	0.001	0.028	0.001
0.155	0.001	0.775	0.069
0.001	0.001	0.939	0.059
0.864	0.001	0.090	0.045
0.911	0.029	0.001	0.059
0.107	0.772	0.087	0.034
>CACKKTGG	8-CACKKTGG	7.129276	-7.831340	0	T:73.0(2.98%),B:40.8(1.58%),P:1e-3	Tpos:37.0,Tstd:21.2,Bpos:40.2,Bstd:23.1,StrandBias:0.3,Multiplicity:1.03
0.063	0.858	0.001	0.078
0.962	0.001	0.001	0.036
0.001	0.609	0.150	0.240
0.001	0.178	0.422	0.400
0.001	0.111	0.455	0.433
0.001	0.001	0.133	0.865
0.199	0.001	0.477	0.323
0.001	0.001	0.745	0.253
