>CCCCAGCC	1-CCCCAGCC	5.223377	-19.464926	0	T:379.0(15.49%),B:259.7(10.05%),P:1e-8	Tpos:36.4,Tstd:18.8,Bpos:38.0,Bstd:19.6,StrandBias:0.0,Multiplicity:1.18
0.076	0.770	0.113	0.041
0.084	0.813	0.041	0.062
0.106	0.725	0.014	0.155
0.141	0.758	0.053	0.048
0.751	0.057	0.083	0.109
0.109	0.124	0.635	0.132
0.056	0.773	0.126	0.045
0.107	0.782	0.014	0.097
>CTCATCAT	2-CTCATCAT	8.824391	-18.176530	0	T:53.0(2.17%),B:11.6(0.45%),P:1e-7	Tpos:37.2,Tstd:21.0,Bpos:26.3,Bstd:23.1,StrandBias:0.6,Multiplicity:1.02
0.001	0.678	0.001	0.320
0.001	0.001	0.001	0.997
0.001	0.997	0.001	0.001
0.930	0.001	0.068	0.001
0.001	0.001	0.001	0.997
0.001	0.997	0.001	0.001
0.831	0.001	0.001	0.167
0.001	0.001	0.001	0.997
>ATCGCAGC	3-ATCGCAGC	5.777870	-17.399653	0	T:162.0(6.62%),B:85.6(3.31%),P:1e-7	Tpos:36.4,Tstd:21.1,Bpos:35.5,Bstd:21.0,StrandBias:-0.1,Multiplicity:1.03
0.707	0.182	0.019	0.092
0.102	0.168	0.122	0.608
0.127	0.548	0.098	0.227
0.032	0.102	0.769	0.097
0.054	0.830	0.041	0.075
0.809	0.001	0.088	0.102
0.067	0.035	0.846	0.052
0.001	0.803	0.144	0.052
>CAGGCGTG	4-CAGGCGTG	7.046079	-17.124305	0	T:93.0(3.80%),B:36.1(1.40%),P:1e-7	Tpos:32.6,Tstd:19.0,Bpos:37.7,Bstd:18.4,StrandBias:-0.1,Multiplicity:1.06
0.012	0.767	0.053	0.168
0.534	0.001	0.259	0.206
0.001	0.001	0.990	0.008
0.052	0.053	0.886	0.009
0.204	0.787	0.001	0.008
0.322	0.001	0.674	0.003
0.012	0.001	0.154	0.833
0.067	0.052	0.878	0.003
>TRTHTTTH	5-TRTHTTTH	5.622740	-15.499812	0	T:568.0(23.22%),B:450.4(17.43%),P:1e-6	Tpos:37.7,Tstd:19.3,Bpos:37.8,Bstd:19.8,StrandBias:-0.2,Multiplicity:1.30
0.338	0.001	0.001	0.660
0.426	0.071	0.282	0.220
0.001	0.001	0.001	0.997
0.325	0.348	0.066	0.261
0.001	0.001	0.051	0.947
0.175	0.171	0.203	0.451
0.001	0.268	0.124	0.607
0.349	0.318	0.001	0.332
>CGCCCAAG	6-CGCCCAAG	8.130176	-13.255390	0	T:34.0(1.39%),B:6.0(0.23%),P:1e-5	Tpos:37.0,Tstd:21.0,Bpos:13.0,Bstd:0.0,StrandBias:0.9,Multiplicity:1.00
0.001	0.997	0.001	0.001
0.001	0.001	0.824	0.174
0.135	0.729	0.135	0.001
0.135	0.863	0.001	0.001
0.001	0.863	0.001	0.135
0.863	0.001	0.135	0.001
0.863	0.135	0.001	0.001
0.001	0.001	0.997	0.001
>GAAGGAAC	7-GAAGGAAC	7.074061	-11.667943	0	T:133.0(5.44%),B:77.2(2.99%),P:1e-5	Tpos:33.9,Tstd:19.2,Bpos:35.6,Bstd:20.7,StrandBias:0.4,Multiplicity:1.18
0.050	0.090	0.859	0.001
0.939	0.059	0.001	0.001
0.970	0.001	0.028	0.001
0.155	0.001	0.775	0.069
0.001	0.001	0.939	0.059
0.864	0.001	0.090	0.045
0.911	0.029	0.001	0.059
0.107	0.772	0.087	0.034
>CACKKTGG	8-CACKKTGG	7.129276	-7.831340	0	T:73.0(2.98%),B:40.8(1.58%),P:1e-3	Tpos:37.0,Tstd:21.2,Bpos:40.2,Bstd:23.1,StrandBias:0.3,Multiplicity:1.03
0.063	0.858	0.001	0.078
0.962	0.001	0.001	0.036
0.001	0.609	0.150	0.240
0.001	0.178	0.422	0.400
0.001	0.111	0.455	0.433
0.001	0.001	0.133	0.865
0.199	0.001	0.477	0.323
0.001	0.001	0.745	0.253
