>TGTGTGTGTGTA	14-TGTGTGTGTGTA	9.572717	-10.016708	0	T:61.0(1.60%),B:26.9(0.67%),P:1e-4
0.001	0.051	0.024	0.924
0.175	0.123	0.677	0.025
0.024	0.074	0.024	0.878
0.122	0.001	0.876	0.001
0.001	0.048	0.001	0.950
0.077	0.025	0.751	0.147
0.024	0.001	0.001	0.974
0.098	0.097	0.732	0.073
0.048	0.048	0.001	0.903
0.199	0.122	0.504	0.175
0.074	0.001	0.001	0.924
0.622	0.027	0.179	0.172
