>AAAGAGAGAAAG	10-CTTTCTCTCTTT	9.447188	-16.271410	0	T:124.0(3.25%),B:58.7(1.47%),P:1e-7
0.827	0.023	0.021	0.129
0.796	0.110	0.073	0.021
0.913	0.001	0.085	0.001
0.175	0.063	0.718	0.044
0.935	0.001	0.022	0.042
0.215	0.042	0.701	0.042
0.870	0.001	0.087	0.042
0.086	0.086	0.783	0.045
0.874	0.063	0.042	0.021
0.830	0.106	0.063	0.001
0.851	0.063	0.001	0.085
0.153	0.021	0.781	0.045
