>ATATATAAATAA	3-ATATATAAATAA,BestGuess:zen/dmmpmm(Down)/fly(0.795)	9.894177	-28.991500	0	T:121.0(3.17%),B:36.6(0.92%),P:1e-12
0.952	0.016	0.016	0.016
0.331	0.048	0.017	0.604
0.715	0.048	0.016	0.221
0.223	0.094	0.031	0.652
0.826	0.001	0.125	0.048
0.286	0.062	0.048	0.604
0.952	0.001	0.016	0.031
0.905	0.031	0.001	0.063
0.952	0.046	0.001	0.001
0.031	0.063	0.032	0.874
0.747	0.016	0.078	0.159
0.873	0.031	0.016	0.080
