>CTTTCTCTCTTT	10-CTTTCTCTCTTT,BestGuess:blmp-1/MA0537.1/Jaspar(0.766)	9.447188	-16.271410	0	T:124.0(3.25%),B:58.7(1.47%),P:1e-7
0.045	0.781	0.021	0.153
0.085	0.001	0.063	0.851
0.001	0.063	0.106	0.830
0.021	0.042	0.063	0.874
0.045	0.783	0.086	0.086
0.042	0.087	0.001	0.870
0.042	0.701	0.042	0.215
0.042	0.022	0.001	0.935
0.044	0.718	0.063	0.175
0.001	0.085	0.001	0.913
0.021	0.073	0.110	0.796
0.129	0.021	0.023	0.827
