>GGATTACAGGTA	3-GGATTACAGGTA	8.622005	-19.328598	0	T:34.0(2.15%),B:2.9(0.18%),P:1e-8
0.163	0.050	0.637	0.150
0.167	0.083	0.609	0.141
0.678	0.085	0.111	0.126
0.130	0.080	0.085	0.705
0.106	0.095	0.135	0.664
0.654	0.126	0.085	0.135
0.150	0.666	0.095	0.089
0.803	0.039	0.028	0.130
0.130	0.037	0.677	0.156
0.148	0.100	0.604	0.148
0.135	0.122	0.122	0.621
0.684	0.072	0.120	0.124
