>CCTGCCTCMNCC	5-GGNKGAGGCAGG	9.015631	-15.359282	0	T:48.0(3.04%),B:11.8(0.72%),P:1e-6
0.006	0.841	0.072	0.081
0.057	0.811	0.017	0.115
0.187	0.121	0.080	0.612
0.164	0.213	0.439	0.184
0.001	0.781	0.109	0.109
0.097	0.713	0.001	0.189
0.120	0.346	0.001	0.533
0.023	0.850	0.029	0.098
0.439	0.366	0.017	0.178
0.268	0.191	0.259	0.282
0.017	0.782	0.086	0.115
0.092	0.804	0.029	0.075
