>GGCAYDKTGVTG	2-GGCAYDKTGVTG	7.125212	-20.951318	0	T:79.0(5.00%),B:23.0(1.39%),P:1e-9
0.061	0.001	0.906	0.032
0.032	0.092	0.847	0.029
0.031	0.874	0.003	0.092
0.688	0.061	0.130	0.121
0.060	0.430	0.089	0.422
0.300	0.001	0.304	0.395
0.029	0.090	0.468	0.413
0.059	0.001	0.091	0.849
0.032	0.058	0.850	0.060
0.355	0.238	0.378	0.029
0.029	0.276	0.240	0.455
0.243	0.029	0.477	0.250
