>AATTTTTAAAAW	6-AATTTTTAAAAW,BestGuess:Unknown6/Drosophila-Promoters/Homer(0.881)	7.711702	-12.294217	0	T:153.0(9.68%),B:91.8(5.56%),P:1e-5
0.517	0.121	0.026	0.336
0.557	0.133	0.052	0.258
0.340	0.013	0.013	0.634
0.185	0.056	0.069	0.690
0.147	0.004	0.026	0.823
0.047	0.004	0.009	0.940
0.125	0.035	0.047	0.793
0.625	0.069	0.052	0.254
0.880	0.034	0.017	0.069
0.781	0.021	0.009	0.189
0.724	0.039	0.030	0.207
0.496	0.030	0.125	0.349
