>WTTTTAAAAATT	6-AATTTTTAAAAW	7.711702	-12.294217	0	T:153.0(9.68%),B:91.8(5.56%),P:1e-5
0.349	0.125	0.030	0.496
0.207	0.030	0.039	0.724
0.189	0.009	0.021	0.781
0.069	0.017	0.034	0.880
0.254	0.052	0.069	0.625
0.793	0.047	0.035	0.125
0.940	0.009	0.004	0.047
0.823	0.026	0.004	0.147
0.690	0.069	0.056	0.185
0.634	0.013	0.013	0.340
0.258	0.052	0.133	0.557
0.336	0.026	0.121	0.517
