>GGNKGAGGCAGG	5-GGNKGAGGCAGG,BestGuess:PB0097.1_Zfp281_1/Jaspar(0.699)	9.015631	-15.359282	0	T:48.0(3.04%),B:11.8(0.72%),P:1e-6
0.075	0.029	0.804	0.092
0.115	0.086	0.782	0.017
0.282	0.259	0.191	0.268
0.178	0.017	0.366	0.439
0.098	0.029	0.850	0.023
0.533	0.001	0.346	0.120
0.189	0.001	0.713	0.097
0.109	0.109	0.781	0.001
0.184	0.439	0.213	0.164
0.612	0.080	0.121	0.187
0.115	0.017	0.811	0.057
0.081	0.072	0.841	0.006
