>WGCTGGGATYWH	1-WGCTGGGATYWH	6.404456	-65.989962	0	T:362.0(23.23%),B:132.0(8.63%),P:1e-28	Tpos:37.3,Tstd:19.0,Bpos:36.7,Bstd:23.4,StrandBias:0.1,Multiplicity:1.08
0.428	0.001	0.188	0.383
0.001	0.039	0.921	0.039
0.284	0.489	0.180	0.047
0.001	0.150	0.001	0.848
0.126	0.001	0.872	0.001
0.261	0.001	0.605	0.133
0.030	0.001	0.968	0.001
0.749	0.001	0.196	0.054
0.172	0.149	0.204	0.475
0.158	0.283	0.134	0.425
0.386	0.110	0.182	0.323
0.204	0.317	0.141	0.338
>AWWAAAAATAWA	2-AWWAAAAATAWA	6.958649	-49.820056	0	T:424.0(27.21%),B:203.8(13.33%),P:1e-21	Tpos:37.8,Tstd:19.3,Bpos:33.5,Bstd:20.3,StrandBias:-0.3,Multiplicity:1.28
0.553	0.102	0.001	0.344
0.454	0.146	0.087	0.314
0.516	0.083	0.001	0.400
0.476	0.056	0.155	0.313
0.522	0.084	0.115	0.279
0.757	0.001	0.001	0.241
0.606	0.071	0.059	0.264
0.997	0.001	0.001	0.001
0.001	0.235	0.001	0.763
0.832	0.062	0.105	0.001
0.441	0.140	0.059	0.360
0.602	0.001	0.001	0.396
>GAGGCTGAGGTK	3-GAGGCTGAGGTK	3.402446	-44.769030	0	T:258.0(16.56%),B:95.2(6.23%),P:1e-19	Tpos:36.9,Tstd:18.3,Bpos:32.8,Bstd:22.2,StrandBias:0.6,Multiplicity:1.61
0.037	0.092	0.870	0.001
0.997	0.001	0.001	0.001
0.001	0.001	0.997	0.001
0.001	0.001	0.997	0.001
0.018	0.747	0.001	0.234
0.279	0.001	0.233	0.486
0.001	0.001	0.997	0.001
0.779	0.074	0.129	0.018
0.149	0.001	0.849	0.001
0.001	0.001	0.997	0.001
0.001	0.221	0.018	0.760
0.076	0.001	0.431	0.492
>TSCCCAGGCTGG	4-TSCCCAGGCTGG	4.786085	-43.372388	0	T:513.0(32.93%),B:287.1(18.78%),P:1e-18	Tpos:36.3,Tstd:18.6,Bpos:36.1,Bstd:24.6,StrandBias:-0.1,Multiplicity:1.25
0.258	0.137	0.118	0.487
0.137	0.333	0.399	0.131
0.241	0.438	0.224	0.098
0.039	0.729	0.085	0.147
0.197	0.626	0.036	0.141
0.559	0.024	0.173	0.244
0.195	0.019	0.609	0.177
0.013	0.310	0.671	0.006
0.222	0.529	0.163	0.086
0.372	0.043	0.017	0.568
0.177	0.026	0.716	0.081
0.169	0.190	0.602	0.039
>DTATBTWTWSTA	5-DTATBTWTWSTA	7.426696	-31.265092	0	T:210.0(13.48%),B:85.3(5.58%),P:1e-13	Tpos:34.9,Tstd:19.3,Bpos:37.2,Bstd:22.9,StrandBias:0.5,Multiplicity:1.06
0.282	0.001	0.403	0.314
0.001	0.166	0.001	0.832
0.535	0.180	0.001	0.284
0.167	0.001	0.016	0.816
0.165	0.268	0.248	0.320
0.001	0.234	0.016	0.749
0.315	0.167	0.137	0.381
0.001	0.016	0.016	0.967
0.418	0.016	0.167	0.398
0.135	0.299	0.399	0.167
0.015	0.001	0.001	0.983
0.719	0.016	0.016	0.249
>CTCWGKAGTTTG	6-CTCWGKAGTTTG	10.087099	-29.838523	0	T:84.0(5.39%),B:14.9(0.98%),P:1e-12	Tpos:32.6,Tstd:19.5,Bpos:24.1,Bstd:21.1,StrandBias:-0.9,Multiplicity:1.09
0.001	0.613	0.228	0.158
0.276	0.258	0.001	0.465
0.001	0.997	0.001	0.001
0.496	0.001	0.001	0.502
0.001	0.001	0.772	0.226
0.001	0.247	0.318	0.435
0.930	0.001	0.001	0.068
0.088	0.178	0.516	0.218
0.001	0.001	0.001	0.997
0.001	0.001	0.001	0.997
0.068	0.001	0.001	0.930
0.078	0.148	0.773	0.001
>CCTCCCAGGTTC	7-CCTCCCAGGTTC	8.239995	-25.677724	0	T:65.0(4.17%),B:9.6(0.63%),P:1e-11	Tpos:48.2,Tstd:18.2,Bpos:49.9,Bstd:14.0,StrandBias:-1.2,Multiplicity:1.00
0.103	0.677	0.056	0.164
0.108	0.726	0.056	0.110
0.001	0.102	0.001	0.896
0.103	0.726	0.010	0.161
0.051	0.947	0.001	0.001
0.001	0.835	0.001	0.163
0.824	0.007	0.005	0.164
0.127	0.159	0.587	0.127
0.105	0.112	0.675	0.108
0.056	0.154	0.051	0.739
0.022	0.103	0.103	0.772
0.001	0.775	0.070	0.154
>AGAATTWCTTKA	8-AGAATTWCTTKA	9.152331	-25.103544	0	T:64.0(4.11%),B:9.3(0.61%),P:1e-10	Tpos:33.3,Tstd:14.9,Bpos:48.4,Bstd:17.2,StrandBias:0.9,Multiplicity:1.00
0.997	0.001	0.001	0.001
0.020	0.167	0.520	0.293
0.670	0.020	0.186	0.124
0.646	0.040	0.001	0.313
0.249	0.143	0.001	0.607
0.128	0.124	0.143	0.605
0.414	0.081	0.192	0.313
0.128	0.602	0.065	0.205
0.001	0.001	0.001	0.997
0.269	0.001	0.020	0.710
0.150	0.063	0.456	0.330
0.774	0.001	0.205	0.020
>TCTYGCTCTGTC	9-TCTYGCTCTGTC	9.240567	-23.961710	0	T:62.0(3.98%),B:9.9(0.64%),P:1e-10	Tpos:40.8,Tstd:17.7,Bpos:45.5,Bstd:14.1,StrandBias:-0.7,Multiplicity:1.02
0.001	0.240	0.001	0.758
0.001	0.977	0.001	0.021
0.001	0.001	0.001	0.997
0.080	0.510	0.001	0.409
0.172	0.081	0.560	0.187
0.021	0.626	0.161	0.192
0.001	0.001	0.001	0.997
0.001	0.758	0.240	0.001
0.001	0.106	0.001	0.892
0.101	0.001	0.631	0.267
0.001	0.160	0.001	0.838
0.001	0.732	0.001	0.266
>GGCTCACWGCWG	10-GGCTCACWGCWG	9.217806	-22.273067	0	T:70.0(4.49%),B:14.3(0.93%),P:1e-9	Tpos:42.2,Tstd:23.3,Bpos:29.1,Bstd:9.7,StrandBias:-1.2,Multiplicity:1.00
0.161	0.001	0.705	0.133
0.009	0.133	0.857	0.001
0.001	0.752	0.246	0.001
0.001	0.025	0.001	0.973
0.001	0.973	0.001	0.025
0.947	0.001	0.001	0.051
0.001	0.840	0.001	0.158
0.431	0.001	0.001	0.567
0.001	0.001	0.997	0.001
0.001	0.997	0.001	0.001
0.459	0.001	0.001	0.539
0.220	0.001	0.646	0.133
>AGGCATGAGCMY	11-AGGCATGAGCMY	9.599101	-20.205514	0	T:53.0(3.40%),B:8.8(0.58%),P:1e-8	Tpos:34.6,Tstd:14.3,Bpos:38.0,Bstd:17.3,StrandBias:1.0,Multiplicity:1.00
0.650	0.001	0.001	0.348
0.003	0.001	0.787	0.209
0.003	0.134	0.862	0.001
0.153	0.690	0.019	0.138
0.648	0.001	0.157	0.194
0.001	0.001	0.018	0.980
0.018	0.001	0.980	0.001
0.860	0.137	0.002	0.001
0.018	0.001	0.847	0.134
0.153	0.824	0.019	0.004
0.555	0.426	0.001	0.018
0.114	0.481	0.001	0.404
>GGGCGTGGTGGY	12-GGGCGTGGTGGY	10.955282	-20.106035	0	T:48.0(3.08%),B:6.6(0.43%),P:1e-8	Tpos:30.6,Tstd:17.3,Bpos:40.8,Bstd:14.8,StrandBias:0.8,Multiplicity:1.00
0.072	0.001	0.926	0.001
0.001	0.001	0.997	0.001
0.038	0.001	0.960	0.001
0.327	0.597	0.001	0.075
0.148	0.001	0.812	0.039
0.034	0.079	0.289	0.598
0.001	0.001	0.997	0.001
0.033	0.001	0.965	0.001
0.001	0.033	0.001	0.965
0.044	0.289	0.633	0.034
0.322	0.001	0.676	0.001
0.001	0.568	0.001	0.430
>TTAGCYGGGHKT	13-TTAGCYGGGHKT	9.879016	-18.520847	0	T:76.0(4.88%),B:21.8(1.42%),P:1e-8	Tpos:26.7,Tstd:23.9,Bpos:27.0,Bstd:0.0,StrandBias:-0.7,Multiplicity:1.06
0.200	0.001	0.200	0.599
0.001	0.001	0.001	0.997
0.997	0.001	0.001	0.001
0.001	0.001	0.997	0.001
0.001	0.997	0.001	0.001
0.100	0.400	0.001	0.500
0.001	0.001	0.997	0.001
0.001	0.001	0.997	0.001
0.099	0.001	0.899	0.001
0.400	0.300	0.001	0.300
0.001	0.200	0.400	0.400
0.001	0.001	0.001	0.997
>TGGGTATATACC	14-TGGGTATATACC	10.035089	-10.692529	0	T:19.0(1.22%),B:1.6(0.11%),P:1e-4	Tpos:35.2,Tstd:14.8,Bpos:52.0,Bstd:0.0,StrandBias:-0.4,Multiplicity:1.00
0.106	0.001	0.009	0.884
0.106	0.001	0.787	0.106
0.008	0.001	0.990	0.001
0.105	0.001	0.893	0.001
0.106	0.001	0.106	0.787
0.893	0.001	0.105	0.001
0.001	0.106	0.326	0.567
0.682	0.106	0.106	0.106
0.001	0.001	0.001	0.997
0.997	0.001	0.001	0.001
0.001	0.997	0.001	0.001
0.106	0.779	0.001	0.114
