>NMMTCCCAGC	1-NMMTCCCAGC	6.006541	-73.996423	0	T:441.0(28.31%),B:174.1(11.39%),P:1e-32	Tpos:34.9,Tstd:20.1,Bpos:36.9,Bstd:25.1,StrandBias:0.0,Multiplicity:1.19
0.302	0.247	0.165	0.286
0.358	0.292	0.182	0.168
0.424	0.385	0.112	0.079
0.223	0.147	0.206	0.425
0.124	0.736	0.020	0.120
0.039	0.959	0.001	0.001
0.010	0.959	0.001	0.030
0.997	0.001	0.001	0.001
0.015	0.096	0.783	0.106
0.030	0.633	0.327	0.010
>CCCARSDTCA	2-CCCARSDTCA	6.358822	-52.177034	0	T:281.0(18.04%),B:99.3(6.50%),P:1e-22	Tpos:37.0,Tstd:20.9,Bpos:31.6,Bstd:25.8,StrandBias:-0.0,Multiplicity:1.07
0.126	0.829	0.001	0.044
0.001	0.997	0.001	0.001
0.087	0.729	0.001	0.183
0.647	0.029	0.268	0.056
0.398	0.001	0.516	0.085
0.056	0.399	0.531	0.014
0.241	0.169	0.225	0.364
0.231	0.100	0.014	0.655
0.056	0.801	0.142	0.001
0.726	0.056	0.001	0.217
>WTWTTTATTT	3-WTWTTTATTT	6.770878	-47.901712	0	T:415.0(26.64%),B:200.8(13.13%),P:1e-20	Tpos:37.6,Tstd:19.6,Bpos:34.7,Bstd:20.9,StrandBias:0.3,Multiplicity:1.32
0.325	0.114	0.189	0.372
0.343	0.001	0.091	0.565
0.423	0.100	0.049	0.428
0.275	0.001	0.001	0.723
0.287	0.097	0.111	0.505
0.001	0.001	0.001	0.997
0.586	0.165	0.248	0.001
0.115	0.083	0.001	0.801
0.292	0.149	0.059	0.500
0.001	0.001	0.001	0.997
>GGGAGGCHGA	4-GGGAGGCHGA	6.928300	-46.976047	0	T:280.0(17.97%),B:106.1(6.94%),P:1e-20	Tpos:37.5,Tstd:18.7,Bpos:34.5,Bstd:27.3,StrandBias:0.4,Multiplicity:1.11
0.132	0.001	0.815	0.052
0.006	0.001	0.961	0.032
0.082	0.153	0.764	0.001
0.899	0.001	0.001	0.099
0.164	0.001	0.834	0.001
0.084	0.016	0.899	0.001
0.133	0.696	0.122	0.049
0.305	0.303	0.001	0.391
0.167	0.116	0.565	0.152
0.648	0.168	0.168	0.016
>CACTBCAGCC	5-CACTBCAGCC	6.876799	-38.999047	0	T:116.0(7.45%),B:21.2(1.39%),P:1e-16	Tpos:38.7,Tstd:18.3,Bpos:37.0,Bstd:23.2,StrandBias:0.3,Multiplicity:1.44
0.170	0.546	0.126	0.158
0.518	0.296	0.052	0.134
0.060	0.671	0.087	0.182
0.134	0.243	0.016	0.607
0.070	0.290	0.374	0.266
0.145	0.706	0.075	0.074
0.690	0.082	0.048	0.180
0.142	0.263	0.455	0.140
0.068	0.609	0.068	0.255
0.118	0.657	0.028	0.197
>ATCCTACCAC	6-ATCCTACCAC	9.038949	-34.769067	0	T:83.0(5.33%),B:10.9(0.71%),P:1e-15	Tpos:32.3,Tstd:22.6,Bpos:4.8,Bstd:0.3,StrandBias:0.3,Multiplicity:1.00
0.782	0.001	0.001	0.216
0.001	0.001	0.001	0.997
0.285	0.600	0.102	0.013
0.001	0.909	0.089	0.001
0.192	0.265	0.001	0.542
0.897	0.001	0.101	0.001
0.013	0.633	0.252	0.102
0.001	0.997	0.001	0.001
0.997	0.001	0.001	0.001
0.001	0.807	0.001	0.191
>RTTGCTTGAA	7-RTTGCTTGAA	7.759318	-34.545481	0	T:90.0(5.78%),B:13.9(0.91%),P:1e-15	Tpos:38.1,Tstd:17.7,Bpos:38.3,Bstd:15.2,StrandBias:0.6,Multiplicity:1.05
0.420	0.002	0.546	0.032
0.084	0.027	0.055	0.834
0.085	0.001	0.055	0.859
0.200	0.089	0.454	0.257
0.001	0.882	0.027	0.090
0.027	0.001	0.001	0.971
0.060	0.001	0.169	0.770
0.057	0.055	0.693	0.195
0.889	0.001	0.001	0.109
0.886	0.001	0.058	0.055
>AGTGATTCTC	8-AGTGATTCTC	7.429909	-33.518933	0	T:120.0(7.70%),B:28.9(1.89%),P:1e-14	Tpos:36.8,Tstd:16.8,Bpos:37.5,Bstd:20.9,StrandBias:-0.7,Multiplicity:1.01
0.778	0.032	0.079	0.111
0.064	0.048	0.818	0.070
0.081	0.083	0.142	0.694
0.142	0.047	0.757	0.054
0.809	0.063	0.064	0.064
0.047	0.001	0.101	0.851
0.117	0.097	0.001	0.785
0.016	0.904	0.016	0.064
0.032	0.047	0.032	0.889
0.079	0.746	0.095	0.080
>TCTKTACTAA	9-TCTKTACTAA	8.576268	-31.885793	0	T:73.0(4.69%),B:8.3(0.54%),P:1e-13	Tpos:36.7,Tstd:20.6,Bpos:31.6,Bstd:15.0,StrandBias:-0.3,Multiplicity:1.00
0.245	0.001	0.001	0.753
0.001	0.763	0.235	0.001
0.078	0.001	0.001	0.920
0.039	0.171	0.454	0.336
0.001	0.001	0.001	0.997
0.714	0.207	0.078	0.001
0.207	0.714	0.078	0.001
0.049	0.118	0.001	0.832
0.920	0.001	0.001	0.078
0.920	0.001	0.001	0.078
>CTTAGAGATG	10-CTTAGAGATG	7.409952	-30.262486	0	T:87.0(5.58%),B:15.1(0.99%),P:1e-13	Tpos:40.4,Tstd:19.6,Bpos:33.8,Bstd:24.4,StrandBias:-0.1,Multiplicity:1.02
0.190	0.775	0.001	0.034
0.122	0.063	0.120	0.695
0.188	0.062	0.001	0.749
0.840	0.001	0.096	0.063
0.182	0.062	0.755	0.001
0.791	0.001	0.119	0.089
0.064	0.001	0.871	0.064
0.820	0.001	0.178	0.001
0.192	0.001	0.001	0.806
0.032	0.119	0.848	0.001
>RGGCAACATG	11-RGGCAACATG	7.427474	-29.764092	0	T:129.0(8.28%),B:37.8(2.47%),P:1e-12	Tpos:37.5,Tstd:18.5,Bpos:46.4,Bstd:22.2,StrandBias:0.0,Multiplicity:1.00
0.437	0.001	0.561	0.001
0.174	0.001	0.824	0.001
0.001	0.155	0.843	0.001
0.276	0.655	0.068	0.001
0.933	0.001	0.065	0.001
0.585	0.001	0.413	0.001
0.002	0.734	0.162	0.102
0.966	0.032	0.001	0.001
0.102	0.102	0.115	0.681
0.285	0.035	0.614	0.066
>AAGATAATAT	12-AAGATAATAT	7.758512	-28.474211	0	T:140.0(8.99%),B:45.6(2.98%),P:1e-12	Tpos:36.2,Tstd:19.7,Bpos:40.0,Bstd:17.2,StrandBias:0.1,Multiplicity:1.01
0.748	0.044	0.088	0.120
0.935	0.001	0.032	0.032
0.167	0.121	0.634	0.078
0.890	0.055	0.032	0.023
0.223	0.043	0.034	0.700
0.763	0.044	0.161	0.032
0.891	0.044	0.054	0.011
0.120	0.066	0.118	0.696
0.737	0.054	0.099	0.110
0.088	0.088	0.152	0.672
>CTCTTCCCCA	13-CTCTTCCCCA	7.597536	-26.049175	0	T:58.0(3.72%),B:6.3(0.41%),P:1e-11	Tpos:36.1,Tstd:20.9,Bpos:20.1,Bstd:8.4,StrandBias:0.0,Multiplicity:1.06
0.090	0.741	0.077	0.092
0.135	0.152	0.015	0.698
0.062	0.799	0.062	0.077
0.105	0.107	0.030	0.758
0.062	0.045	0.047	0.846
0.030	0.863	0.062	0.045
0.015	0.878	0.045	0.062
0.032	0.757	0.015	0.196
0.060	0.805	0.030	0.105
0.876	0.060	0.032	0.032
>CACCGTGCCC	14-CACCGTGCCC	7.974443	-25.458635	0	T:67.0(4.30%),B:10.6(0.69%),P:1e-11	Tpos:33.6,Tstd:18.3,Bpos:33.8,Bstd:10.4,StrandBias:-0.4,Multiplicity:1.02
0.001	0.997	0.001	0.001
0.997	0.001	0.001	0.001
0.001	0.774	0.224	0.001
0.010	0.942	0.024	0.024
0.196	0.224	0.579	0.001
0.024	0.141	0.024	0.811
0.001	0.001	0.997	0.001
0.001	0.997	0.001	0.001
0.001	0.997	0.001	0.001
0.001	0.774	0.001	0.224
>AGGCATGWGC	15-AGGCATGWGC	9.788265	-25.078465	0	T:59.0(3.79%),B:7.7(0.51%),P:1e-10	Tpos:34.4,Tstd:15.0,Bpos:40.6,Bstd:24.1,StrandBias:0.1,Multiplicity:1.00
0.997	0.001	0.001	0.001
0.095	0.001	0.809	0.095
0.001	0.001	0.997	0.001
0.001	0.903	0.001	0.095
0.815	0.001	0.089	0.095
0.001	0.001	0.001	0.997
0.001	0.001	0.997	0.001
0.504	0.095	0.001	0.400
0.191	0.001	0.617	0.191
0.001	0.997	0.001	0.001
>VYVAAACTCM	16-VYVAAACTCM	7.544453	-22.828936	0	T:60.0(3.85%),B:9.5(0.62%),P:1e-9	Tpos:35.0,Tstd:16.4,Bpos:33.2,Bstd:15.1,StrandBias:0.8,Multiplicity:1.00
0.341	0.284	0.249	0.125
0.219	0.316	0.001	0.464
0.311	0.279	0.251	0.159
0.631	0.001	0.367	0.001
0.715	0.001	0.283	0.001
0.997	0.001	0.001	0.001
0.001	0.728	0.270	0.001
0.001	0.402	0.001	0.596
0.001	0.997	0.001	0.001
0.370	0.410	0.001	0.219
>TCGCTCTGTC	17-TCGCTCTGTC	8.258561	-22.457368	0	T:52.0(3.34%),B:6.8(0.45%),P:1e-9	Tpos:40.8,Tstd:20.8,Bpos:50.9,Bstd:14.8,StrandBias:-1.4,Multiplicity:1.02
0.097	0.001	0.001	0.901
0.205	0.504	0.128	0.163
0.100	0.108	0.636	0.156
0.146	0.707	0.146	0.001
0.001	0.001	0.001	0.997
0.001	0.736	0.117	0.146
0.048	0.001	0.001	0.950
0.049	0.049	0.843	0.059
0.001	0.106	0.001	0.892
0.001	0.852	0.049	0.098
>TCAAACTCAT	18-TCAAACTCAT	7.004960	-22.330521	0	T:68.0(4.36%),B:13.9(0.91%),P:1e-9	Tpos:32.7,Tstd:20.0,Bpos:28.9,Bstd:16.9,StrandBias:1.3,Multiplicity:1.00
0.279	0.176	0.013	0.532
0.001	0.730	0.167	0.102
0.586	0.217	0.021	0.176
0.817	0.001	0.097	0.085
0.488	0.062	0.113	0.337
0.142	0.566	0.161	0.131
0.160	0.137	0.001	0.702
0.142	0.678	0.109	0.071
0.603	0.221	0.001	0.175
0.371	0.046	0.046	0.537
>TCAATAAATG	19-TCAATAAATG	7.910110	-21.334132	0	T:55.0(3.53%),B:8.5(0.55%),P:1e-9	Tpos:39.6,Tstd:18.6,Bpos:27.8,Bstd:14.0,StrandBias:0.5,Multiplicity:1.02
0.120	0.053	0.154	0.673
0.141	0.717	0.054	0.088
0.808	0.035	0.001	0.156
0.811	0.068	0.070	0.051
0.034	0.070	0.137	0.759
0.829	0.034	0.120	0.017
0.912	0.001	0.034	0.053
0.881	0.051	0.017	0.051
0.068	0.034	0.086	0.812
0.071	0.086	0.826	0.017
>AGCCGAGATS	20-AGCCGAGATS	8.410873	-18.532628	0	T:50.0(3.21%),B:8.8(0.58%),P:1e-8	Tpos:39.2,Tstd:19.0,Bpos:34.3,Bstd:26.5,StrandBias:1.7,Multiplicity:1.00
0.997	0.001	0.001	0.001
0.001	0.001	0.997	0.001
0.001	0.960	0.001	0.038
0.001	0.997	0.001	0.001
0.154	0.001	0.807	0.038
0.960	0.001	0.038	0.001
0.001	0.001	0.997	0.001
0.997	0.001	0.001	0.001
0.038	0.001	0.001	0.960
0.039	0.460	0.347	0.154
>AGCAAAGGAA	21-AGCAAAGGAA	9.877360	-15.800867	0	T:23.0(1.48%),B:0.5(0.03%),P:1e-6	Tpos:35.5,Tstd:17.0,Bpos:0.0,Bstd:0.0,StrandBias:0.0,Multiplicity:1.09
0.997	0.001	0.001	0.001
0.001	0.052	0.946	0.001
0.105	0.631	0.263	0.001
0.894	0.104	0.001	0.001
0.946	0.001	0.001	0.052
0.997	0.001	0.001	0.001
0.104	0.001	0.894	0.001
0.105	0.001	0.842	0.052
0.946	0.052	0.001	0.001
0.946	0.052	0.001	0.001
>AGGTSCCCAC	22-AGGTSCCCAC	8.211497	-15.110327	0	T:22.0(1.41%),B:0.0(0.00%),P:1e-6	Tpos:30.4,Tstd:17.6,Bpos:0.0,Bstd:0.0,StrandBias:-1.4,Multiplicity:1.00
0.469	0.013	0.265	0.254
0.087	0.050	0.663	0.200
0.266	0.038	0.504	0.192
0.075	0.075	0.062	0.788
0.141	0.470	0.328	0.062
0.272	0.666	0.025	0.037
0.050	0.851	0.012	0.087
0.087	0.838	0.025	0.050
0.820	0.001	0.012	0.167
0.075	0.588	0.062	0.275
>TAAATCATGC	23-TAAATCATGC	7.820884	-14.861204	0	T:34.0(2.18%),B:4.7(0.31%),P:1e-6	Tpos:34.0,Tstd:18.5,Bpos:39.2,Bstd:18.4,StrandBias:0.0,Multiplicity:1.00
0.018	0.110	0.055	0.817
0.835	0.055	0.055	0.055
0.907	0.018	0.018	0.057
0.762	0.092	0.073	0.073
0.150	0.073	0.073	0.704
0.075	0.760	0.110	0.055
0.886	0.036	0.001	0.077
0.055	0.020	0.020	0.905
0.073	0.057	0.738	0.132
0.110	0.723	0.055	0.112
>GTAAAATAAA	24-GTAAAATAAA	7.739614	-12.404317	0	T:50.0(3.21%),B:14.9(0.97%),P:1e-5	Tpos:39.0,Tstd:20.1,Bpos:25.2,Bstd:8.5,StrandBias:0.2,Multiplicity:1.00
0.082	0.097	0.724	0.097
0.029	0.070	0.054	0.847
0.835	0.054	0.043	0.068
0.810	0.041	0.054	0.095
0.767	0.082	0.068	0.083
0.794	0.054	0.109	0.043
0.014	0.123	0.041	0.822
0.835	0.027	0.043	0.095
0.796	0.068	0.041	0.095
0.792	0.041	0.056	0.111
>GTATCTACCC	25-GTATCTACCC	7.296915	-11.056234	0	T:25.0(1.60%),B:3.2(0.21%),P:1e-4	Tpos:37.1,Tstd:16.4,Bpos:37.8,Bstd:18.0,StrandBias:0.3,Multiplicity:1.00
0.105	0.105	0.649	0.141
0.083	0.101	0.090	0.726
0.699	0.116	0.080	0.105
0.098	0.098	0.068	0.736
0.080	0.688	0.123	0.109
0.097	0.090	0.040	0.773
0.612	0.145	0.109	0.134
0.076	0.747	0.072	0.105
0.119	0.750	0.011	0.120
0.138	0.623	0.040	0.199
