>AGGCTGGG	1-AGGCTGGG	5.979688	-62.358514	0	T:429.0(27.54%),B:184.8(12.09%),P:1e-27	Tpos:37.9,Tstd:20.6,Bpos:36.2,Bstd:26.3,StrandBias:0.3,Multiplicity:1.44
0.655	0.040	0.126	0.179
0.184	0.052	0.573	0.191
0.055	0.159	0.762	0.024
0.046	0.846	0.048	0.060
0.135	0.035	0.114	0.716
0.026	0.017	0.888	0.069
0.103	0.055	0.784	0.058
0.113	0.074	0.780	0.033
>YGKGWGGS	2-YGKGWGGS	7.668922	-50.876069	0	T:219.0(14.06%),B:64.0(4.18%),P:1e-22	Tpos:35.9,Tstd:21.3,Bpos:30.4,Bstd:25.6,StrandBias:-0.0,Multiplicity:1.03
0.001	0.439	0.001	0.559
0.001	0.001	0.997	0.001
0.001	0.033	0.551	0.415
0.005	0.008	0.986	0.001
0.513	0.033	0.001	0.453
0.037	0.001	0.961	0.001
0.406	0.001	0.592	0.001
0.001	0.539	0.459	0.001
>CAGGCTGG	3-CAGGCTGG	6.166465	-45.862752	0	T:227.0(14.57%),B:74.6(4.88%),P:1e-19	Tpos:35.5,Tstd:20.7,Bpos:30.2,Bstd:24.5,StrandBias:0.1,Multiplicity:1.06
0.033	0.950	0.001	0.016
0.813	0.066	0.033	0.088
0.001	0.016	0.982	0.001
0.001	0.123	0.875	0.001
0.001	0.946	0.052	0.001
0.067	0.033	0.050	0.850
0.028	0.033	0.923	0.016
0.001	0.027	0.906	0.066
>CYCACCGA	4-CYCACCGA	5.046001	-44.990446	0	T:246.0(15.79%),B:88.0(5.75%),P:1e-19	Tpos:36.3,Tstd:19.9,Bpos:37.0,Bstd:25.2,StrandBias:0.2,Multiplicity:1.02
0.179	0.753	0.012	0.056
0.079	0.531	0.001	0.389
0.063	0.871	0.047	0.019
0.679	0.183	0.133	0.005
0.180	0.439	0.254	0.126
0.242	0.416	0.141	0.201
0.132	0.157	0.451	0.259
0.481	0.102	0.206	0.212
>WTTTATTT	5-WTTTATTT	6.009741	-44.807577	0	T:376.0(24.13%),B:177.6(11.62%),P:1e-19	Tpos:37.1,Tstd:20.3,Bpos:38.1,Bstd:19.9,StrandBias:0.3,Multiplicity:1.30
0.329	0.186	0.078	0.408
0.196	0.077	0.141	0.586
0.180	0.001	0.156	0.663
0.001	0.001	0.023	0.975
0.465	0.230	0.304	0.001
0.001	0.187	0.001	0.811
0.297	0.105	0.131	0.467
0.224	0.001	0.049	0.726
>GGAGGTTG	6-GGAGGTTG	5.335721	-41.445457	0	T:230.0(14.76%),B:82.7(5.41%),P:1e-17	Tpos:33.6,Tstd:19.9,Bpos:35.8,Bstd:21.0,StrandBias:0.4,Multiplicity:1.10
0.109	0.001	0.889	0.001
0.001	0.001	0.997	0.001
0.997	0.001	0.001	0.001
0.318	0.001	0.680	0.001
0.001	0.001	0.997	0.001
0.001	0.024	0.001	0.974
0.221	0.265	0.001	0.513
0.001	0.001	0.997	0.001
>CCCAACGT	7-CCCAACGT	5.828965	-39.545208	0	T:171.0(10.98%),B:49.7(3.25%),P:1e-17	Tpos:35.9,Tstd:20.6,Bpos:41.1,Bstd:20.0,StrandBias:-0.9,Multiplicity:1.02
0.063	0.846	0.024	0.067
0.092	0.773	0.032	0.103
0.035	0.901	0.032	0.032
0.700	0.190	0.048	0.062
0.727	0.103	0.113	0.057
0.176	0.562	0.237	0.025
0.093	0.110	0.717	0.080
0.106	0.047	0.062	0.785
>GMTCACGS	8-GMTCACGS	6.358257	-38.223956	0	T:137.0(8.79%),B:32.7(2.14%),P:1e-16	Tpos:35.6,Tstd:20.1,Bpos:35.9,Bstd:19.9,StrandBias:-0.7,Multiplicity:1.18
0.018	0.074	0.907	0.001
0.482	0.516	0.001	0.001
0.001	0.018	0.001	0.980
0.001	0.997	0.001	0.001
0.725	0.001	0.001	0.273
0.055	0.943	0.001	0.001
0.001	0.001	0.908	0.090
0.001	0.449	0.532	0.018
>AATATTTA	9-AATATTTA	5.942711	-36.964528	0	T:329.0(21.12%),B:158.5(10.37%),P:1e-16	Tpos:37.0,Tstd:20.0,Bpos:35.4,Bstd:19.3,StrandBias:-0.1,Multiplicity:1.14
0.832	0.001	0.092	0.075
0.967	0.031	0.001	0.001
0.024	0.001	0.001	0.974
0.934	0.001	0.064	0.001
0.081	0.016	0.001	0.902
0.001	0.058	0.033	0.908
0.001	0.055	0.001	0.943
0.666	0.079	0.093	0.162
>TGASTMGA	10-TGASTMGA	7.369649	-31.559968	0	T:67.0(4.30%),B:6.7(0.44%),P:1e-13	Tpos:41.2,Tstd:20.4,Bpos:34.4,Bstd:13.7,StrandBias:0.0,Multiplicity:1.00
0.001	0.001	0.001	0.997
0.001	0.001	0.878	0.120
0.997	0.001	0.001	0.001
0.001	0.505	0.493	0.001
0.001	0.001	0.001	0.997
0.553	0.445	0.001	0.001
0.001	0.067	0.931	0.001
0.997	0.001	0.001	0.001
>ACATCAAG	11-ACATCAAG	6.067437	-29.065619	0	T:219.0(14.06%),B:95.1(6.22%),P:1e-12	Tpos:37.9,Tstd:20.0,Bpos:33.5,Bstd:19.9,StrandBias:-0.1,Multiplicity:1.05
0.669	0.079	0.248	0.004
0.010	0.729	0.253	0.008
0.743	0.065	0.001	0.191
0.008	0.227	0.133	0.632
0.162	0.805	0.032	0.001
0.995	0.003	0.001	0.001
0.709	0.286	0.001	0.004
0.007	0.266	0.725	0.002
>TCMCCACS	12-TCMCCACS	6.821146	-27.966923	0	T:118.0(7.57%),B:33.1(2.17%),P:1e-12	Tpos:34.4,Tstd:20.2,Bpos:31.9,Bstd:21.3,StrandBias:-0.2,Multiplicity:1.01
0.001	0.060	0.001	0.938
0.001	0.990	0.008	0.001
0.505	0.491	0.003	0.001
0.001	0.997	0.001	0.001
0.001	0.997	0.001	0.001
0.997	0.001	0.001	0.001
0.001	0.931	0.001	0.067
0.005	0.474	0.520	0.001
>CARGTAGA	13-CARGTAGA	5.517038	-27.117921	0	T:205.0(13.16%),B:89.8(5.88%),P:1e-11	Tpos:36.1,Tstd:19.3,Bpos:36.6,Bstd:21.1,StrandBias:-0.3,Multiplicity:1.05
0.001	0.762	0.001	0.236
0.983	0.001	0.010	0.006
0.532	0.011	0.456	0.001
0.050	0.001	0.948	0.001
0.150	0.001	0.001	0.848
0.978	0.011	0.001	0.010
0.001	0.137	0.852	0.010
0.871	0.118	0.010	0.001
>CATGCATG	14-CATGCATG	6.133185	-25.694973	0	T:185.0(11.87%),B:78.8(5.16%),P:1e-11	Tpos:37.2,Tstd:18.9,Bpos:36.9,Bstd:19.9,StrandBias:0.0,Multiplicity:1.07
0.001	0.752	0.246	0.001
0.997	0.001	0.001	0.001
0.167	0.067	0.222	0.544
0.050	0.001	0.941	0.008
0.208	0.624	0.001	0.167
0.655	0.323	0.021	0.001
0.002	0.148	0.119	0.731
0.073	0.001	0.764	0.162
>GDATTRCT	15-GDATTRCT	7.453822	-22.626492	0	T:139.0(8.92%),B:53.3(3.49%),P:1e-9	Tpos:34.3,Tstd:17.5,Bpos:40.5,Bstd:17.5,StrandBias:0.6,Multiplicity:1.00
0.001	0.001	0.997	0.001
0.285	0.001	0.309	0.405
0.847	0.151	0.001	0.001
0.001	0.001	0.001	0.997
0.001	0.386	0.001	0.612
0.473	0.001	0.399	0.127
0.001	0.997	0.001	0.001
0.001	0.001	0.001	0.997
>TCAAACTT	16-TCAAACTT	7.852654	-18.191321	0	T:58.0(3.72%),B:12.2(0.80%),P:1e-7	Tpos:35.0,Tstd:18.7,Bpos:37.9,Bstd:20.9,StrandBias:0.6,Multiplicity:1.02
0.001	0.085	0.013	0.901
0.001	0.913	0.085	0.001
0.851	0.055	0.001	0.093
0.690	0.001	0.001	0.308
0.641	0.308	0.050	0.001
0.001	0.997	0.001	0.001
0.050	0.002	0.173	0.775
0.001	0.233	0.001	0.765
>GACGGGGG	17-GACGGGGG	7.979360	-16.491731	0	T:24.0(1.54%),B:0.7(0.05%),P:1e-7	Tpos:29.0,Tstd:18.7,Bpos:50.0,Bstd:0.0,StrandBias:0.6,Multiplicity:1.09
0.001	0.001	0.736	0.262
0.577	0.227	0.195	0.001
0.001	0.907	0.001	0.091
0.001	0.001	0.997	0.001
0.001	0.001	0.997	0.001
0.001	0.211	0.787	0.001
0.001	0.377	0.621	0.001
0.001	0.001	0.997	0.001
>AGTAAAYG	18-AGTAAAYG	7.778387	-15.652857	0	T:51.0(3.27%),B:11.9(0.78%),P:1e-6	Tpos:33.8,Tstd:19.6,Bpos:25.1,Bstd:8.9,StrandBias:0.9,Multiplicity:1.00
0.973	0.001	0.013	0.013
0.242	0.012	0.743	0.003
0.001	0.142	0.001	0.856
0.916	0.001	0.001	0.082
0.752	0.165	0.082	0.001
0.738	0.260	0.001	0.001
0.001	0.456	0.002	0.541
0.082	0.137	0.780	0.001
>ATGACACG	19-ATGACACG	7.032209	-14.141393	0	T:46.0(2.95%),B:10.3(0.68%),P:1e-6	Tpos:36.8,Tstd:18.9,Bpos:31.2,Bstd:18.6,StrandBias:0.4,Multiplicity:1.00
0.950	0.001	0.048	0.001
0.097	0.001	0.048	0.854
0.048	0.001	0.805	0.146
0.903	0.001	0.048	0.048
0.048	0.950	0.001	0.001
0.997	0.001	0.001	0.001
0.001	0.667	0.097	0.235
0.080	0.001	0.918	0.001
>CCTGCCTT	20-CCTGCCTT	8.114276	-8.588613	0	T:27.0(1.73%),B:6.3(0.41%),P:1e-3	Tpos:44.7,Tstd:17.3,Bpos:47.9,Bstd:10.5,StrandBias:0.8,Multiplicity:1.00
0.001	0.997	0.001	0.001
0.001	0.997	0.001	0.001
0.001	0.001	0.059	0.939
0.001	0.001	0.997	0.001
0.001	0.997	0.001	0.001
0.001	0.997	0.001	0.001
0.001	0.001	0.001	0.997
0.118	0.001	0.001	0.880
