>AAATATTTRYTT	1-AAATATTTRYTT	4.846022	-97.314421	0	T:523.0(56.00%),B:188.3(23.78%),P:1e-42
0.528	0.063	0.167	0.242
0.458	0.023	0.254	0.265
0.492	0.057	0.196	0.255
0.001	0.098	0.063	0.838
0.629	0.001	0.369	0.001
0.005	0.057	0.001	0.937
0.001	0.028	0.001	0.970
0.001	0.001	0.022	0.976
0.491	0.104	0.371	0.035
0.058	0.521	0.011	0.410
0.208	0.231	0.052	0.509
0.248	0.133	0.144	0.475
