>SGCGGCGGCBGS	5-SGCGGCGGCBGS	5.842388	-23.665659	0	T:38.0(4.07%),B:0.8(0.10%),P:1e-10
0.143	0.301	0.430	0.126
0.162	0.199	0.546	0.093
0.127	0.533	0.233	0.107
0.162	0.225	0.489	0.124
0.096	0.146	0.668	0.090
0.141	0.548	0.186	0.125
0.178	0.177	0.485	0.161
0.088	0.135	0.681	0.096
0.102	0.587	0.212	0.099
0.178	0.286	0.328	0.208
0.155	0.174	0.514	0.157
0.149	0.399	0.321	0.131
