>GHCARACMWGTT	4-GHCARACMWGTT,BestGuess:TFCP2/MA0145.3/Jaspar(0.764)	6.384360	-51.062187	0	T:370.0(12.33%),B:135.9(5.08%),P:1e-22
0.165	0.067	0.681	0.087
0.280	0.328	0.053	0.338
0.280	0.532	0.125	0.063
0.647	0.077	0.005	0.271
0.545	0.001	0.435	0.019
0.697	0.019	0.183	0.101
0.004	0.981	0.014	0.001
0.309	0.434	0.001	0.256
0.430	0.001	0.247	0.322
0.001	0.023	0.975	0.001
0.227	0.232	0.014	0.527
0.304	0.111	0.001	0.584
