>AACAGGAAGTGA	7-AACAGGAAGTGA	7.621492	-24.984962	0	T:39.0(1.30%),B:1.0(0.04%),P:1e-10
0.456	0.185	0.190	0.169
0.521	0.149	0.171	0.159
0.154	0.595	0.143	0.108
0.706	0.064	0.078	0.152
0.130	0.060	0.675	0.135
0.157	0.136	0.590	0.117
0.620	0.162	0.119	0.099
0.663	0.067	0.140	0.130
0.162	0.141	0.571	0.126
0.180	0.085	0.137	0.598
0.160	0.162	0.514	0.164
0.493	0.148	0.173	0.186
