>AACWKGTYTGDC	4-GHCARACMWGTT	6.384360	-51.062187	0	T:370.0(12.33%),B:135.9(5.08%),P:1e-22
0.584	0.001	0.111	0.304
0.527	0.014	0.232	0.227
0.001	0.975	0.023	0.001
0.322	0.247	0.001	0.430
0.256	0.001	0.434	0.309
0.001	0.014	0.981	0.004
0.101	0.183	0.019	0.697
0.019	0.435	0.001	0.545
0.271	0.005	0.077	0.647
0.063	0.125	0.532	0.280
0.338	0.053	0.328	0.280
0.087	0.681	0.067	0.165
