>CTTCCTGGCTAA	13-CTTCCTGGCTAA,BestGuess:Eip74EF/dmmpmm(Bigfoot)/fly(0.712)	7.739298	-17.694014	0	T:97.0(5.54%),B:37.2(2.05%),P:1e-7
0.160	0.799	0.001	0.040
0.312	0.141	0.001	0.546
0.001	0.057	0.087	0.855
0.001	0.847	0.001	0.151
0.154	0.805	0.001	0.040
0.077	0.019	0.001	0.903
0.041	0.019	0.615	0.325
0.115	0.192	0.576	0.117
0.076	0.788	0.098	0.038
0.308	0.156	0.001	0.535
0.537	0.175	0.231	0.057
0.903	0.020	0.001	0.076
