>DNCCAGGCTGGA	7-DNCCAGGCTGGA	7.114338	-28.969228	0	T:63.0(3.60%),B:7.1(0.39%),P:1e-12
0.232	0.185	0.352	0.231
0.210	0.351	0.202	0.237
0.205	0.471	0.143	0.181
0.171	0.541	0.147	0.141
0.652	0.082	0.108	0.158
0.144	0.095	0.601	0.160
0.155	0.124	0.590	0.131
0.162	0.560	0.136	0.142
0.184	0.105	0.104	0.607
0.191	0.146	0.485	0.179
0.226	0.190	0.379	0.205
0.410	0.178	0.204	0.208
