>TGACCTCGTGAT	11-ATCACGAGGTCA	8.751524	-20.729602	0	T:33.0(1.88%),B:1.8(0.10%),P:1e-9
0.075	0.018	0.001	0.906
0.022	0.094	0.809	0.075
0.769	0.094	0.019	0.118
0.059	0.829	0.056	0.056
0.112	0.775	0.019	0.094
0.112	0.112	0.019	0.757
0.150	0.601	0.037	0.212
0.212	0.118	0.465	0.206
0.112	0.019	0.096	0.773
0.019	0.062	0.900	0.019
0.695	0.134	0.112	0.059
0.131	0.040	0.075	0.754
