>GGGAGGYWGAGG	1-GGGAGGYWGAGG	9.686738	-56.627805	0	T:167.0(9.54%),B:33.9(1.87%),P:1e-24
0.305	0.047	0.528	0.120
0.030	0.024	0.862	0.084
0.097	0.036	0.849	0.018
0.795	0.030	0.072	0.103
0.108	0.024	0.814	0.054
0.090	0.012	0.821	0.077
0.120	0.391	0.195	0.294
0.327	0.084	0.200	0.389
0.079	0.049	0.818	0.054
0.477	0.155	0.127	0.240
0.360	0.018	0.561	0.061
0.125	0.109	0.735	0.031
