>AGCTCACTGCAA	5-AGCTCACTGCAA	8.274133	-36.205407	0	T:87.0(4.97%),B:12.0(0.66%),P:1e-15
0.615	0.078	0.154	0.153
0.103	0.136	0.518	0.243
0.147	0.560	0.186	0.107
0.193	0.100	0.011	0.696
0.164	0.583	0.125	0.128
0.757	0.136	0.004	0.103
0.110	0.608	0.132	0.150
0.157	0.064	0.007	0.772
0.089	0.071	0.597	0.243
0.160	0.643	0.086	0.111
0.861	0.103	0.032	0.004
0.636	0.093	0.103	0.168
