>TTAGCCAGGAAG	13-CTTCCTGGCTAA	7.739298	-17.694014	0	T:97.0(5.54%),B:37.2(2.05%),P:1e-7
0.076	0.001	0.020	0.903
0.057	0.231	0.175	0.537
0.535	0.001	0.156	0.308
0.038	0.098	0.788	0.076
0.117	0.576	0.192	0.115
0.325	0.615	0.019	0.041
0.903	0.001	0.019	0.077
0.040	0.001	0.805	0.154
0.151	0.001	0.847	0.001
0.855	0.087	0.057	0.001
0.546	0.001	0.141	0.312
0.040	0.001	0.799	0.160
