>MCCHHSCCCAGC	3-MCCHHSCCCAGC	6.165308	-40.442328	0	T:250.0(14.28%),B:103.3(5.69%),P:1e-17
0.411	0.349	0.090	0.150
0.021	0.528	0.168	0.283
0.211	0.480	0.009	0.301
0.273	0.327	0.172	0.228
0.301	0.303	0.099	0.297
0.189	0.361	0.273	0.177
0.013	0.802	0.086	0.099
0.009	0.952	0.013	0.026
0.185	0.765	0.004	0.046
0.662	0.017	0.192	0.129
0.133	0.233	0.535	0.099
0.009	0.670	0.300	0.021
