>CTTTGCAGTTAA	3-CTTTGCAGTTAA	6.986554	-22.258872	0	T:46.0(9.50%),B:2.8(0.74%),P:1e-9
0.095	0.694	0.169	0.042
0.126	0.095	0.001	0.778
0.001	0.168	0.042	0.789
0.084	0.042	0.127	0.747
0.042	0.053	0.863	0.042
0.084	0.747	0.042	0.127
0.851	0.053	0.001	0.095
0.055	0.042	0.808	0.095
0.179	0.042	0.127	0.652
0.095	0.084	0.084	0.737
0.763	0.127	0.057	0.053
0.662	0.211	0.126	0.001
