>GTAATCCCAKCT	1-GTAATCCCAKCT	8.368059	-30.771488	0	T:98.0(6.02%),B:22.9(1.35%),P:1e-13	Tpos:34.3,Tstd:19.4,Bpos:39.0,Bstd:17.9,StrandBias:-0.1,Multiplicity:1.00
0.001	0.130	0.806	0.063
0.128	0.133	0.032	0.707
0.799	0.063	0.137	0.001
0.699	0.001	0.040	0.260
0.001	0.001	0.065	0.933
0.001	0.774	0.095	0.130
0.034	0.568	0.001	0.397
0.130	0.835	0.001	0.034
0.997	0.001	0.001	0.001
0.161	0.001	0.482	0.355
0.223	0.548	0.001	0.228
0.333	0.032	0.001	0.634
>CCTCAGCCTCCY	2-CCTCAGCCTCCY	7.920838	-22.763362	0	T:150.0(9.22%),B:65.5(3.85%),P:1e-9	Tpos:36.6,Tstd:19.2,Bpos:39.2,Bstd:21.5,StrandBias:-0.3,Multiplicity:1.16
0.001	0.632	0.067	0.300
0.001	0.954	0.001	0.044
0.001	0.022	0.022	0.955
0.001	0.792	0.185	0.022
0.484	0.278	0.008	0.231
0.141	0.187	0.464	0.208
0.207	0.558	0.023	0.212
0.045	0.743	0.001	0.211
0.023	0.023	0.023	0.931
0.001	0.811	0.001	0.187
0.022	0.955	0.001	0.022
0.161	0.422	0.045	0.372
>GGGTGTGGTGGC	3-GGGTGTGGTGGC	11.458385	-22.313377	0	T:31.0(1.91%),B:1.0(0.06%),P:1e-9	Tpos:35.3,Tstd:17.7,Bpos:10.0,Bstd:0.0,StrandBias:1.0,Multiplicity:1.00
0.001	0.001	0.997	0.001
0.318	0.001	0.680	0.001
0.001	0.001	0.997	0.001
0.001	0.281	0.001	0.717
0.165	0.001	0.728	0.106
0.001	0.001	0.212	0.786
0.001	0.001	0.997	0.001
0.106	0.001	0.892	0.001
0.001	0.001	0.001	0.997
0.001	0.001	0.997	0.001
0.001	0.001	0.997	0.001
0.001	0.660	0.213	0.126
>TGTTTGTTTTTT	4-TGTTTGTTTTTT	12.483097	-9.236813	0	T:25.0(1.54%),B:5.8(0.34%),P:1e-4	Tpos:36.7,Tstd:14.1,Bpos:32.5,Bstd:11.2,StrandBias:-1.1,Multiplicity:1.20
0.001	0.001	0.001	0.997
0.001	0.072	0.636	0.291
0.001	0.001	0.001	0.997
0.001	0.001	0.001	0.997
0.001	0.001	0.001	0.997
0.248	0.001	0.656	0.095
0.001	0.001	0.001	0.997
0.001	0.071	0.001	0.927
0.001	0.001	0.071	0.927
0.072	0.072	0.174	0.682
0.001	0.001	0.001	0.997
0.072	0.001	0.072	0.855
>AAAGGAAAGGAA	5-AAAGGAAAGGAA	10.216064	-8.565675	0	T:31.0(1.91%),B:9.4(0.55%),P:1e-3	Tpos:34.4,Tstd:18.6,Bpos:32.9,Bstd:12.7,StrandBias:1.1,Multiplicity:1.06
0.944	0.001	0.054	0.001
0.860	0.055	0.030	0.055
0.774	0.001	0.170	0.055
0.110	0.001	0.859	0.030
0.146	0.110	0.714	0.030
0.944	0.001	0.054	0.001
0.945	0.027	0.027	0.001
0.752	0.001	0.192	0.055
0.113	0.028	0.719	0.140
0.165	0.055	0.752	0.028
0.916	0.028	0.028	0.028
0.857	0.082	0.003	0.058
>ATATATATATAT	6-ATATATATATAT	9.375538	-8.285401	0	T:17.0(1.04%),B:2.8(0.17%),P:1e-3	Tpos:42.4,Tstd:16.4,Bpos:48.0,Bstd:13.0,StrandBias:0.6,Multiplicity:1.53
0.898	0.017	0.001	0.084
0.001	0.016	0.001	0.982
0.898	0.017	0.001	0.084
0.001	0.001	0.001	0.997
0.931	0.001	0.001	0.067
0.118	0.001	0.001	0.880
0.997	0.001	0.001	0.001
0.001	0.001	0.001	0.997
0.897	0.001	0.001	0.101
0.001	0.001	0.001	0.997
0.914	0.001	0.001	0.084
0.001	0.016	0.001	0.982
