>AAWCCCAGCA	1-AAWCCCAGCA	8.841023	-27.129570	0	T:69.0(4.24%),B:11.5(0.68%),P:1e-11	Tpos:33.4,Tstd:19.4,Bpos:40.2,Bstd:15.3,StrandBias:-0.2,Multiplicity:1.00
0.996	0.001	0.001	0.002
0.996	0.001	0.002	0.001
0.369	0.001	0.125	0.505
0.001	0.874	0.124	0.001
0.186	0.649	0.001	0.164
0.001	0.813	0.001	0.185
0.996	0.001	0.002	0.001
0.064	0.001	0.749	0.186
0.125	0.688	0.001	0.186
0.778	0.001	0.001	0.220
>AAATGATGAC	2-AAATGATGAC	8.834146	-25.214940	0	T:35.0(2.15%),B:0.8(0.05%),P:1e-10	Tpos:39.3,Tstd:19.5,Bpos:47.0,Bstd:0.0,StrandBias:0.6,Multiplicity:1.00
0.725	0.196	0.001	0.078
0.997	0.001	0.001	0.001
0.868	0.130	0.001	0.001
0.001	0.001	0.077	0.921
0.195	0.001	0.803	0.001
0.802	0.066	0.131	0.001
0.001	0.001	0.153	0.845
0.078	0.197	0.658	0.067
0.791	0.207	0.001	0.001
0.040	0.597	0.025	0.338
>ATGCTTGGGG	3-ATGCTTGGGG	6.939661	-23.763512	0	T:33.0(2.03%),B:0.9(0.05%),P:1e-10	Tpos:28.1,Tstd:14.6,Bpos:67.0,Bstd:0.0,StrandBias:0.5,Multiplicity:1.00
0.670	0.143	0.129	0.058
0.181	0.021	0.107	0.691
0.119	0.074	0.593	0.214
0.141	0.518	0.122	0.219
0.148	0.114	0.035	0.703
0.200	0.064	0.172	0.564
0.142	0.001	0.515	0.342
0.070	0.001	0.679	0.250
0.143	0.021	0.652	0.184
0.228	0.111	0.599	0.062
>GGGTCTGTGG	4-GGGTCTGTGG	7.904437	-21.331803	0	T:37.0(2.27%),B:3.0(0.17%),P:1e-9	Tpos:38.8,Tstd:18.8,Bpos:38.6,Bstd:28.6,StrandBias:0.3,Multiplicity:1.00
0.170	0.001	0.828	0.001
0.001	0.001	0.929	0.069
0.001	0.001	0.997	0.001
0.070	0.139	0.171	0.620
0.070	0.721	0.070	0.139
0.001	0.001	0.001	0.997
0.001	0.069	0.929	0.001
0.001	0.001	0.001	0.997
0.001	0.001	0.929	0.069
0.379	0.069	0.551	0.001
>TCAAATATAT	5-TCAAATATAT	8.813081	-19.984210	0	T:35.0(2.15%),B:2.9(0.17%),P:1e-8	Tpos:34.5,Tstd:20.2,Bpos:28.8,Bstd:24.6,StrandBias:-0.3,Multiplicity:1.09
0.001	0.001	0.158	0.840
0.201	0.797	0.001	0.001
0.909	0.001	0.001	0.089
0.672	0.080	0.157	0.091
0.829	0.089	0.001	0.081
0.089	0.001	0.001	0.909
0.672	0.238	0.089	0.001
0.089	0.001	0.001	0.909
0.987	0.001	0.011	0.001
0.001	0.001	0.001	0.997
>GCATGTGTCT	6-GCATGTGTCT	7.882862	-19.312995	0	T:34.0(2.09%),B:2.9(0.17%),P:1e-8	Tpos:39.4,Tstd:18.8,Bpos:34.4,Bstd:20.0,StrandBias:0.4,Multiplicity:1.00
0.069	0.101	0.678	0.152
0.118	0.747	0.051	0.084
0.865	0.067	0.001	0.067
0.018	0.034	0.067	0.881
0.103	0.035	0.778	0.084
0.084	0.017	0.034	0.865
0.152	0.052	0.777	0.019
0.034	0.119	0.067	0.780
0.069	0.761	0.052	0.118
0.052	0.034	0.017	0.897
>GAGGCTGAGG	7-GAGGCTGAGG	7.965143	-19.199255	0	T:92.0(5.65%),B:32.9(1.94%),P:1e-8	Tpos:37.7,Tstd:18.9,Bpos:34.6,Bstd:19.6,StrandBias:0.6,Multiplicity:1.08
0.071	0.041	0.865	0.023
0.783	0.012	0.158	0.047
0.071	0.032	0.826	0.071
0.105	0.055	0.781	0.059
0.085	0.810	0.052	0.053
0.074	0.097	0.067	0.762
0.082	0.099	0.784	0.035
0.733	0.020	0.176	0.071
0.078	0.001	0.910	0.011
0.079	0.063	0.764	0.094
>GAGGTCBGGA	8-GAGGTCBGGA	9.567392	-17.404639	0	T:28.0(1.72%),B:1.8(0.10%),P:1e-7	Tpos:42.7,Tstd:18.5,Bpos:15.5,Bstd:5.0,StrandBias:0.8,Multiplicity:1.04
0.118	0.001	0.880	0.001
0.880	0.001	0.118	0.001
0.001	0.001	0.997	0.001
0.001	0.118	0.880	0.001
0.119	0.248	0.010	0.623
0.001	0.997	0.001	0.001
0.125	0.249	0.249	0.378
0.357	0.001	0.641	0.001
0.001	0.001	0.997	0.001
0.997	0.001	0.001	0.001
>AATGATCCAC	9-AATGATCCAC	8.097822	-16.792351	0	T:33.0(2.03%),B:3.5(0.21%),P:1e-7	Tpos:39.5,Tstd:19.6,Bpos:25.9,Bstd:18.6,StrandBias:0.7,Multiplicity:1.00
0.729	0.001	0.133	0.137
0.837	0.026	0.136	0.001
0.160	0.001	0.015	0.824
0.001	0.107	0.785	0.107
0.753	0.110	0.057	0.080
0.001	0.053	0.137	0.809
0.057	0.782	0.001	0.160
0.160	0.786	0.001	0.053
0.920	0.053	0.001	0.026
0.001	0.838	0.160	0.001
>ATTAGCTGGG	10-ATTAGCTGGG	8.479244	-16.666052	0	T:58.0(3.56%),B:15.3(0.90%),P:1e-7	Tpos:37.4,Tstd:20.2,Bpos:35.8,Bstd:17.1,StrandBias:0.0,Multiplicity:1.10
0.962	0.036	0.001	0.001
0.001	0.037	0.225	0.737
0.036	0.001	0.001	0.962
0.962	0.001	0.036	0.001
0.001	0.001	0.888	0.110
0.036	0.962	0.001	0.001
0.001	0.185	0.037	0.777
0.036	0.001	0.962	0.001
0.001	0.001	0.997	0.001
0.036	0.001	0.962	0.001
>AACATACAAA	11-AACATACAAA	7.698145	-16.413624	0	T:126.0(7.74%),B:60.7(3.57%),P:1e-7	Tpos:36.9,Tstd:19.8,Bpos:35.6,Bstd:17.4,StrandBias:0.6,Multiplicity:1.04
0.854	0.018	0.082	0.046
0.862	0.037	0.046	0.055
0.272	0.566	0.073	0.089
0.899	0.055	0.027	0.019
0.133	0.090	0.080	0.697
0.825	0.037	0.073	0.065
0.084	0.727	0.080	0.109
0.890	0.046	0.009	0.055
0.863	0.028	0.091	0.018
0.827	0.036	0.055	0.082
>ACACTTTTTC	12-ACACTTTTTC	7.694085	-15.439522	0	T:38.0(2.34%),B:6.4(0.38%),P:1e-6	Tpos:33.5,Tstd:18.5,Bpos:46.5,Bstd:21.6,StrandBias:0.2,Multiplicity:1.03
0.856	0.024	0.049	0.071
0.049	0.808	0.071	0.072
0.714	0.107	0.036	0.143
0.060	0.793	0.049	0.098
0.107	0.047	0.024	0.822
0.059	0.059	0.084	0.798
0.072	0.024	0.012	0.892
0.083	0.095	0.047	0.775
0.049	0.049	0.107	0.795
0.071	0.762	0.047	0.120
>AGTAAAGGAA	13-AGTAAAGGAA	8.069131	-14.962770	0	T:51.0(3.13%),B:13.6(0.80%),P:1e-6	Tpos:39.8,Tstd:20.0,Bpos:40.3,Bstd:11.9,StrandBias:0.2,Multiplicity:1.10
0.834	0.022	0.055	0.089
0.099	0.034	0.779	0.088
0.141	0.137	0.124	0.598
0.790	0.066	0.088	0.056
0.889	0.022	0.045	0.044
0.923	0.044	0.011	0.022
0.163	0.033	0.708	0.096
0.069	0.104	0.749	0.078
0.867	0.055	0.011	0.067
0.878	0.034	0.055	0.033
>AGGGGTGGGG	14-AGGGGTGGGG	9.805091	-14.656630	0	T:24.0(1.48%),B:1.4(0.08%),P:1e-6	Tpos:38.6,Tstd:17.4,Bpos:9.0,Bstd:0.0,StrandBias:0.3,Multiplicity:1.09
0.654	0.001	0.001	0.344
0.106	0.001	0.892	0.001
0.001	0.106	0.892	0.001
0.001	0.106	0.892	0.001
0.001	0.139	0.859	0.001
0.106	0.001	0.001	0.892
0.033	0.001	0.826	0.140
0.001	0.001	0.997	0.001
0.001	0.001	0.997	0.001
0.112	0.112	0.664	0.112
>CATCTGTTAA	15-CATCTGTTAA	9.930316	-14.360662	0	T:20.0(1.23%),B:0.0(0.00%),P:1e-6	Tpos:38.4,Tstd:19.6,Bpos:0.0,Bstd:0.0,StrandBias:0.6,Multiplicity:1.00
0.001	0.881	0.001	0.117
0.997	0.001	0.001	0.001
0.001	0.001	0.001	0.997
0.069	0.929	0.001	0.001
0.001	0.001	0.001	0.997
0.001	0.001	0.860	0.138
0.001	0.069	0.001	0.929
0.277	0.001	0.001	0.721
0.861	0.001	0.069	0.069
0.790	0.070	0.070	0.070
>TAAGCCAATG	16-TAAGCCAATG	7.997594	-13.639612	0	T:19.0(1.17%),B:0.0(0.00%),P:1e-5	Tpos:39.2,Tstd:20.6,Bpos:0.0,Bstd:0.0,StrandBias:0.8,Multiplicity:1.00
0.057	0.190	0.196	0.557
0.815	0.077	0.045	0.063
0.683	0.014	0.249	0.054
0.037	0.032	0.617	0.314
0.257	0.484	0.224	0.036
0.389	0.587	0.005	0.019
0.674	0.014	0.009	0.303
0.697	0.234	0.014	0.055
0.037	0.023	0.242	0.698
0.266	0.206	0.474	0.054
>CTGGAATCAA	17-CTGGAATCAA	8.829744	-13.218148	0	T:32.0(1.97%),B:5.9(0.35%),P:1e-5	Tpos:28.2,Tstd:17.7,Bpos:27.2,Bstd:13.3,StrandBias:-0.4,Multiplicity:1.03
0.040	0.958	0.001	0.001
0.121	0.001	0.001	0.877
0.001	0.001	0.997	0.001
0.040	0.162	0.797	0.001
0.706	0.001	0.081	0.212
0.762	0.184	0.041	0.013
0.081	0.041	0.175	0.703
0.222	0.562	0.203	0.013
0.918	0.080	0.001	0.001
0.997	0.001	0.001	0.001
>ATWCTGTRTT	18-ATWCTGTRTT	9.044689	-12.073293	0	T:23.0(1.41%),B:2.6(0.15%),P:1e-5	Tpos:37.7,Tstd:19.0,Bpos:63.3,Bstd:4.6,StrandBias:0.4,Multiplicity:1.05
0.905	0.047	0.001	0.047
0.001	0.001	0.001	0.997
0.538	0.001	0.001	0.460
0.001	0.952	0.046	0.001
0.046	0.001	0.001	0.952
0.047	0.001	0.905	0.047
0.047	0.001	0.047	0.905
0.489	0.047	0.464	0.001
0.001	0.001	0.001	0.997
0.001	0.046	0.001	0.952
>TATATATATA	19-TATATATATA	11.046043	-11.478376	0	T:16.0(0.98%),B:0.7(0.04%),P:1e-4	Tpos:42.3,Tstd:15.9,Bpos:70.0,Bstd:0.0,StrandBias:0.0,Multiplicity:1.56
0.001	0.001	0.001	0.997
0.873	0.025	0.001	0.101
0.001	0.001	0.001	0.997
0.872	0.001	0.001	0.126
0.113	0.001	0.001	0.885
0.997	0.001	0.001	0.001
0.001	0.001	0.001	0.997
0.892	0.012	0.001	0.095
0.001	0.001	0.001	0.997
0.897	0.001	0.001	0.101
