>CGGGAGGC	1-CGGGAGGC	7.395762	-23.517408	0	T:71.0(4.36%),B:15.8(0.93%),P:1e-10	Tpos:39.6,Tstd:18.9,Bpos:31.7,Bstd:21.9,StrandBias:0.4,Multiplicity:1.15
0.001	0.635	0.363	0.001
0.001	0.001	0.997	0.001
0.132	0.001	0.866	0.001
0.001	0.173	0.825	0.001
0.651	0.001	0.001	0.347
0.001	0.001	0.997	0.001
0.001	0.001	0.997	0.001
0.001	0.593	0.405	0.001
>CTCCCAGC	2-CTCCCAGC	6.785859	-22.328203	0	T:130.0(7.99%),B:52.1(3.06%),P:1e-9	Tpos:34.2,Tstd:18.6,Bpos:38.1,Bstd:18.5,StrandBias:0.4,Multiplicity:1.07
0.249	0.657	0.093	0.001
0.026	0.142	0.068	0.764
0.027	0.951	0.001	0.021
0.048	0.950	0.001	0.001
0.014	0.929	0.001	0.056
0.975	0.001	0.023	0.001
0.022	0.024	0.933	0.021
0.028	0.837	0.093	0.042
>CGTCATTT	3-CGTCATTT	7.513201	-19.312995	0	T:34.0(2.09%),B:2.7(0.16%),P:1e-8	Tpos:36.2,Tstd:21.1,Bpos:43.5,Bstd:13.9,StrandBias:-0.7,Multiplicity:1.06
0.001	0.997	0.001	0.001
0.109	0.001	0.889	0.001
0.001	0.001	0.135	0.863
0.135	0.729	0.001	0.135
0.863	0.001	0.135	0.001
0.001	0.135	0.001	0.863
0.001	0.078	0.001	0.920
0.135	0.001	0.001	0.863
>ACTTAGGG	4-ACTTAGGG	7.165471	-18.587877	0	T:52.0(3.20%),B:10.5(0.62%),P:1e-8	Tpos:34.1,Tstd:18.1,Bpos:39.1,Bstd:23.4,StrandBias:0.1,Multiplicity:1.00
0.997	0.001	0.001	0.001
0.001	0.997	0.001	0.001
0.001	0.370	0.001	0.628
0.001	0.066	0.001	0.932
0.815	0.012	0.001	0.172
0.001	0.185	0.813	0.001
0.001	0.185	0.813	0.001
0.001	0.063	0.935	0.001
>GTTTGTTS	5-GTTTGTTS	6.486143	-18.019587	0	T:122.0(7.50%),B:54.8(3.23%),P:1e-7	Tpos:33.9,Tstd:18.5,Bpos:36.3,Bstd:18.6,StrandBias:-0.4,Multiplicity:1.12
0.051	0.001	0.947	0.001
0.165	0.014	0.001	0.820
0.242	0.180	0.001	0.577
0.001	0.001	0.325	0.673
0.196	0.112	0.691	0.001
0.001	0.133	0.001	0.865
0.001	0.001	0.103	0.895
0.001	0.453	0.474	0.071
>CCCTTCCT	6-CCCTTCCT	7.301491	-11.306308	0	T:67.0(4.12%),B:28.8(1.69%),P:1e-4	Tpos:36.8,Tstd:20.5,Bpos:36.2,Bstd:23.1,StrandBias:-0.8,Multiplicity:1.17
0.001	0.886	0.001	0.112
0.161	0.742	0.096	0.001
0.001	0.741	0.001	0.257
0.001	0.054	0.161	0.784
0.032	0.021	0.001	0.946
0.189	0.809	0.001	0.001
0.001	0.996	0.002	0.001
0.021	0.001	0.019	0.959
>TTTCCTCT	7-TTTCCTCT	6.429455	-10.610445	0	T:47.0(2.89%),B:16.6(0.97%),P:1e-4	Tpos:34.8,Tstd:18.8,Bpos:33.9,Bstd:19.3,StrandBias:0.3,Multiplicity:1.04
0.001	0.001	0.001	0.997
0.001	0.001	0.001	0.997
0.001	0.001	0.001	0.997
0.001	0.997	0.001	0.001
0.214	0.784	0.001	0.001
0.001	0.001	0.045	0.953
0.001	0.997	0.001	0.001
0.001	0.001	0.001	0.997
>TATATATA	8-TATATATA	8.885752	-3.993867	0	T:30.0(1.84%),B:16.2(0.96%),P:1e-1	Tpos:42.6,Tstd:16.7,Bpos:31.1,Bstd:21.8,StrandBias:-0.1,Multiplicity:1.50
0.001	0.001	0.001	0.997
0.865	0.001	0.001	0.133
0.001	0.001	0.001	0.997
0.997	0.001	0.001	0.001
0.153	0.001	0.001	0.845
0.997	0.001	0.001	0.001
0.001	0.001	0.001	0.997
0.846	0.001	0.001	0.152
