>WAAATAAATAWW	9-WAAATAAATAWW	6.764055	-32.405225	0	T:297.0(19.32%),B:142.1(9.53%),P:1e-14
0.484	0.084	0.097	0.335
0.544	0.113	0.092	0.251
0.546	0.065	0.119	0.270
0.665	0.011	0.132	0.192
0.054	0.043	0.151	0.752
0.957	0.011	0.019	0.013
0.930	0.022	0.005	0.043
0.843	0.003	0.046	0.108
0.043	0.068	0.105	0.784
0.605	0.070	0.179	0.146
0.433	0.124	0.089	0.354
0.452	0.122	0.111	0.316
