>RCCTCWGCCTCC	4-RCCTCWGCCTCC	6.099060	-59.992227	0	T:284.0(18.48%),B:89.2(5.99%),P:1e-26
0.510	0.001	0.457	0.032
0.065	0.623	0.001	0.311
0.032	0.935	0.032	0.001
0.001	0.277	0.001	0.721
0.001	0.901	0.097	0.001
0.565	0.001	0.001	0.433
0.129	0.001	0.869	0.001
0.001	0.966	0.001	0.032
0.001	0.785	0.001	0.213
0.245	0.001	0.001	0.753
0.001	0.966	0.001	0.032
0.065	0.785	0.001	0.149
