>GGHGGATCACDA	13-GGHGGATCACDA	6.301997	-16.449067	0	T:42.0(2.73%),B:6.7(0.45%),P:1e-7
0.200	0.158	0.468	0.174
0.215	0.160	0.439	0.186
0.245	0.353	0.188	0.214
0.210	0.087	0.530	0.173
0.122	0.136	0.586	0.156
0.583	0.140	0.169	0.108
0.151	0.131	0.140	0.578
0.121	0.594	0.184	0.101
0.614	0.136	0.095	0.155
0.175	0.479	0.180	0.166
0.239	0.190	0.345	0.225
0.431	0.175	0.208	0.186
