>AGGAGAATYRCT	6-AGGAGAATYRCT,BestGuess:ttk/MA0460.1/Jaspar(0.682)	8.592489	-53.267749	0	T:135.0(8.78%),B:18.3(1.23%),P:1e-23
0.661	0.001	0.227	0.111
0.114	0.047	0.682	0.157
0.223	0.001	0.577	0.199
0.976	0.001	0.022	0.001
0.178	0.001	0.820	0.001
0.813	0.001	0.163	0.023
0.866	0.088	0.001	0.045
0.177	0.089	0.070	0.664
0.093	0.336	0.183	0.388
0.506	0.044	0.359	0.091
0.022	0.661	0.025	0.292
0.222	0.001	0.134	0.643
