>TATTATTATTTT	14-TATTATTATTTT	8.639514	-14.755240	0	T:70.0(4.55%),B:22.6(1.52%),P:1e-6
0.152	0.298	0.054	0.496
0.698	0.020	0.086	0.196
0.004	0.128	0.191	0.677
0.004	0.171	0.010	0.815
0.737	0.001	0.001	0.261
0.046	0.046	0.019	0.889
0.042	0.046	0.001	0.911
0.859	0.003	0.135	0.003
0.043	0.088	0.006	0.863
0.004	0.043	0.085	0.868
0.237	0.001	0.128	0.634
0.001	0.042	0.043	0.914
