>TTTCAGTAGAGA	15-TCTCTACTGAAA	7.944778	-12.093675	0	T:27.0(1.76%),B:3.8(0.26%),P:1e-5
0.171	0.172	0.142	0.515
0.156	0.133	0.142	0.569
0.143	0.110	0.148	0.599
0.152	0.558	0.123	0.167
0.689	0.065	0.077	0.169
0.127	0.123	0.570	0.180
0.164	0.129	0.150	0.557
0.695	0.053	0.126	0.126
0.169	0.125	0.558	0.148
0.679	0.078	0.115	0.128
0.201	0.147	0.455	0.198
0.559	0.130	0.146	0.165
