>WGYCTCCCMAGH	8-WGYCTCCCMAGH	7.991376	-41.467122	0	T:128.0(8.33%),B:24.4(1.64%),P:1e-18
0.353	0.001	0.222	0.424
0.101	0.102	0.741	0.056
0.212	0.381	0.046	0.361
0.009	0.511	0.138	0.342
0.203	0.065	0.009	0.723
0.037	0.860	0.047	0.056
0.194	0.760	0.009	0.037
0.316	0.574	0.018	0.092
0.463	0.351	0.177	0.010
0.778	0.064	0.047	0.111
0.231	0.204	0.519	0.046
0.324	0.232	0.167	0.277
