>TGATAACT	1-TGATAACT	4.259186	-1528.102237	0	T:2621.0(87.37%),B:413.8(16.54%),P:1e-663	Tpos:37.3,Tstd:21.1,Bpos:34.9,Bstd:27.9,StrandBias:-0.0,Multiplicity:1.48
0.390	0.001	0.039	0.570
0.001	0.001	0.997	0.001
0.997	0.001	0.001	0.001
0.001	0.001	0.001	0.997
0.997	0.001	0.001	0.001
0.927	0.008	0.064	0.001
0.242	0.465	0.171	0.122
0.103	0.206	0.256	0.435
>AWGATWAS	2-AWGATWAS	5.604617	-1358.967986	0	T:2406.0(80.20%),B:324.3(12.96%),P:1e-590	Tpos:37.3,Tstd:22.1,Bpos:38.0,Bstd:24.0,StrandBias:0.0,Multiplicity:1.03
0.641	0.177	0.097	0.085
0.391	0.183	0.046	0.380
0.004	0.001	0.994	0.001
0.997	0.001	0.001	0.001
0.001	0.001	0.003	0.995
0.562	0.001	0.001	0.436
0.997	0.001	0.001	0.001
0.255	0.303	0.441	0.001
>AGATAKKR	3-AGATAKKR	2.732491	-106.276802	0	T:560.0(18.67%),B:151.6(6.06%),P:1e-46	Tpos:35.8,Tstd:20.4,Bpos:33.7,Bstd:21.0,StrandBias:-0.1,Multiplicity:1.06
0.997	0.001	0.001	0.001
0.001	0.001	0.997	0.001
0.997	0.001	0.001	0.001
0.001	0.001	0.001	0.997
0.997	0.001	0.001	0.001
0.001	0.136	0.435	0.429
0.001	0.006	0.438	0.555
0.357	0.221	0.420	0.001
>CGCAGCTG	4-CGCAGCTG	5.427685	-94.022913	0	T:830.0(27.67%),B:326.5(13.05%),P:1e-40	Tpos:36.0,Tstd:20.0,Bpos:40.6,Bstd:30.6,StrandBias:-0.0,Multiplicity:1.13
0.145	0.485	0.200	0.170
0.193	0.040	0.636	0.131
0.001	0.964	0.028	0.007
0.885	0.007	0.069	0.039
0.069	0.001	0.640	0.290
0.029	0.834	0.007	0.130
0.123	0.062	0.069	0.746
0.007	0.016	0.976	0.001
>SGTTTCCY	5-SGTTTCCY	5.186153	-79.248831	0	T:802.0(26.73%),B:335.3(13.40%),P:1e-34	Tpos:37.4,Tstd:20.1,Bpos:37.3,Bstd:23.9,StrandBias:0.1,Multiplicity:1.09
0.001	0.457	0.482	0.059
0.158	0.165	0.417	0.260
0.011	0.267	0.129	0.593
0.021	0.024	0.011	0.944
0.032	0.043	0.022	0.903
0.065	0.859	0.065	0.011
0.069	0.823	0.022	0.086
0.002	0.357	0.188	0.453
>RCTTCCYC	6-RCTTCCYC	6.984719	-68.062963	0	T:322.0(10.73%),B:76.8(3.07%),P:1e-29	Tpos:36.5,Tstd:19.3,Bpos:38.6,Bstd:25.5,StrandBias:-0.1,Multiplicity:1.04
0.458	0.172	0.355	0.015
0.001	0.989	0.001	0.009
0.001	0.001	0.151	0.847
0.001	0.001	0.001	0.997
0.001	0.725	0.273	0.001
0.001	0.655	0.001	0.343
0.001	0.553	0.001	0.445
0.008	0.832	0.159	0.001
>BMGCAAGT	7-BMGCAAGT	2.147002	-59.980478	0	T:455.0(15.17%),B:157.4(6.29%),P:1e-26	Tpos:36.7,Tstd:20.3,Bpos:37.1,Bstd:28.6,StrandBias:0.4,Multiplicity:1.04
0.001	0.360	0.288	0.351
0.551	0.447	0.001	0.001
0.001	0.001	0.997	0.001
0.001	0.671	0.327	0.001
0.997	0.001	0.001	0.001
0.997	0.001	0.001	0.001
0.001	0.001	0.997	0.001
0.001	0.314	0.001	0.684
>TAACCACA	8-TAACCACA	5.949338	-57.545000	0	T:331.0(11.03%),B:93.7(3.74%),P:1e-24	Tpos:36.6,Tstd:20.2,Bpos:39.1,Bstd:20.0,StrandBias:0.0,Multiplicity:1.05
0.217	0.208	0.084	0.491
0.816	0.034	0.126	0.024
0.958	0.040	0.001	0.001
0.037	0.938	0.024	0.001
0.001	0.997	0.001	0.001
0.997	0.001	0.001	0.001
0.001	0.968	0.001	0.030
0.955	0.001	0.001	0.043
>RTGASTCA	9-RTGASTCA	6.020910	-49.381652	0	T:232.0(7.73%),B:54.3(2.17%),P:1e-21	Tpos:37.1,Tstd:20.5,Bpos:37.9,Bstd:25.1,StrandBias:0.1,Multiplicity:1.02
0.274	0.206	0.392	0.128
0.001	0.001	0.001	0.997
0.001	0.001	0.997	0.001
0.997	0.001	0.001	0.001
0.001	0.484	0.514	0.001
0.001	0.001	0.001	0.997
0.064	0.934	0.001	0.001
0.997	0.001	0.001	0.001
>GCTTGCCT	10-GCTTGCCT	7.919670	-26.872536	0	T:61.0(2.03%),B:4.8(0.19%),P:1e-11	Tpos:33.6,Tstd:18.4,Bpos:34.7,Bstd:20.7,StrandBias:0.3,Multiplicity:1.02
0.001	0.001	0.997	0.001
0.065	0.933	0.001	0.001
0.001	0.001	0.001	0.997
0.001	0.001	0.001	0.997
0.065	0.001	0.933	0.001
0.001	0.997	0.001	0.001
0.001	0.717	0.001	0.281
0.001	0.001	0.021	0.977
>CAAGGCCC	11-CAAGGCCC	6.658025	-21.052347	0	T:89.0(2.97%),B:19.7(0.79%),P:1e-9	Tpos:41.0,Tstd:19.6,Bpos:30.9,Bstd:12.7,StrandBias:0.3,Multiplicity:1.01
0.001	0.997	0.001	0.001
0.770	0.216	0.001	0.013
0.997	0.001	0.001	0.001
0.001	0.001	0.997	0.001
0.001	0.001	0.997	0.001
0.001	0.931	0.067	0.001
0.001	0.997	0.001	0.001
0.001	0.997	0.001	0.001
>TRCAAKGC	12-TRCAAKGC	7.847859	-18.857761	0	T:55.0(1.83%),B:7.7(0.31%),P:1e-8	Tpos:38.8,Tstd:20.7,Bpos:35.5,Bstd:12.2,StrandBias:-0.3,Multiplicity:1.00
0.183	0.187	0.011	0.619
0.442	0.025	0.532	0.001
0.161	0.813	0.025	0.001
0.997	0.001	0.001	0.001
0.667	0.331	0.001	0.001
0.017	0.001	0.484	0.498
0.001	0.035	0.963	0.001
0.001	0.922	0.076	0.001
>CCCTGACT	13-CCCTGACT	6.724824	-18.483327	0	T:74.0(2.47%),B:15.6(0.62%),P:1e-8	Tpos:37.4,Tstd:18.8,Bpos:31.1,Bstd:15.7,StrandBias:0.3,Multiplicity:1.02
0.034	0.956	0.005	0.005
0.001	0.966	0.002	0.031
0.095	0.449	0.158	0.298
0.001	0.001	0.001	0.997
0.001	0.016	0.982	0.001
0.941	0.029	0.001	0.029
0.029	0.941	0.001	0.029
0.001	0.001	0.004	0.994
>TGCTGTCA	14-TGCTGTCA	8.245625	-15.835979	0	T:70.0(2.33%),B:16.4(0.66%),P:1e-6	Tpos:40.7,Tstd:19.6,Bpos:43.2,Bstd:11.0,StrandBias:0.3,Multiplicity:1.00
0.001	0.001	0.001	0.997
0.001	0.001	0.997	0.001
0.001	0.997	0.001	0.001
0.001	0.001	0.141	0.857
0.001	0.001	0.997	0.001
0.001	0.001	0.001	0.997
0.001	0.820	0.178	0.001
0.914	0.001	0.084	0.001
>AGATATCT	15-AGATATCT	8.236954	-12.155243	0	T:20.0(0.67%),B:0.0(0.00%),P:1e-5	Tpos:29.9,Tstd:20.0,Bpos:0.0,Bstd:0.0,StrandBias:0.0,Multiplicity:1.16
0.700	0.100	0.100	0.100
0.100	0.100	0.700	0.100
0.700	0.100	0.100	0.100
0.100	0.100	0.100	0.700
0.700	0.100	0.100	0.100
0.100	0.100	0.100	0.700
0.100	0.700	0.100	0.100
0.100	0.100	0.100	0.700
>ACCAGAAG	16-ACCAGAAG	8.236954	-10.819122	0	T:25.0(0.83%),B:2.9(0.12%),P:1e-4	Tpos:36.5,Tstd:19.3,Bpos:27.3,Bstd:8.9,StrandBias:-0.4,Multiplicity:1.00
0.700	0.100	0.100	0.100
0.100	0.700	0.100	0.100
0.100	0.700	0.100	0.100
0.700	0.100	0.100	0.100
0.100	0.100	0.700	0.100
0.700	0.100	0.100	0.100
0.700	0.100	0.100	0.100
0.100	0.100	0.700	0.100
>GTTAGGGT	17-GTTAGGGT	9.097782	-8.993640	0	T:34.0(1.13%),B:7.6(0.30%),P:1e-3	Tpos:34.3,Tstd:18.8,Bpos:56.3,Bstd:4.7,StrandBias:0.8,Multiplicity:1.43
0.001	0.001	0.997	0.001
0.001	0.001	0.037	0.961
0.001	0.175	0.001	0.823
0.997	0.001	0.001	0.001
0.001	0.001	0.997	0.001
0.175	0.001	0.823	0.001
0.001	0.001	0.997	0.001
0.001	0.001	0.001	0.997
