>WRABAGATAA	1-WRABAGATAA	5.606763	-1397.028267	0	T:2476.0(82.53%),B:358.3(14.32%),P:1e-606	Tpos:36.9,Tstd:20.3,Bpos:35.4,Bstd:27.4,StrandBias:-0.1,Multiplicity:1.39
0.355	0.203	0.193	0.248
0.261	0.145	0.397	0.197
0.407	0.153	0.252	0.188
0.206	0.219	0.215	0.360
0.787	0.001	0.001	0.211
0.001	0.001	0.997	0.001
0.997	0.001	0.001	0.001
0.001	0.001	0.001	0.997
0.849	0.001	0.091	0.059
0.794	0.001	0.201	0.004
>WGATAWSDGV	2-WGATAWSDGV	6.995450	-555.053640	0	T:1211.0(40.37%),B:113.7(4.54%),P:1e-241	Tpos:36.9,Tstd:23.4,Bpos:33.3,Bstd:24.5,StrandBias:-0.2,Multiplicity:1.07
0.542	0.001	0.001	0.456
0.001	0.001	0.997	0.001
0.974	0.024	0.001	0.001
0.001	0.129	0.166	0.704
0.932	0.001	0.061	0.006
0.461	0.001	0.101	0.436
0.234	0.310	0.455	0.001
0.261	0.001	0.398	0.339
0.248	0.260	0.491	0.001
0.384	0.321	0.293	0.001
>BCTGGTTATC	3-BCTGGTTATC	6.976272	-257.452553	0	T:547.0(18.23%),B:32.1(1.28%),P:1e-111	Tpos:39.3,Tstd:25.4,Bpos:59.6,Bstd:3.6,StrandBias:0.0,Multiplicity:1.00
0.112	0.337	0.296	0.255
0.052	0.541	0.168	0.239
0.138	0.001	0.001	0.860
0.001	0.001	0.609	0.389
0.001	0.273	0.725	0.001
0.001	0.001	0.001	0.997
0.001	0.001	0.001	0.997
0.997	0.001	0.001	0.001
0.001	0.001	0.001	0.997
0.001	0.997	0.001	0.001
>GSTTATCAGC	4-GSTTATCAGC	7.549276	-126.013204	0	T:425.0(14.17%),B:68.0(2.72%),P:1e-54	Tpos:38.0,Tstd:21.4,Bpos:40.0,Bstd:24.5,StrandBias:-0.2,Multiplicity:1.02
0.184	0.136	0.417	0.262
0.019	0.379	0.437	0.165
0.001	0.397	0.001	0.601
0.387	0.001	0.001	0.611
0.882	0.001	0.116	0.001
0.001	0.001	0.001	0.997
0.001	0.997	0.001	0.001
0.997	0.001	0.001	0.001
0.001	0.001	0.997	0.001
0.194	0.408	0.204	0.194
>NARCAGCTGB	5-NARCAGCTGB	6.519866	-101.013111	0	T:620.0(20.67%),B:190.8(7.63%),P:1e-43	Tpos:36.1,Tstd:19.2,Bpos:42.3,Bstd:28.5,StrandBias:-0.1,Multiplicity:1.06
0.318	0.220	0.196	0.266
0.399	0.204	0.220	0.177
0.361	0.200	0.315	0.124
0.001	0.997	0.001	0.001
0.849	0.001	0.001	0.149
0.001	0.001	0.997	0.001
0.199	0.726	0.001	0.074
0.268	0.001	0.001	0.730
0.029	0.001	0.834	0.136
0.081	0.321	0.320	0.278
>BCTTATCGST	6-BCTTATCGST	6.283307	-61.488127	0	T:144.0(4.80%),B:10.6(0.42%),P:1e-26	Tpos:36.8,Tstd:20.1,Bpos:37.1,Bstd:23.3,StrandBias:-0.1,Multiplicity:1.02
0.121	0.316	0.242	0.322
0.216	0.393	0.221	0.171
0.023	0.241	0.001	0.735
0.198	0.001	0.001	0.800
0.880	0.094	0.025	0.001
0.001	0.001	0.069	0.929
0.001	0.997	0.001	0.001
0.001	0.142	0.856	0.001
0.001	0.388	0.397	0.214
0.151	0.171	0.242	0.435
>STGASTCATV	7-STGASTCATV	3.324800	-46.578134	0	T:219.0(7.30%),B:51.9(2.08%),P:1e-20	Tpos:37.3,Tstd:20.5,Bpos:40.5,Bstd:25.6,StrandBias:-0.0,Multiplicity:1.02
0.175	0.251	0.393	0.181
0.001	0.001	0.001	0.997
0.001	0.001	0.997	0.001
0.997	0.001	0.001	0.001
0.001	0.459	0.539	0.001
0.001	0.001	0.001	0.997
0.001	0.997	0.001	0.001
0.997	0.001	0.001	0.001
0.015	0.294	0.224	0.467
0.338	0.257	0.272	0.133
>CAAAGAGGAA	8-CAAAGAGGAA	7.363481	-45.024112	0	T:93.0(3.10%),B:4.9(0.20%),P:1e-19	Tpos:37.6,Tstd:17.4,Bpos:47.5,Bstd:8.4,StrandBias:0.0,Multiplicity:1.02
0.238	0.456	0.194	0.112
0.596	0.130	0.109	0.165
0.497	0.192	0.210	0.101
0.591	0.032	0.215	0.162
0.058	0.318	0.585	0.039
0.818	0.011	0.114	0.057
0.096	0.007	0.817	0.080
0.162	0.124	0.608	0.106
0.616	0.254	0.064	0.066
0.590	0.268	0.124	0.018
>GATTACAAAG	9-GATTACAAAG	8.246814	-41.615154	0	T:98.0(3.27%),B:7.8(0.31%),P:1e-18	Tpos:37.3,Tstd:20.8,Bpos:20.1,Bstd:10.2,StrandBias:0.9,Multiplicity:1.00
0.001	0.160	0.838	0.001
0.997	0.001	0.001	0.001
0.053	0.001	0.107	0.839
0.001	0.001	0.053	0.945
0.997	0.001	0.001	0.001
0.001	0.614	0.384	0.001
0.639	0.234	0.126	0.001
0.556	0.283	0.107	0.054
0.945	0.001	0.053	0.001
0.175	0.001	0.751	0.073
>GAGGAAGTTG	10-GAGGAAGTTG	8.196379	-41.128845	0	T:135.0(4.50%),B:20.1(0.81%),P:1e-17	Tpos:37.5,Tstd:18.7,Bpos:42.8,Bstd:28.2,StrandBias:-0.0,Multiplicity:1.01
0.001	0.165	0.833	0.001
0.822	0.001	0.176	0.001
0.001	0.001	0.997	0.001
0.001	0.001	0.997	0.001
0.699	0.165	0.135	0.001
0.863	0.055	0.081	0.001
0.001	0.105	0.893	0.001
0.276	0.079	0.001	0.644
0.215	0.001	0.221	0.563
0.265	0.087	0.647	0.001
>CWGATAGTGA	11-CWGATAGTGA	8.275100	-36.359376	0	T:74.0(2.47%),B:3.1(0.12%),P:1e-15	Tpos:39.3,Tstd:18.9,Bpos:15.4,Bstd:11.0,StrandBias:-0.3,Multiplicity:1.00
0.220	0.497	0.001	0.282
0.463	0.001	0.001	0.535
0.001	0.032	0.966	0.001
0.966	0.001	0.001	0.032
0.001	0.032	0.001	0.966
0.997	0.001	0.001	0.001
0.001	0.032	0.966	0.001
0.001	0.001	0.032	0.966
0.271	0.001	0.727	0.001
0.697	0.001	0.291	0.011
>GGCTGTGGTT	12-GGCTGTGGTT	7.637495	-36.014363	0	T:146.0(4.87%),B:29.1(1.16%),P:1e-15	Tpos:34.4,Tstd:19.3,Bpos:42.1,Bstd:21.9,StrandBias:-0.1,Multiplicity:1.01
0.133	0.053	0.734	0.080
0.080	0.036	0.681	0.203
0.054	0.814	0.088	0.044
0.054	0.009	0.018	0.919
0.018	0.071	0.849	0.062
0.018	0.009	0.044	0.929
0.018	0.018	0.885	0.079
0.071	0.123	0.700	0.106
0.062	0.105	0.090	0.743
0.080	0.026	0.133	0.761
>BAGTCACAGW	13-BAGTCACAGW	9.191704	-32.353146	0	T:81.0(2.70%),B:7.3(0.29%),P:1e-14	Tpos:36.1,Tstd:18.5,Bpos:51.6,Bstd:9.2,StrandBias:0.0,Multiplicity:1.00
0.176	0.333	0.247	0.243
0.997	0.001	0.001	0.001
0.001	0.001	0.997	0.001
0.001	0.001	0.421	0.577
0.001	0.877	0.001	0.121
0.866	0.132	0.001	0.001
0.249	0.595	0.155	0.001
0.997	0.001	0.001	0.001
0.005	0.001	0.931	0.063
0.383	0.187	0.127	0.303
>AAGGCCTTGA	14-AAGGCCTTGA	7.671080	-31.892749	0	T:70.0(2.33%),B:4.9(0.20%),P:1e-13	Tpos:37.9,Tstd:20.1,Bpos:43.2,Bstd:21.6,StrandBias:0.1,Multiplicity:1.00
0.802	0.085	0.075	0.038
0.805	0.028	0.121	0.046
0.084	0.001	0.859	0.056
0.037	0.065	0.823	0.075
0.065	0.860	0.047	0.028
0.028	0.832	0.028	0.112
0.047	0.077	0.029	0.847
0.056	0.056	0.085	0.803
0.037	0.103	0.776	0.084
0.610	0.112	0.111	0.167
>GAAAGCAGCC	15-GAAAGCAGCC	8.456214	-31.789199	0	T:62.0(2.07%),B:2.3(0.09%),P:1e-13	Tpos:37.3,Tstd:19.5,Bpos:37.8,Bstd:11.9,StrandBias:-0.1,Multiplicity:1.00
0.073	0.192	0.612	0.123
0.762	0.001	0.115	0.122
0.707	0.001	0.185	0.107
0.772	0.061	0.001	0.166
0.125	0.085	0.789	0.001
0.103	0.895	0.001	0.001
0.997	0.001	0.001	0.001
0.001	0.082	0.868	0.049
0.017	0.656	0.143	0.184
0.001	0.938	0.060	0.001
>TATCTTGTGA	16-TATCTTGTGA	6.303172	-30.754936	0	T:87.0(2.90%),B:10.1(0.40%),P:1e-13	Tpos:40.1,Tstd:16.8,Bpos:52.0,Bstd:11.0,StrandBias:-0.1,Multiplicity:1.03
0.134	0.155	0.136	0.575
0.504	0.148	0.179	0.169
0.117	0.149	0.154	0.580
0.097	0.639	0.141	0.123
0.133	0.161	0.070	0.636
0.099	0.074	0.165	0.662
0.103	0.177	0.588	0.132
0.131	0.078	0.138	0.653
0.119	0.158	0.604	0.119
0.562	0.134	0.137	0.167
>TGTGGTCABK	17-TGTGGTCABK	9.000743	-24.946915	0	T:54.0(1.80%),B:3.3(0.13%),P:1e-10	Tpos:38.1,Tstd:16.9,Bpos:40.1,Bstd:10.9,StrandBias:0.5,Multiplicity:1.05
0.001	0.001	0.001	0.997
0.001	0.204	0.794	0.001
0.001	0.001	0.001	0.997
0.001	0.001	0.997	0.001
0.001	0.067	0.931	0.001
0.001	0.001	0.001	0.997
0.001	0.997	0.001	0.001
0.649	0.001	0.001	0.349
0.001	0.290	0.351	0.358
0.001	0.085	0.418	0.496
>CTTATGCAAG	18-CTTATGCAAG	7.697459	-24.089862	0	T:71.0(2.37%),B:9.7(0.39%),P:1e-10	Tpos:39.9,Tstd:18.1,Bpos:29.4,Bstd:6.1,StrandBias:-0.1,Multiplicity:1.12
0.044	0.802	0.066	0.088
0.175	0.096	0.001	0.728
0.066	0.044	0.044	0.846
0.699	0.088	0.136	0.077
0.077	0.044	0.164	0.715
0.037	0.066	0.821	0.076
0.026	0.860	0.070	0.044
0.913	0.054	0.001	0.032
0.803	0.001	0.109	0.087
0.081	0.033	0.831	0.055
>GGGAAGGAAG	19-GGGAAGGAAG	9.295493	-21.370263	0	T:60.0(2.00%),B:7.8(0.31%),P:1e-9	Tpos:34.7,Tstd:21.8,Bpos:28.3,Bstd:12.6,StrandBias:0.3,Multiplicity:1.00
0.001	0.029	0.941	0.029
0.029	0.001	0.941	0.029
0.001	0.001	0.997	0.001
0.736	0.088	0.147	0.029
0.941	0.029	0.029	0.001
0.028	0.001	0.970	0.001
0.029	0.088	0.854	0.029
0.882	0.088	0.001	0.029
0.912	0.001	0.058	0.029
0.059	0.029	0.883	0.029
>TGCAVAGADG	20-TGCAVAGADG	7.444981	-19.940006	0	T:45.0(1.50%),B:3.3(0.13%),P:1e-8	Tpos:37.8,Tstd:14.9,Bpos:52.6,Bstd:4.9,StrandBias:0.1,Multiplicity:1.00
0.304	0.120	0.013	0.563
0.215	0.228	0.544	0.013
0.018	0.811	0.001	0.170
0.683	0.013	0.006	0.298
0.316	0.341	0.248	0.094
0.760	0.001	0.031	0.208
0.006	0.368	0.613	0.013
0.632	0.019	0.210	0.139
0.279	0.025	0.418	0.278
0.184	0.019	0.525	0.272
>CTTGCTGAGC	21-CTTGCTGAGC	10.326906	-17.645042	0	T:29.0(0.97%),B:0.0(0.00%),P:1e-7	Tpos:30.0,Tstd:19.1,Bpos:0.0,Bstd:0.0,StrandBias:0.3,Multiplicity:1.00
0.001	0.997	0.001	0.001
0.061	0.001	0.001	0.937
0.061	0.001	0.001	0.937
0.062	0.062	0.875	0.001
0.001	0.997	0.001	0.001
0.001	0.001	0.061	0.937
0.062	0.062	0.814	0.062
0.937	0.001	0.001	0.061
0.062	0.001	0.875	0.062
0.001	0.937	0.001	0.061
>CTTGCTGCTT	22-CTTGCTGCTT	9.567108	-16.737217	0	T:48.0(1.60%),B:6.2(0.25%),P:1e-7	Tpos:33.7,Tstd:19.3,Bpos:34.3,Bstd:22.8,StrandBias:0.2,Multiplicity:1.03
0.040	0.919	0.040	0.001
0.040	0.001	0.040	0.919
0.001	0.001	0.199	0.799
0.040	0.122	0.798	0.040
0.001	0.919	0.040	0.040
0.039	0.001	0.001	0.959
0.040	0.080	0.840	0.040
0.001	0.997	0.001	0.001
0.001	0.119	0.001	0.879
0.001	0.039	0.001	0.959
>TTCCCATGTC	23-TTCCCATGTC	7.062409	-16.239224	0	T:47.0(1.57%),B:6.7(0.27%),P:1e-7	Tpos:37.6,Tstd:20.5,Bpos:33.9,Bstd:7.3,StrandBias:-0.8,Multiplicity:1.00
0.029	0.089	0.101	0.781
0.088	0.103	0.055	0.754
0.082	0.676	0.111	0.131
0.117	0.742	0.001	0.140
0.144	0.691	0.003	0.162
0.682	0.128	0.065	0.125
0.124	0.112	0.118	0.646
0.104	0.128	0.637	0.131
0.101	0.092	0.143	0.664
0.095	0.708	0.086	0.111
>GGGGCGTGGG	24-GGGGCGTGGG	10.030861	-10.848789	0	T:28.0(0.93%),B:3.6(0.14%),P:1e-4	Tpos:36.8,Tstd:16.5,Bpos:29.5,Bstd:13.6,StrandBias:0.9,Multiplicity:1.07
0.001	0.001	0.937	0.061
0.061	0.001	0.937	0.001
0.061	0.001	0.937	0.001
0.001	0.001	0.997	0.001
0.001	0.687	0.125	0.187
0.001	0.187	0.811	0.001
0.001	0.001	0.187	0.811
0.001	0.001	0.997	0.001
0.001	0.001	0.997	0.001
0.061	0.001	0.937	0.001
>CASAAATGAC	25-CASAAATGAC	9.188934	-10.217815	0	T:32.0(1.07%),B:5.8(0.23%),P:1e-4	Tpos:39.7,Tstd:17.3,Bpos:36.0,Bstd:8.8,StrandBias:-0.7,Multiplicity:1.00
0.116	0.463	0.190	0.231
0.917	0.081	0.001	0.001
0.001	0.559	0.439	0.001
0.997	0.001	0.001	0.001
0.868	0.001	0.130	0.001
0.859	0.001	0.001	0.139
0.001	0.001	0.151	0.847
0.001	0.001	0.997	0.001
0.491	0.195	0.155	0.158
0.001	0.997	0.001	0.001
