>NNRYTATCTNNN	1-NNRYTATCTNNN	5.301617	-1153.298342	0	T:2254.0(75.13%),B:327.8(13.11%),P:1e-500	Tpos:37.1,Tstd:19.9,Bpos:35.7,Bstd:26.3,StrandBias:0.1,Multiplicity:1.33
0.286	0.258	0.213	0.243
0.302	0.196	0.230	0.272
0.293	0.178	0.341	0.188
0.048	0.410	0.024	0.518
0.082	0.169	0.011	0.738
0.775	0.072	0.045	0.108
0.047	0.020	0.038	0.895
0.012	0.905	0.032	0.051
0.187	0.035	0.018	0.760
0.224	0.191	0.288	0.297
0.251	0.198	0.262	0.289
0.202	0.302	0.234	0.262
>NKDTGATAAGVM	2-NKDTGATAAGVM	7.029879	-191.114661	0	T:565.0(18.83%),B:76.7(3.07%),P:1e-82	Tpos:38.9,Tstd:19.8,Bpos:33.0,Bstd:28.7,StrandBias:0.2,Multiplicity:1.04
0.253	0.249	0.191	0.307
0.177	0.190	0.245	0.387
0.239	0.144	0.378	0.239
0.001	0.001	0.075	0.923
0.001	0.001	0.997	0.001
0.997	0.001	0.001	0.001
0.001	0.008	0.001	0.990
0.997	0.001	0.001	0.001
0.994	0.004	0.001	0.001
0.325	0.076	0.509	0.090
0.236	0.303	0.339	0.122
0.403	0.271	0.199	0.127
>AAAGAGGAAGTC	3-AAAGAGGAAGTC	9.787147	-47.783255	0	T:84.0(2.80%),B:1.5(0.06%),P:1e-20	Tpos:37.5,Tstd:17.7,Bpos:44.1,Bstd:10.9,StrandBias:0.0,Multiplicity:1.03
0.797	0.067	0.091	0.045
0.932	0.022	0.045	0.001
0.842	0.001	0.090	0.067
0.023	0.068	0.908	0.001
0.843	0.001	0.134	0.022
0.045	0.001	0.953	0.001
0.045	0.022	0.911	0.022
0.911	0.022	0.045	0.022
0.955	0.001	0.022	0.022
0.112	0.045	0.821	0.022
0.091	0.068	0.199	0.642
0.113	0.529	0.246	0.112
>ATBTATCTATCA	4-ATBTATCTATCA	7.984668	-41.969097	0	T:102.0(3.40%),B:8.1(0.32%),P:1e-18	Tpos:38.3,Tstd:18.7,Bpos:27.6,Bstd:16.4,StrandBias:-0.5,Multiplicity:1.00
0.832	0.084	0.063	0.021
0.092	0.042	0.218	0.648
0.131	0.264	0.239	0.366
0.193	0.216	0.130	0.461
0.405	0.245	0.217	0.133
0.132	0.022	0.043	0.803
0.131	0.689	0.138	0.042
0.042	0.044	0.001	0.913
0.845	0.066	0.045	0.044
0.084	0.170	0.175	0.571
0.043	0.872	0.021	0.064
0.668	0.089	0.001	0.242
>RCAGGAGRCAGA	5-RCAGGAGRCAGA	9.873612	-37.982443	0	T:88.0(2.93%),B:6.9(0.28%),P:1e-16	Tpos:35.4,Tstd:20.1,Bpos:49.1,Bstd:9.5,StrandBias:-0.2,Multiplicity:1.00
0.450	0.022	0.482	0.047
0.066	0.636	0.276	0.022
0.887	0.023	0.022	0.068
0.180	0.001	0.797	0.022
0.244	0.210	0.524	0.022
0.845	0.022	0.110	0.023
0.361	0.023	0.594	0.022
0.562	0.001	0.436	0.001
0.360	0.613	0.004	0.023
0.953	0.001	0.001	0.045
0.092	0.023	0.840	0.045
0.751	0.049	0.066	0.134
>CAYAKCTGTCTS	6-CAYAKCTGTCTS	8.645821	-37.743316	0	T:128.0(4.27%),B:20.4(0.82%),P:1e-16	Tpos:35.1,Tstd:18.4,Bpos:32.9,Bstd:9.9,StrandBias:-0.3,Multiplicity:1.01
0.001	0.526	0.286	0.187
0.472	0.299	0.228	0.001
0.001	0.499	0.001	0.499
0.613	0.001	0.385	0.001
0.001	0.001	0.452	0.546
0.001	0.830	0.168	0.001
0.001	0.001	0.001	0.997
0.001	0.001	0.997	0.001
0.241	0.001	0.184	0.574
0.001	0.561	0.084	0.354
0.255	0.154	0.001	0.590
0.014	0.341	0.402	0.242
>NYTGCAGCTGCN	7-NYTGCAGCTGCN	7.978638	-37.501608	0	T:67.0(2.23%),B:1.8(0.07%),P:1e-16	Tpos:40.8,Tstd:19.7,Bpos:55.5,Bstd:4.5,StrandBias:-0.2,Multiplicity:1.02
0.196	0.335	0.235	0.234
0.196	0.361	0.146	0.298
0.252	0.073	0.173	0.502
0.098	0.144	0.657	0.101
0.088	0.770	0.085	0.057
0.700	0.028	0.044	0.228
0.071	0.057	0.768	0.104
0.107	0.730	0.077	0.086
0.179	0.046	0.040	0.735
0.071	0.099	0.694	0.136
0.175	0.394	0.205	0.226
0.293	0.217	0.193	0.297
>TCTRTCTGTCAT	8-TCTRTCTGTCAT	10.304477	-32.345569	0	T:53.0(1.77%),B:1.0(0.04%),P:1e-14	Tpos:33.9,Tstd:22.0,Bpos:26.2,Bstd:7.9,StrandBias:0.2,Multiplicity:1.00
0.001	0.001	0.001	0.997
0.022	0.976	0.001	0.001
0.001	0.211	0.009	0.779
0.403	0.001	0.492	0.103
0.001	0.211	0.220	0.568
0.135	0.863	0.001	0.001
0.001	0.001	0.001	0.997
0.412	0.001	0.586	0.001
0.001	0.001	0.001	0.997
0.001	0.882	0.116	0.001
0.694	0.304	0.001	0.001
0.211	0.197	0.033	0.559
>GCTGTGGGCAKG	9-GCTGTGGGCAKG	9.958864	-31.501643	0	T:57.0(1.90%),B:1.6(0.07%),P:1e-13	Tpos:38.1,Tstd:19.4,Bpos:23.3,Bstd:8.4,StrandBias:0.1,Multiplicity:1.00
0.001	0.061	0.875	0.063
0.001	0.997	0.001	0.001
0.096	0.030	0.030	0.844
0.001	0.029	0.969	0.001
0.059	0.032	0.240	0.669
0.148	0.001	0.850	0.001
0.001	0.061	0.937	0.001
0.030	0.240	0.474	0.256
0.121	0.682	0.071	0.126
0.717	0.125	0.157	0.001
0.096	0.002	0.453	0.449
0.061	0.001	0.819	0.119
>RGAGGATGAGKG	10-RGAGGATGAGKG	9.159936	-29.133112	0	T:78.0(2.60%),B:8.3(0.33%),P:1e-12	Tpos:37.8,Tstd:20.6,Bpos:40.4,Bstd:10.8,StrandBias:0.1,Multiplicity:1.00
0.433	0.001	0.296	0.269
0.001	0.001	0.997	0.001
0.763	0.001	0.235	0.001
0.268	0.001	0.561	0.170
0.073	0.001	0.925	0.001
0.559	0.001	0.210	0.230
0.180	0.074	0.230	0.516
0.276	0.001	0.439	0.283
0.851	0.001	0.001	0.147
0.001	0.001	0.997	0.001
0.001	0.034	0.431	0.534
0.235	0.001	0.763	0.001
>CCCTGTGCARGC	11-CCCTGTGCARGC	10.011072	-23.759432	0	T:39.0(1.30%),B:0.9(0.04%),P:1e-10	Tpos:40.5,Tstd:14.8,Bpos:55.0,Bstd:9.1,StrandBias:0.7,Multiplicity:1.00
0.060	0.829	0.060	0.051
0.051	0.796	0.001	0.152
0.001	0.699	0.001	0.299
0.001	0.050	0.001	0.948
0.001	0.120	0.828	0.051
0.001	0.001	0.110	0.888
0.001	0.101	0.897	0.001
0.001	0.948	0.050	0.001
0.889	0.051	0.001	0.059
0.438	0.001	0.305	0.256
0.008	0.001	0.940	0.051
0.008	0.588	0.001	0.403
>GGGGGGGGGKGG	12-GGGGGGGGGKGG	9.459640	-6.483951	0	T:28.0(0.93%),B:7.4(0.30%),P:1e-2	Tpos:44.2,Tstd:17.3,Bpos:34.3,Bstd:9.9,StrandBias:2.2,Multiplicity:1.08
0.053	0.053	0.859	0.035
0.001	0.017	0.912	0.070
0.019	0.018	0.891	0.072
0.106	0.088	0.734	0.072
0.072	0.035	0.787	0.106
0.088	0.018	0.859	0.035
0.053	0.035	0.840	0.072
0.035	0.019	0.928	0.018
0.001	0.088	0.876	0.035
0.053	0.019	0.390	0.538
0.001	0.017	0.947	0.035
0.053	0.071	0.858	0.018
