>GTAGCTGG	1-GTAGCTGG	8.081728	-28.872562	0	T:48.0(3.04%),B:2.7(0.16%),P:1e-12	Tpos:36.8,Tstd:19.3,Bpos:35.8,Bstd:20.5,StrandBias:-0.5,Multiplicity:1.00
0.001	0.001	0.997	0.001
0.001	0.001	0.001	0.997
0.771	0.227	0.001	0.001
0.227	0.001	0.771	0.001
0.001	0.997	0.001	0.001
0.001	0.227	0.001	0.771
0.001	0.001	0.997	0.001
0.001	0.109	0.758	0.132
>TCTAATTG	2-TCTAATTG	3.635644	-25.549901	0	T:148.0(9.37%),B:59.1(3.58%),P:1e-11	Tpos:37.8,Tstd:20.3,Bpos:38.8,Bstd:20.1,StrandBias:-0.2,Multiplicity:1.03
0.001	0.001	0.079	0.919
0.001	0.997	0.001	0.001
0.001	0.001	0.001	0.997
0.997	0.001	0.001	0.001
0.997	0.001	0.001	0.001
0.001	0.001	0.090	0.908
0.001	0.001	0.216	0.782
0.001	0.001	0.815	0.183
>CTGTAATC	3-CTGTAATC	7.195061	-23.851282	0	T:107.0(6.77%),B:35.1(2.13%),P:1e-10	Tpos:36.6,Tstd:19.8,Bpos:39.5,Bstd:18.6,StrandBias:-0.5,Multiplicity:1.01
0.061	0.937	0.001	0.001
0.001	0.001	0.001	0.997
0.001	0.001	0.997	0.001
0.001	0.052	0.001	0.946
0.912	0.086	0.001	0.001
0.637	0.086	0.126	0.151
0.001	0.001	0.042	0.956
0.052	0.946	0.001	0.001
>AAACACAC	4-AAACACAC	6.973817	-14.259175	0	T:92.0(5.82%),B:40.2(2.44%),P:1e-6	Tpos:40.4,Tstd:17.6,Bpos:39.3,Bstd:22.5,StrandBias:1.0,Multiplicity:1.24
0.931	0.008	0.016	0.045
0.691	0.234	0.006	0.069
0.997	0.001	0.001	0.001
0.090	0.851	0.043	0.016
0.960	0.024	0.015	0.001
0.194	0.804	0.001	0.001
0.961	0.023	0.015	0.001
0.001	0.833	0.090	0.076
>CCTCCTGC	5-CCTCCTGC	6.939543	-14.151536	0	T:103.0(6.52%),B:48.5(2.94%),P:1e-6	Tpos:39.2,Tstd:18.3,Bpos:35.4,Bstd:21.2,StrandBias:-0.9,Multiplicity:1.09
0.001	0.895	0.001	0.103
0.001	0.795	0.017	0.187
0.001	0.070	0.052	0.877
0.001	0.926	0.031	0.042
0.042	0.940	0.017	0.001
0.025	0.035	0.001	0.939
0.001	0.095	0.845	0.059
0.059	0.818	0.035	0.088
>GGGGTCAA	6-GGGGTCAA	9.119114	-9.948225	0	T:32.0(2.03%),B:8.1(0.49%),P:1e-4	Tpos:34.2,Tstd:20.0,Bpos:43.4,Bstd:22.8,StrandBias:-1.1,Multiplicity:1.00
0.001	0.001	0.997	0.001
0.001	0.001	0.997	0.001
0.001	0.001	0.581	0.417
0.001	0.001	0.588	0.410
0.001	0.001	0.001	0.997
0.001	0.997	0.001	0.001
0.997	0.001	0.001	0.001
0.827	0.001	0.171	0.001
>AAGGAAAG	7-AAGGAAAG	4.977176	-9.453246	0	T:468.0(29.62%),B:391.5(23.71%),P:1e-4	Tpos:36.6,Tstd:19.7,Bpos:36.9,Bstd:19.6,StrandBias:0.3,Multiplicity:1.38
0.752	0.136	0.054	0.058
0.881	0.021	0.048	0.050
0.155	0.048	0.683	0.114
0.093	0.166	0.694	0.047
0.738	0.063	0.090	0.109
0.723	0.078	0.088	0.111
0.858	0.038	0.086	0.018
0.058	0.118	0.679	0.145
>GGTGGTGG	8-GGTGGTGG	7.046600	-8.742095	0	T:75.0(4.75%),B:39.4(2.39%),P:1e-3	Tpos:36.9,Tstd:20.0,Bpos:41.7,Bstd:22.3,StrandBias:0.8,Multiplicity:1.07
0.001	0.256	0.673	0.070
0.001	0.049	0.949	0.001
0.148	0.001	0.001	0.850
0.026	0.001	0.929	0.044
0.001	0.001	0.997	0.001
0.173	0.001	0.001	0.825
0.078	0.026	0.895	0.001
0.001	0.001	0.997	0.001
>ATATATAT	9-ATATATAT	7.292830	-4.279174	0	T:87.0(5.51%),B:63.3(3.84%),P:1e-1	Tpos:37.4,Tstd:19.4,Bpos:38.1,Bstd:21.2,StrandBias:-0.1,Multiplicity:1.38
0.880	0.042	0.077	0.001
0.188	0.001	0.001	0.810
0.927	0.071	0.001	0.001
0.001	0.001	0.001	0.997
0.883	0.001	0.001	0.115
0.071	0.001	0.001	0.927
0.997	0.001	0.001	0.001
0.124	0.001	0.001	0.874
