>CTGTAATCCC	1-CTGTAATCCC	8.081987	-30.144473	0	T:74.0(4.68%),B:11.9(0.72%),P:1e-13	Tpos:36.5,Tstd:19.2,Bpos:35.3,Bstd:20.5,StrandBias:0.0,Multiplicity:1.00
0.080	0.839	0.080	0.001
0.001	0.001	0.001	0.997
0.001	0.080	0.839	0.080
0.021	0.023	0.021	0.935
0.898	0.080	0.021	0.001
0.808	0.081	0.030	0.081
0.001	0.080	0.080	0.839
0.001	0.997	0.001	0.001
0.081	0.813	0.081	0.025
0.001	0.997	0.001	0.001
>CCTCAGCMWC	2-CCTCAGCMWC	6.858233	-24.155069	0	T:149.0(9.43%),B:62.9(3.81%),P:1e-10	Tpos:36.5,Tstd:18.8,Bpos:35.6,Bstd:16.9,StrandBias:-0.1,Multiplicity:1.05
0.001	0.599	0.001	0.399
0.039	0.959	0.001	0.001
0.040	0.038	0.001	0.921
0.057	0.730	0.057	0.156
0.548	0.001	0.096	0.355
0.001	0.067	0.727	0.205
0.057	0.799	0.106	0.038
0.498	0.364	0.001	0.138
0.480	0.059	0.040	0.421
0.177	0.741	0.081	0.001
>GCACGGTGGC	3-GCACGGTGGC	7.574414	-22.082306	0	T:49.0(3.10%),B:6.4(0.39%),P:1e-9	Tpos:33.7,Tstd:18.3,Bpos:46.3,Bstd:18.9,StrandBias:0.0,Multiplicity:1.02
0.001	0.001	0.997	0.001
0.001	0.997	0.001	0.001
0.777	0.001	0.178	0.044
0.001	0.666	0.001	0.332
0.221	0.001	0.777	0.001
0.001	0.043	0.955	0.001
0.001	0.001	0.001	0.997
0.001	0.001	0.997	0.001
0.001	0.001	0.997	0.001
0.001	0.955	0.001	0.043
>AGCTACTCGG	4-AGCTACTCGG	8.965067	-18.034343	0	T:40.0(2.53%),B:5.9(0.35%),P:1e-7	Tpos:37.1,Tstd:20.2,Bpos:26.8,Bstd:21.1,StrandBias:0.4,Multiplicity:1.00
0.961	0.001	0.037	0.001
0.038	0.001	0.923	0.038
0.037	0.961	0.001	0.001
0.038	0.116	0.001	0.845
0.730	0.076	0.078	0.116
0.038	0.848	0.038	0.076
0.114	0.038	0.038	0.810
0.154	0.527	0.038	0.281
0.128	0.038	0.645	0.189
0.114	0.038	0.810	0.038
>GAAATGTCAT	5-GAAATGTCAT	8.087514	-17.990459	0	T:32.0(2.03%),B:2.9(0.17%),P:1e-7	Tpos:41.1,Tstd:17.9,Bpos:20.9,Bstd:6.3,StrandBias:0.2,Multiplicity:1.00
0.111	0.063	0.666	0.160
0.838	0.037	0.026	0.099
0.829	0.061	0.061	0.049
0.864	0.074	0.037	0.025
0.038	0.025	0.025	0.912
0.086	0.075	0.715	0.124
0.075	0.099	0.074	0.752
0.124	0.812	0.039	0.025
0.828	0.074	0.012	0.086
0.050	0.098	0.050	0.802
>TAGCTAGAAK	6-TAGCTAGAAK	7.559732	-17.528752	0	T:54.0(3.42%),B:12.8(0.78%),P:1e-7	Tpos:41.7,Tstd:20.5,Bpos:43.0,Bstd:15.1,StrandBias:0.1,Multiplicity:1.00
0.188	0.238	0.001	0.573
0.906	0.001	0.092	0.001
0.001	0.402	0.596	0.001
0.143	0.646	0.001	0.210
0.050	0.237	0.001	0.712
0.695	0.001	0.001	0.303
0.187	0.001	0.643	0.169
0.906	0.001	0.001	0.092
0.787	0.119	0.001	0.093
0.072	0.117	0.340	0.472
>TGGACATTTT	7-TGGACATTTT	9.567931	-16.813413	0	T:38.0(2.41%),B:5.0(0.30%),P:1e-7	Tpos:30.1,Tstd:20.6,Bpos:41.2,Bstd:23.9,StrandBias:-0.3,Multiplicity:1.03
0.001	0.001	0.001	0.997
0.210	0.001	0.625	0.164
0.097	0.001	0.697	0.205
0.997	0.001	0.001	0.001
0.001	0.727	0.001	0.271
0.686	0.001	0.001	0.312
0.001	0.001	0.001	0.997
0.001	0.001	0.040	0.958
0.001	0.001	0.001	0.997
0.082	0.001	0.246	0.671
>CATCATTTAM	8-CATCATTTAM	8.696301	-15.998610	0	T:29.0(1.84%),B:2.5(0.15%),P:1e-6	Tpos:43.0,Tstd:21.0,Bpos:36.4,Bstd:23.8,StrandBias:-0.2,Multiplicity:1.03
0.001	0.997	0.001	0.001
0.944	0.054	0.001	0.001
0.068	0.054	0.109	0.769
0.001	0.781	0.001	0.217
0.997	0.001	0.001	0.001
0.001	0.054	0.001	0.944
0.054	0.054	0.006	0.886
0.068	0.054	0.001	0.877
0.715	0.068	0.163	0.054
0.441	0.490	0.014	0.054
>AGATGGGAAC	9-AGATGGGAAC	7.282916	-14.757919	0	T:43.0(2.72%),B:9.4(0.57%),P:1e-6	Tpos:35.6,Tstd:16.7,Bpos:28.4,Bstd:20.6,StrandBias:-0.1,Multiplicity:1.00
0.910	0.001	0.052	0.037
0.070	0.124	0.754	0.052
0.822	0.089	0.054	0.035
0.035	0.070	0.087	0.808
0.052	0.017	0.861	0.070
0.087	0.017	0.774	0.122
0.070	0.037	0.788	0.105
0.789	0.087	0.054	0.070
0.841	0.037	0.052	0.070
0.087	0.682	0.126	0.105
>TCTAATGTGT	10-TCTAATGTGT	9.534345	-14.369164	0	T:20.0(1.27%),B:0.9(0.05%),P:1e-6	Tpos:38.7,Tstd:24.0,Bpos:45.0,Bstd:0.0,StrandBias:-0.3,Multiplicity:1.00
0.076	0.001	0.001	0.922
0.077	0.845	0.001	0.077
0.001	0.076	0.001	0.922
0.922	0.001	0.001	0.076
0.922	0.076	0.001	0.001
0.001	0.001	0.001	0.997
0.153	0.001	0.845	0.001
0.001	0.001	0.001	0.997
0.001	0.077	0.768	0.154
0.076	0.001	0.001	0.922
>GCCAGSCTGG	11-GCCAGSCTGG	7.290222	-13.135110	0	T:76.0(4.81%),B:31.7(1.92%),P:1e-5	Tpos:38.3,Tstd:19.4,Bpos:33.3,Bstd:18.7,StrandBias:-0.2,Multiplicity:1.11
0.042	0.217	0.590	0.151
0.001	0.915	0.083	0.001
0.148	0.766	0.085	0.001
0.553	0.170	0.001	0.276
0.224	0.001	0.479	0.296
0.001	0.483	0.515	0.001
0.185	0.536	0.001	0.278
0.166	0.084	0.256	0.493
0.001	0.024	0.974	0.001
0.001	0.001	0.829	0.169
>GAACTTATTT	12-GAACTTATTT	10.162347	-12.622882	0	T:21.0(1.33%),B:1.8(0.11%),P:1e-5	Tpos:38.9,Tstd:20.6,Bpos:56.0,Bstd:0.0,StrandBias:0.4,Multiplicity:1.00
0.001	0.064	0.934	0.001
0.934	0.064	0.001	0.001
0.972	0.001	0.001	0.026
0.065	0.740	0.065	0.130
0.064	0.001	0.001	0.934
0.065	0.065	0.001	0.869
0.934	0.064	0.001	0.001
0.001	0.001	0.064	0.934
0.065	0.001	0.065	0.869
0.001	0.064	0.001	0.934
>AATGAACAAG	13-AATGAACAAG	8.280081	-12.622882	0	T:21.0(1.33%),B:2.0(0.12%),P:1e-5	Tpos:35.0,Tstd:16.6,Bpos:53.8,Bstd:3.4,StrandBias:0.6,Multiplicity:1.05
0.813	0.047	0.078	0.062
0.889	0.001	0.077	0.033
0.095	0.031	0.080	0.794
0.047	0.078	0.795	0.080
0.782	0.047	0.078	0.093
0.811	0.064	0.078	0.047
0.064	0.732	0.126	0.078
0.766	0.109	0.047	0.078
0.858	0.047	0.031	0.064
0.157	0.016	0.780	0.047
>CCTTTCAAAG	14-CCTTTCAAAG	8.132269	-12.403762	0	T:59.0(3.73%),B:21.5(1.30%),P:1e-5	Tpos:32.4,Tstd:19.3,Bpos:41.4,Bstd:19.4,StrandBias:0.0,Multiplicity:1.00
0.161	0.602	0.183	0.054
0.004	0.807	0.001	0.188
0.104	0.082	0.001	0.813
0.030	0.179	0.001	0.790
0.052	0.155	0.026	0.767
0.004	0.777	0.192	0.027
0.816	0.001	0.001	0.182
0.947	0.001	0.026	0.026
0.895	0.001	0.026	0.078
0.052	0.083	0.813	0.052
>TCCCAAGAAT	15-TCCCAAGAAT	7.779094	-11.440448	0	T:22.0(1.39%),B:2.6(0.16%),P:1e-4	Tpos:37.3,Tstd:17.8,Bpos:46.4,Bstd:3.9,StrandBias:-0.3,Multiplicity:1.00
0.053	0.073	0.073	0.801
0.071	0.730	0.091	0.108
0.106	0.770	0.035	0.089
0.037	0.857	0.035	0.071
0.803	0.072	0.001	0.124
0.874	0.001	0.072	0.053
0.071	0.037	0.801	0.091
0.839	0.073	0.035	0.053
0.751	0.089	0.071	0.089
0.108	0.020	0.071	0.801
>TGTGTKTKTK	16-TGTGTKTKTK	7.652632	-8.911133	0	T:127.0(8.04%),B:80.8(4.89%),P:1e-3	Tpos:39.8,Tstd:17.9,Bpos:39.5,Bstd:18.1,StrandBias:-0.9,Multiplicity:1.11
0.001	0.001	0.001	0.997
0.001	0.001	0.621	0.377
0.001	0.001	0.001	0.997
0.072	0.001	0.872	0.055
0.001	0.001	0.001	0.997
0.039	0.103	0.443	0.415
0.001	0.001	0.001	0.997
0.039	0.001	0.467	0.493
0.001	0.001	0.001	0.997
0.195	0.001	0.359	0.446
>AAGGAAAGAA	17-AAGGAAAGAA	8.058277	-8.790018	0	T:63.0(3.99%),B:30.5(1.85%),P:1e-3	Tpos:35.1,Tstd:18.8,Bpos:36.1,Bstd:19.1,StrandBias:0.7,Multiplicity:1.35
0.716	0.129	0.154	0.001
0.867	0.082	0.050	0.001
0.052	0.001	0.944	0.003
0.149	0.001	0.720	0.130
0.822	0.152	0.025	0.001
0.740	0.102	0.054	0.104
0.611	0.001	0.363	0.025
0.001	0.105	0.819	0.075
0.726	0.001	0.248	0.025
0.794	0.179	0.001	0.026
>ATTTATATAT	18-ATTTATATAT	10.314286	-7.046466	0	T:37.0(2.34%),B:16.0(0.97%),P:1e-3	Tpos:38.5,Tstd:18.1,Bpos:38.0,Bstd:17.9,StrandBias:0.1,Multiplicity:1.41
0.515	0.137	0.001	0.347
0.001	0.001	0.001	0.997
0.387	0.001	0.001	0.611
0.214	0.001	0.001	0.784
0.997	0.001	0.001	0.001
0.166	0.001	0.001	0.832
0.997	0.001	0.001	0.001
0.001	0.001	0.001	0.997
0.713	0.001	0.001	0.285
0.001	0.001	0.001	0.997
