>CAGCTACTTGGG	1-CAGCTACTTGGG	9.267228	-27.414013	0	T:38.0(2.41%),B:0.7(0.04%),P:1e-11	Tpos:37.0,Tstd:18.3,Bpos:15.0,Bstd:0.0,StrandBias:0.3,Multiplicity:1.00
0.001	0.997	0.001	0.001
0.997	0.001	0.001	0.001
0.106	0.001	0.892	0.001
0.001	0.997	0.001	0.001
0.001	0.001	0.001	0.997
0.997	0.001	0.001	0.001
0.001	0.786	0.001	0.212
0.213	0.001	0.106	0.680
0.005	0.405	0.001	0.589
0.258	0.001	0.629	0.112
0.001	0.106	0.892	0.001
0.001	0.001	0.892	0.106
>GGCAYDKTGVTG	2-GGCAYDKTGVTG	7.125212	-20.951318	0	T:79.0(5.00%),B:23.0(1.39%),P:1e-9	Tpos:32.5,Tstd:16.6,Bpos:35.4,Bstd:19.9,StrandBias:0.0,Multiplicity:1.03
0.061	0.001	0.906	0.032
0.032	0.092	0.847	0.029
0.031	0.874	0.003	0.092
0.688	0.061	0.130	0.121
0.060	0.430	0.089	0.422
0.300	0.001	0.304	0.395
0.029	0.090	0.468	0.413
0.059	0.001	0.091	0.849
0.032	0.058	0.850	0.060
0.355	0.238	0.378	0.029
0.029	0.276	0.240	0.455
0.243	0.029	0.477	0.250
>GGATTACAGGTA	3-GGATTACAGGTA	8.622005	-19.328598	0	T:34.0(2.15%),B:2.9(0.18%),P:1e-8	Tpos:29.4,Tstd:16.6,Bpos:51.2,Bstd:7.6,StrandBias:-0.3,Multiplicity:1.00
0.163	0.050	0.637	0.150
0.167	0.083	0.609	0.141
0.678	0.085	0.111	0.126
0.130	0.080	0.085	0.705
0.106	0.095	0.135	0.664
0.654	0.126	0.085	0.135
0.150	0.666	0.095	0.089
0.803	0.039	0.028	0.130
0.130	0.037	0.677	0.156
0.148	0.100	0.604	0.148
0.135	0.122	0.122	0.621
0.684	0.072	0.120	0.124
>CAAAYAMACAAA	4-CAAAYAMACAAA	6.829642	-15.754770	0	T:124.0(7.85%),B:60.9(3.69%),P:1e-6	Tpos:38.3,Tstd:17.4,Bpos:39.1,Bstd:18.7,StrandBias:1.2,Multiplicity:1.08
0.191	0.762	0.001	0.046
0.995	0.003	0.001	0.001
0.530	0.380	0.043	0.047
0.956	0.042	0.001	0.001
0.004	0.549	0.043	0.404
0.993	0.003	0.001	0.003
0.510	0.391	0.001	0.098
0.946	0.007	0.046	0.001
0.046	0.867	0.001	0.086
0.984	0.012	0.001	0.003
0.530	0.206	0.263	0.001
0.904	0.001	0.003	0.092
>GGNKGAGGCAGG	5-GGNKGAGGCAGG	9.015631	-15.359282	0	T:48.0(3.04%),B:11.8(0.72%),P:1e-6	Tpos:36.6,Tstd:18.0,Bpos:34.3,Bstd:18.7,StrandBias:0.7,Multiplicity:1.00
0.075	0.029	0.804	0.092
0.115	0.086	0.782	0.017
0.282	0.259	0.191	0.268
0.178	0.017	0.366	0.439
0.098	0.029	0.850	0.023
0.533	0.001	0.346	0.120
0.189	0.001	0.713	0.097
0.109	0.109	0.781	0.001
0.184	0.439	0.213	0.164
0.612	0.080	0.121	0.187
0.115	0.017	0.811	0.057
0.081	0.072	0.841	0.006
>AATTTTTAAAAW	6-AATTTTTAAAAW	7.711702	-12.294217	0	T:153.0(9.68%),B:91.8(5.56%),P:1e-5	Tpos:33.2,Tstd:18.0,Bpos:37.3,Bstd:16.6,StrandBias:0.2,Multiplicity:1.03
0.517	0.121	0.026	0.336
0.557	0.133	0.052	0.258
0.340	0.013	0.013	0.634
0.185	0.056	0.069	0.690
0.147	0.004	0.026	0.823
0.047	0.004	0.009	0.940
0.125	0.035	0.047	0.793
0.625	0.069	0.052	0.254
0.880	0.034	0.017	0.069
0.781	0.021	0.009	0.189
0.724	0.039	0.030	0.207
0.496	0.030	0.125	0.349
>TWTATATATATW	7-TWTATATATATW	11.396529	-9.929955	0	T:17.0(1.08%),B:1.2(0.07%),P:1e-4	Tpos:38.3,Tstd:16.8,Bpos:5.0,Bstd:0.0,StrandBias:0.3,Multiplicity:1.47
0.333	0.060	0.001	0.606
0.452	0.121	0.120	0.307
0.001	0.001	0.001	0.997
0.722	0.001	0.001	0.276
0.001	0.120	0.001	0.878
0.755	0.001	0.030	0.214
0.001	0.001	0.001	0.997
0.812	0.001	0.001	0.186
0.001	0.029	0.001	0.969
0.774	0.001	0.061	0.164
0.001	0.001	0.001	0.997
0.567	0.001	0.001	0.431
>GAAARRAARGAA	8-GAAARRAARGAA	10.899360	-4.267828	0	T:36.0(2.28%),B:20.3(1.23%),P:1e-1	Tpos:34.5,Tstd:18.9,Bpos:35.1,Bstd:19.4,StrandBias:1.1,Multiplicity:1.20
0.301	0.124	0.574	0.001
0.782	0.001	0.216	0.001
0.997	0.001	0.001	0.001
0.727	0.001	0.183	0.089
0.361	0.001	0.470	0.168
0.477	0.001	0.521	0.001
0.957	0.001	0.041	0.001
0.955	0.001	0.043	0.001
0.432	0.001	0.566	0.001
0.308	0.001	0.690	0.001
0.780	0.044	0.175	0.001
0.996	0.002	0.001	0.001
